VR1,VR2,VR3,VR4,VR5,VR6
2.425538679946116716e+00,2.943468656618942081e+00,4.969150955030936956e+00,4.283910062737652069e+00,3.107216920300892582e+00,4.230295431678831264e+00
2.373701496014851919e+00,3.108111591613898383e+00,4.982629143913123393e+00,4.306306562857941778e+00,3.113054979657589705e+00,4.163949374439189555e+00
2.529454027021879714e+00,3.183293181679001105e+00,4.956304268727924622e+00,4.206690726662006163e+00,3.161965997488565439e+00,4.472447681271572328e+00
2.380220767663104198e+00,3.181426102339509843e+00,5.245770029290103942e+00,4.212330165525912662e+00,3.394684040199427599e+00,4.350521654260113280e+00
2.298006151359931692e+00,3.093834880053864644e+00,4.773398966642997010e+00,4.098797415661054266e+00,3.348703505827816507e+00,4.256414531796838041e+00
2.455278933078642645e+00,3.157823953214499380e+00,4.907077331394578579e+00,4.107178968147128906e+00,3.222222519300894650e+00,4.246024936222282165e+00
2.404734254426279971e+00,3.028378065400809671e+00,5.187519435675215007e+00,3.956016381376995739e+00,3.067290725531411688e+00,4.360868332257986424e+00
2.407784608741480703e+00,2.998839267350193794e+00,4.952874104183687898e+00,3.979025584064797005e+00,3.235096115026040220e+00,4.245887144654806100e+00
2.373654942253744959e+00,3.013927178355539027e+00,5.050281361254336687e+00,4.187274056582944937e+00,3.318425338221270948e+00,4.235576229770851242e+00
2.486137606974690772e+00,3.068522087302548496e+00,5.016494097463350066e+00,4.028102438907723126e+00,3.305939048959328552e+00,4.070923757926774300e+00
2.528968627890376020e+00,2.983315107371388386e+00,5.150930673437136065e+00,4.134685830842133036e+00,3.374042374984862924e+00,4.261707050275092890e+00
2.544869083397568232e+00,2.796618209381537490e+00,5.148499275683600551e+00,4.104014358966156628e+00,3.239914789791015437e+00,4.376817885563838217e+00
2.324391041455616147e+00,2.874621638823619652e+00,4.994225494538519605e+00,3.954424174164274053e+00,3.133851361588935180e+00,4.276049829715983464e+00
2.599451206404280956e+00,2.861379565257041513e+00,4.754569784692168177e+00,3.990275837845162599e+00,3.098433452536679678e+00,4.229151285420829964e+00
2.420739970810151132e+00,3.121034114377933655e+00,4.975578741547576733e+00,4.187265074712795077e+00,3.397188243148963949e+00,3.910085557597001493e+00
2.414016500006547883e+00,3.205261825361242600e+00,5.166285452506622633e+00,3.940989713262457617e+00,3.335444100333329498e+00,4.324827563236294914e+00
2.530949964034242328e+00,2.887441249187672199e+00,4.966124949779817221e+00,3.985210830503357560e+00,3.119568921672273731e+00,4.194800616566837448e+00
2.375836674057789644e+00,3.085780539605196715e+00,4.935084321013041730e+00,4.056644865966831048e+00,3.314568469650787996e+00,4.184550661510667346e+00
2.320630102858298738e+00,3.300594327346098478e+00,5.029492845930619183e+00,3.974233811637795988e+00,3.115922373690203084e+00,4.282542023634139383e+00
2.463304415012121940e+00,3.129264648364090462e+00,4.850722321490578359e+00,4.128092114588792327e+00,3.309119189237445635e+00,4.242636630111854323e+00
2.367096159634897390e+00,2.954448070217326805e+00,5.240148539134223071e+00,4.278279366335663525e+00,3.192884006734125535e+00,4.363952066984718492e+00
2.109319498125609815e+00,2.892439547578846692e+00,5.167450543607233548e+00,4.286333841625950214e+00,3.227325402284788147e+00,4.563863671913667375e+00
2.288801250178850832e+00,2.956117977300834809e+00,5.381978724173274387e+00,4.317402060742321801e+00,3.240013581143833310e+00,4.694594195464246056e+00
2.022616973743833757e+00,3.123281100303715530e+00,5.234352762047988605e+00,4.145923960751893844e+00,3.137493742427247767e+00,4.584572816228480008e+00
2.354003888739724992e+00,3.237336142180416765e+00,4.696746739381995717e+00,3.843283982823776590e+00,3.015848680405440074e+00,4.234633270785594483e+00
2.575750227374429269e+00,3.037298297160256233e+00,4.977151753522312205e+00,3.908801290106929560e+00,3.012748464575810470e+00,4.185894882560467600e+00
2.714214005243588357e+00,3.138376667169752388e+00,5.154300494137658006e+00,4.177240431532356801e+00,3.595419646611291320e+00,4.236819329004915424e+00
2.620856639743029959e+00,2.951747582686109261e+00,5.111117360933902454e+00,3.791898786042616543e+00,3.075183865593469790e+00,4.219259050742346417e+00
2.250199988814050034e+00,2.989693254608941864e+00,5.222557594698842287e+00,4.134593695004791236e+00,3.369149703653256278e+00,4.318948967956028895e+00
2.453773759706637136e+00,3.164703183648664542e+00,5.140886635905395963e+00,4.235614905607359759e+00,3.102056079912270281e+00,4.572531273610743519e+00
2.320725180831995971e+00,3.190725364781043627e+00,5.131352324114883956e+00,4.261690512816938003e+00,3.275031837177530214e+00,4.457650953026947249e+00
2.515206948821048893e+00,3.118649409707358267e+00,5.080511233502929436e+00,4.034244216277778960e+00,2.994556456386274768e+00,4.409734597027260783e+00
2.408296175099335468e+00,2.985748624557186481e+00,4.905690468500865542e+00,4.221943925156012689e+00,3.313310351908709706e+00,4.494017795279060756e+00
2.143464656325008377e+00,3.114053028425758818e+00,5.045998487015544320e+00,4.056550949017709407e+00,3.094442362443893479e+00,4.476905821450150036e+00
2.448977921263376878e+00,2.788890459395776400e+00,5.200195131040070251e+00,3.982139812132286405e+00,3.260781523324848052e+00,4.438180775711432879e+00
2.200454703289516978e+00,2.934321601510903488e+00,5.291587386410403937e+00,4.350900429842248229e+00,3.420860897409090828e+00,4.158411290408714933e+00
2.399831882485286449e+00,3.115154216209622184e+00,5.191047421108268445e+00,4.181196019359155969e+00,3.294762489542363948e+00,4.183877923697204793e+00
2.349840289176325037e+00,2.954948917493232852e+00,4.908864176941353463e+00,4.046965873235182976e+00,3.242198330839519915e+00,4.326621911885145444e+00
2.294663223544457065e+00,2.927204739311091597e+00,5.014138519471831756e+00,3.925898066379116980e+00,2.932108830507019537e+00,4.384508701927404495e+00
2.427514744728576535e+00,2.893892983345234260e+00,5.092966221991848563e+00,4.130023300850821144e+00,3.352775710515486729e+00,4.253779582796277658e+00
2.498198145706119089e+00,2.932346670929460331e+00,4.777762895720301550e+00,4.146314903489906278e+00,3.282115538686730893e+00,4.284673139416348420e+00
2.429857130522828257e+00,3.173571218151632678e+00,5.188925451568572100e+00,4.109937322070290833e+00,3.163690166266583503e+00,4.313795952966636982e+00
2.298634966298678250e+00,2.986903731115859273e+00,5.003189256454851019e+00,4.141522220397221510e+00,3.427866831611418696e+00,4.159736532204266979e+00
2.292494819144475837e+00,3.023830897003403795e+00,5.033295528469451163e+00,3.989556667308848059e+00,3.134507812752000078e+00,4.388976786445512701e+00
2.324068970436046655e+00,2.875824555383793779e+00,4.896678114847086150e+00,4.004609421936648594e+00,3.270352710925856776e+00,4.146253192777654029e+00
2.469258430622221390e+00,2.904693569891469984e+00,5.133468306286989247e+00,4.100242454363052680e+00,3.095170149644951962e+00,4.168978238021257887e+00
2.196726407132266967e+00,3.137213072006604264e+00,4.853159658653922293e+00,4.168383696147321515e+00,3.025244859532141728e+00,4.226790271449131886e+00
2.422579272365152470e+00,2.822407218190325917e+00,4.771928019754278161e+00,4.138835159804653330e+00,2.962790191949227658e+00,4.297112960646940927e+00
2.265284581625990779e+00,2.865955444279263631e+00,5.061298928485290283e+00,4.274132209121789927e+00,3.220062992371099053e+00,4.186661209775551562e+00
2.240403433862936833e+00,2.999288188905315344e+00,5.099896294444622669e+00,4.148873358704305403e+00,3.161471060828984658e+00,4.403456421180274916e+00
2.560481907761992915e+00,2.991318646399598435e+00,5.169652874272798293e+00,4.170450858548544026e+00,3.300753198121545218e+00,4.443127211610828020e+00
2.521735816903168725e+00,2.965086831864018890e+00,5.084797126856111404e+00,4.089788705006476732e+00,3.327094478230681052e+00,4.361857521692691364e+00
2.045224322862214006e+00,2.858991075008821436e+00,5.107134187095398126e+00,4.222261507980765494e+00,3.384133276716340788e+00,4.322006400872759002e+00
2.106961226194684844e+00,3.001630755653734273e+00,5.169428950514363130e+00,4.083697456255760194e+00,3.326542894803360184e+00,4.271561785058143101e+00
2.347701777298614623e+00,3.015085103612987538e+00,5.072169440866804990e+00,4.252704757425009419e+00,3.370750956968259437e+00,4.200109951062404257e+00
2.486145893557331732e+00,2.868999483171712050e+00,5.229679680166895217e+00,4.240935131010556525e+00,3.380911307605491523e+00,4.295866426854832554e+00
2.264227057975189084e+00,2.897209807712758156e+00,5.022518414883308857e+00,3.964182845490125562e+00,3.149769042171829181e+00,4.411350863195009353e+00
2.326130273401055604e+00,3.040015461931960594e+00,5.157039492696450012e+00,3.831984412687048813e+00,2.992958780140615893e+00,4.489578434767832249e+00
2.420798371068893395e+00,3.172767981380395508e+00,4.753571362723789662e+00,4.072432074022931836e+00,2.938866208225077603e+00,4.242239304880115469e+00
2.490169413786228692e+00,3.020335504188593756e+00,5.312862803210448348e+00,4.114037750638387614e+00,3.195786100499161453e+00,4.353770389555106313e+00
2.424561276421790978e+00,3.144593831682437557e+00,5.349145971138974609e+00,4.262733588365205328e+00,3.516348061512858614e+00,4.477252227723731437e+00
2.162494093203474410e+00,3.025065692101153836e+00,5.053902554111667556e+00,4.157066734235149497e+00,2.992431258743589506e+00,4.571628097187257822e+00
2.139438202199654082e+00,3.039037677479026645e+00,4.871750230317436703e+00,3.946410727697549969e+00,3.149956983717751235e+00,4.527239835689066183e+00
2.395677789807654001e+00,3.125061444415758949e+00,4.908933961531411150e+00,4.166634052289032830e+00,3.203102824467339182e+00,4.361025870767846868e+00
2.398574339109896147e+00,3.349554547133200888e+00,4.847456502490888219e+00,4.156212128570866859e+00,3.215325830699568233e+00,4.316276592663448319e+00
2.555997992577656586e+00,2.874393294137875809e+00,4.657143004448525581e+00,4.010143303590978370e+00,3.108230370478707982e+00,4.162471943679536324e+00
2.357489156018435228e+00,3.003362818706337922e+00,5.287519241673571457e+00,4.250217342573319179e+00,3.320150183152091650e+00,4.335548251582229895e+00
2.254830520856371479e+00,3.216675342934690818e+00,5.165873655653848040e+00,4.063515814243558566e+00,3.193043319090837162e+00,4.078203677620721557e+00
2.348020023866022044e+00,3.041200606127296258e+00,4.810265617037416064e+00,3.887949775483834358e+00,3.188766073552038005e+00,4.102022782160902992e+00
2.544018385948548566e+00,3.062074508820464391e+00,4.916572064336389047e+00,4.035293706605995290e+00,3.186657015138674609e+00,4.238485788695589562e+00
2.188387211952676825e+00,2.899636428357581508e+00,5.068733578258044048e+00,3.994345691132132004e+00,3.172587866715338656e+00,4.306789941593785365e+00
2.222727341752612329e+00,2.857115296151649719e+00,4.898922130657918927e+00,4.154704366390451931e+00,3.300165394310205613e+00,4.285622421216841005e+00
2.324539356087379716e+00,3.115597253581880111e+00,5.304209009234603478e+00,3.810522146582898007e+00,3.037861496907964032e+00,4.372575312199938224e+00
2.206251695791353828e+00,3.103489719222696230e+00,4.757003366914592135e+00,3.868219303560157751e+00,2.955565979111391073e+00,3.988691641678483446e+00
2.438867849421096690e+00,3.141532490639201480e+00,5.111364213725270389e+00,4.082020001592693070e+00,3.228952432159296393e+00,4.165745780492701833e+00
