VR1,VR2,VR3,VR4,VR5,VR6
3.654197532767540224e+00,3.294529617429843960e+00,4.500441064030797911e+00,4.465794501820601781e+00,2.462539997635108779e+00,5.610187503241953699e+00
2.147354779607262287e+00,2.629744815830587612e+00,5.688162853851491896e+00,4.770408418352583446e+00,2.211535138172632919e+00,4.501409121922271162e+00
2.107021435590587632e+00,1.250673108928453292e+00,4.817004518661771151e+00,2.869903538566296763e+00,2.015393697186712796e+00,4.672820049880368032e+00
1.895293805581438562e+00,6.291213158025565910e-01,6.832120045429313393e+00,2.986373536611972579e+00,5.670427375177943929e+00,5.114021124067793522e+00
2.484302076975509088e+00,4.231735337082326964e+00,5.445002042405112874e+00,1.303224076842353085e+00,4.856852465578072042e+00,2.269923484094039434e+00
4.031206286677502248e+00,3.052270401947345224e+00,2.746370594219917027e+00,2.993683520999931957e+00,3.531345463049333944e+00,4.279442708482523727e+00
7.546878589297181250e-01,2.488719881435016656e+00,5.569314506266479725e+00,3.853348049243414231e+00,4.847520667194256561e+00,3.931332211507778673e+00
2.488590550001950508e+00,2.784754714381229235e+00,3.069879133396681503e+00,1.861727675545550298e+00,1.325196284996916107e+00,2.534237404484731115e+00
3.619616209495355452e+00,4.790525569434353592e+00,5.661713853214122238e+00,2.491205560851287526e+00,5.392535513343794662e+00,1.127892690694979105e+00
2.611120443538799130e-01,1.834625144295720212e+00,5.652467802431680788e+00,4.952916221346409742e+00,4.075085396295108353e+00,4.315507179186735875e+00
4.369180552589819300e+00,1.706243431944390654e+00,5.193392190551317178e+00,5.930059477822267056e+00,2.406592971764537570e+00,4.590187701152618871e+00
0.000000000000000000e+00,0.000000000000000000e+00,0.000000000000000000e+00,0.000000000000000000e+00,0.000000000000000000e+00,0.000000000000000000e+00
3.764133405599185522e+00,1.762747432749057985e+00,4.883197831473176542e+00,4.403336707116616289e+00,3.753526636038412523e+00,5.270648416025441207e+00
4.184695525086580048e+00,2.995308435749660880e+00,3.005762538817554841e+00,3.464549253822279962e+00,3.086165363577368925e+00,4.544985801376530965e+00
4.795988491576355095e-01,3.444636374305141135e+00,5.176038840963020249e+00,3.205338424468874070e+00,5.097581241694599363e+00,3.545707742446914335e+00
3.864314933875244051e+00,2.387554891987306860e+00,4.637003861648210545e+00,3.524890323055736019e+00,1.134976870671866145e+00,5.250960757676297774e+00
9.984947967498500887e-01,1.698159543550544548e+00,4.120130781983046830e+00,5.112283054298227825e+00,4.730172857776981488e+00,5.334334018050196136e+00
2.420118476860509293e+00,5.064753905169672166e-01,3.878878959213449384e+00,3.825678852445897782e+00,9.903131984911741625e-01,3.912658759956528787e+00
2.501034160973526266e+00,1.867251939739501099e+00,2.557409737337990929e+00,4.922983508253979679e+00,3.004451948516846382e+00,4.415590722855794681e+00
1.702888962345196378e+00,1.472552035363396961e+00,4.963324929760933202e+00,4.455918422844088234e+00,4.960007112688463060e+00,4.723920542071004647e+00
0.000000000000000000e+00,0.000000000000000000e+00,0.000000000000000000e+00,0.000000000000000000e+00,0.000000000000000000e+00,0.000000000000000000e+00
0.000000000000000000e+00,0.000000000000000000e+00,0.000000000000000000e+00,0.000000000000000000e+00,0.000000000000000000e+00,0.000000000000000000e+00
9.254477846860400536e-01,1.433263782365594707e+00,7.498822776919197075e+00,4.154634356710068310e+00,4.081836811887631811e+00,4.442840590318067662e+00
3.980873741983625536e+00,8.210324739116092729e-02,5.867442770407414798e+00,4.889445632438997436e+00,1.608887099682693611e+00,4.568951371065260503e+00
1.883168328350325549e+00,7.663380945329523186e-02,6.291089898631635258e+00,6.999788132428845344e+00,3.891698061665297637e+00,4.812375604638146953e+00
1.790843124510026030e+00,3.784035310416486997e+00,5.271510461336772480e+00,5.187705293160806086e+00,5.501281753277906361e+00,3.817245772871824094e+00
1.790794203976778576e+00,2.056173958816966962e+00,5.610610036671383583e+00,2.081102464373523198e+00,5.352914819917192979e+00,3.319975892384546157e+00
3.227417319161522968e+00,1.355258672152065191e+00,5.074842661008064582e+00,3.549598469857518257e+00,4.047992986534137749e+00,5.365503186578362005e+00
2.596804940937319284e+00,1.355783267944440595e+00,4.768146693804041547e+00,3.097778764550544572e+00,2.346174665870787379e+00,5.507940507674811137e+00
8.940621889013591339e-01,2.139462882699347368e+00,3.475251720908641317e+00,2.880756822832389652e+00,3.374160067808502195e+00,2.070161106855803901e+00
3.944308753852668215e+00,1.936736492196792447e+00,5.187084091358665106e+00,3.820576332805382336e+00,4.623164250298382960e+00,4.696803525948041624e+00
9.158795336398370956e-01,2.003266600885276638e+00,6.926751959360800903e+00,4.331954129150975774e+00,5.728345608765435415e+00,5.972962214428605421e+00
1.689058418105120474e-01,2.192542562832503261e+00,5.307964383907176398e+00,3.853077388615311349e+00,2.549329396214258026e+00,2.662719570668327762e+00
1.955549882893426572e+00,2.001075773497194898e+00,5.313732855137735633e+00,4.284211663457734076e+00,3.661503413235469129e+00,3.235136962897114721e+00
3.629887990726657243e+00,3.830768193030451130e+00,7.204294091965305569e+00,3.146749504572576406e+00,4.804764604814730333e+00,2.126207630061286658e+00
3.966146180082283479e+00,3.681119247210068224e+00,5.040702770922043996e+00,7.998578548546273481e-01,2.097483243392204599e+00,1.859033829149949746e+00
4.127790042601336751e+00,4.112321187507742337e+00,2.789809147309536552e+00,1.820268611555517779e+00,2.753119175198921909e+00,2.598294831202905719e+00
3.325021564649300210e+00,5.253626408931259206e+00,5.217164801070662605e+00,3.820656949977333738e+00,3.303214785148215871e+00,2.143769059068645788e+00
2.844433967371224004e+00,6.688179841127050551e+00,7.195140749772114930e+00,3.243135423484011959e+00,4.154557146658422795e+00,2.535060577170805018e+00
5.856830326987941149e+00,7.483339189713356987e+00,6.270701125576861656e+00,5.021205257387232557e+00,3.103328248479724216e+00,1.664538868939851923e+00
2.106170778799785648e+00,6.783447802304316099e+00,7.622476276480763424e+00,2.181487638176597077e+00,3.572971521362147573e+00,8.654064492891677673e-01
1.829599106950646537e+00,4.393841140069128848e+00,4.276955922940796739e+00,2.729438793838657951e+00,2.329757107227863777e+00,3.598618254363517011e-01
2.563717687929667477e+00,4.371123296793962609e+00,4.846539356186579717e+00,2.840161024849358284e+00,4.703462814055686891e+00,2.136225284475910424e+00
2.427236019102426035e+00,3.428240810586730358e+00,4.645652585826508307e+00,2.792915399683570943e+00,2.698092280839003543e+00,1.682929164230859698e-01
0.000000000000000000e+00,0.000000000000000000e+00,0.000000000000000000e+00,0.000000000000000000e+00,0.000000000000000000e+00,0.000000000000000000e+00
4.081456388016583503e+00,3.490923552478813363e+00,3.092463713353041044e+00,4.614700468141690770e+00,8.659974678425275130e-02,3.509084958667959775e+00
4.997825550016667506e+00,4.018293524361608249e+00,2.772567701940556795e+00,5.980270599998140035e+00,1.644894529366093705e+00,4.268851081859856400e+00
4.731721772235351509e+00,3.108456890270729467e+00,5.262843743048650325e+00,4.744953819321776400e+00,3.311362301626679994e+00,5.879577218210291001e+00
2.900589340211452871e+00,9.709722718775011252e-01,5.463941211366980077e+00,5.796720339459991322e+00,3.666714519725303045e+00,7.242140433676800271e+00
2.952343474433667847e+00,9.520909540967554818e-01,6.091537143214734940e+00,4.002468340563925864e+00,4.698041444834490932e-01,6.661856853772161635e+00
2.805460629592739785e-01,3.046135190169402485e+00,5.080783038773028615e+00,5.153433592186839718e+00,3.687484307847547438e+00,3.490258595759395455e+00
3.256920004076072850e+00,1.530999581242205032e+00,3.055370380660132668e+00,4.015881495434300952e+00,3.797642369604428580e+00,4.410829201513299047e+00
2.200715835789553765e+00,2.107615834025939883e-01,5.515561839559227408e+00,2.666833685627531203e+00,2.272258345942891999e+00,6.262288571730302955e+00
0.000000000000000000e+00,0.000000000000000000e+00,0.000000000000000000e+00,0.000000000000000000e+00,0.000000000000000000e+00,0.000000000000000000e+00
2.858014093881625417e+00,2.339333411336699253e+00,4.987606149881520068e+00,3.421117992341526914e+00,5.282260096548699657e+00,4.126043725912400539e+00
2.745600881237576729e+00,3.184989611821563926e+00,3.002867671294398022e+00,3.757044346897961073e+00,1.284265371738665840e+00,5.023290944260216051e+00
2.448308045329258054e+00,3.683686588508980897e+00,4.623937435229549031e+00,3.953168468398711166e+00,2.962729354951869620e+00,3.483019715031290708e+00
3.105886896550988929e+00,1.653038506489202586e+00,4.609829148403569832e+00,4.529103498558654017e+00,3.169178052173137861e+00,3.794863369242643003e+00
2.476349078588269581e+00,2.654039549256112185e+00,6.133671905315290829e+00,4.372948860654138237e+00,2.934047127480755357e+00,2.941428704426087393e+00
3.746510323224434558e+00,4.005982381210134058e+00,3.380645433341244122e+00,3.969627532641342160e+00,2.314058343633004888e+00,3.312911933340008552e+00
4.269787583982409540e-01,4.959183404583490606e+00,4.526283132547832544e+00,5.854130214444660751e+00,4.333563910046362544e+00,2.902969674068448747e+00
4.457068210567300071e+00,4.167938722776007410e+00,6.676150111331139669e+00,7.545440482813484451e+00,3.799833926970364040e+00,5.861176025025251590e+00
2.650909440827761365e+00,5.667699788670981675e+00,4.203843570158396936e+00,6.452951342882831121e+00,3.151483951822165785e+00,4.134164592542425964e+00
2.524093546812153921e+00,4.636982740509795420e+00,4.370526039298692211e+00,3.192576494061074577e+00,4.374633109441616874e+00,5.302671358242495359e+00
1.129214861922565705e+00,3.701082675167136404e+00,4.122242988363471916e+00,5.334913690671267972e+00,2.789311255989685545e+00,5.085289383492505699e+00
1.609076221348865632e+00,4.987940314394526453e+00,5.620878730512031574e+00,5.517446075677826300e+00,5.004725854107988425e+00,6.579503469652960845e+00
3.583758206173865091e+00,3.661442933575408176e+00,4.681029603039585041e+00,4.165809002850631160e+00,2.647554136815161385e+00,5.381273015570520180e+00
1.114798791776215658e+00,2.808269045811067066e+00,6.217984284998374633e+00,3.763964130226627791e+00,2.912704580955847611e+00,4.232684722403052824e+00
2.294896728474689507e+00,3.084987200901190274e+00,8.763283192938933652e+00,1.986504726847475588e+00,5.053259318608645856e+00,1.300867071904546535e+00
3.466411593041891948e+00,1.666276239655422486e+00,5.145622038005920551e+00,3.042863430591379981e+00,2.694425505376637275e+00,3.862600758714000992e+00
3.012959554692097974e+00,2.515723610670368426e+00,3.906125490720473881e+00,3.385109394812758410e+00,2.782177635209844180e+00,3.030822818624889337e+00
5.062029791208047413e+00,4.151750898898791675e+00,6.372712431858984061e+00,3.649254758309454783e+00,5.559849998343522337e+00,2.477382599576852140e+00
0.000000000000000000e+00,0.000000000000000000e+00,0.000000000000000000e+00,0.000000000000000000e+00,0.000000000000000000e+00,0.000000000000000000e+00
3.551033192452281106e+00,2.624896787729029679e+00,6.472229552712890133e+00,3.989762763000937351e+00,5.200256451161417104e+00,2.514721578534468982e+00
2.658120904208858271e+00,1.983938346431139532e+00,4.765276382126703680e+00,1.137881878242327005e+00,5.302121836571660474e-01,2.894060441752250412e+00
