VR1,VR2,VR3,VR4,VR5,VR6
7.948977591493380235e-01,1.910891089060434922e+00,3.729914137645493621e+00,3.906218817193868542e+00,2.569800539697820074e+00,3.779236101858086005e+00
2.795299333664570618e+00,1.599478316936836064e+00,5.454683427751403357e+00,5.406454679183100076e+00,2.784194609930439768e+00,4.615746948822100570e+00
1.920516434576360343e+00,8.380021725121493681e-01,6.022852645268466532e+00,3.599484534519184376e+00,3.617401934341467395e+00,3.852297365851994115e+00
2.375653278208893493e+00,1.594764044626617583e+00,4.943538800307801573e+00,3.564319937278432882e+00,1.505906455738091232e+00,4.054676516094416705e+00
2.838469321692807856e+00,4.370404448462258173e+00,5.655178329786121338e+00,5.479704647549592522e+00,3.229368127180694881e+00,4.874328980765897157e+00
2.232900698818533147e+00,3.811333368511760078e+00,5.729294682779578096e+00,5.126833761307468151e+00,2.477104895245352267e+00,4.345918314991456199e+00
4.147301655404107557e-01,3.650629377422648147e+00,4.961337526002608911e+00,4.416972437231867943e+00,4.321393460952942078e+00,4.699000225771115424e+00
3.295503235456836322e+00,5.524544378441099468e+00,5.557462893506628809e+00,3.538763983261081769e+00,2.172740539481915256e+00,6.137509302864184946e+00
7.179435346116718186e-01,3.814407212765409838e+00,3.862167271243395650e+00,3.360648593611343937e+00,3.763550948949166308e+00,3.484200679932150990e+00
1.242815134637127672e+00,3.617618165629137295e+00,6.166353058767962914e+00,3.894342115721074027e+00,3.716892932766883817e+00,2.234994619050323372e+00
2.179633846258301588e+00,2.804275860053889513e+00,5.117784175896077592e+00,2.400197570478822762e+00,2.055769720722169680e+00,3.863819027045839238e+00
0.000000000000000000e+00,0.000000000000000000e+00,0.000000000000000000e+00,0.000000000000000000e+00,0.000000000000000000e+00,0.000000000000000000e+00
4.124228523373810518e+00,3.078575109335794924e+00,4.175202936793944275e+00,3.916816550928043483e+00,2.457681065652757901e+00,3.357566530175190245e+00
4.418764038440317954e+00,5.353971680827987356e+00,4.404609142778496356e+00,4.392167291760766368e+00,3.189426294753662461e+00,5.088153282191967719e+00
1.379581663351866716e+00,4.672491573270059817e+00,4.420538132892103178e+00,5.192041331548786331e+00,2.773122095610494942e+00,3.646606839963217883e+00
1.861696623454517807e+00,3.044239163685613647e+00,5.483077299458401832e+00,5.454137014531432293e+00,3.878123793570200650e+00,3.158748928783580823e+00
0.000000000000000000e+00,0.000000000000000000e+00,0.000000000000000000e+00,0.000000000000000000e+00,0.000000000000000000e+00,0.000000000000000000e+00
3.345327315037020632e+00,3.515733659317406445e+00,4.386566656830835242e+00,1.985942901202371935e+00,3.757031293769256486e+00,2.692276327581757833e+00
4.570037877226507117e-01,3.296728100460664113e+00,5.150259347719977399e+00,3.353198567146141951e+00,2.744517477962086893e+00,4.120248001745375532e+00
1.897801316886206680e+00,2.924345822613224399e+00,4.529418425359641454e+00,5.067973852864406048e+00,2.196213200246043051e+00,3.792319677316036586e+00
2.597904016510125036e+00,1.825922208455974527e+00,4.232807191734578645e+00,4.541690938268251543e+00,1.835085381941155003e+00,3.164316382438373321e+00
3.861012871060256035e+00,1.041707625494761036e+00,4.564009127154573520e+00,5.017360206909112996e+00,1.219150424800405919e+00,5.514552769290718359e+00
2.435867318917428914e+00,2.005526554253209692e+00,4.771886512275616887e+00,5.317055676184911484e+00,4.050947636246195138e+00,5.473406177503841619e+00
2.547924215002209003e+00,2.559073160852675333e+00,4.615785730451401392e+00,3.592299015649186522e+00,2.316793026481737350e+00,5.589556859204853012e+00
4.566584195313669881e-01,1.272761234384331086e+00,4.106069245656451372e+00,3.446451113427363211e+00,2.804103094452768730e+00,4.166489237500720755e+00
3.908563108569752309e+00,7.901455507438623904e-01,4.520313169893474203e+00,4.049880387834294382e+00,2.405203138156266185e+00,4.133461276945909368e+00
3.126299393668150906e+00,1.224104937366224721e+00,5.680408845488793546e+00,4.909910693646026836e+00,2.514838005710826163e+00,5.454542897681906588e+00
5.281310386393380796e+00,1.435227509765623077e+00,4.963663383593971190e+00,3.491380044121320303e+00,2.941758867110042530e+00,6.003416731250927008e+00
1.388712034574191456e+00,2.287154222236876588e+00,4.070032081709328509e+00,3.865278870639984099e+00,2.725371278385148699e+00,4.361920131529774203e+00
0.000000000000000000e+00,0.000000000000000000e+00,0.000000000000000000e+00,0.000000000000000000e+00,0.000000000000000000e+00,0.000000000000000000e+00
5.703732746077653459e+00,1.015409956491983845e+00,6.734076883425624160e+00,3.427526066889550194e+00,2.904956274822446005e+00,2.399188588352574314e+00
4.101992689081283672e+00,1.662834994245613984e+00,5.378847639511083578e+00,3.413513547478871146e+00,1.956225877177077521e+00,5.193393826350336084e+00
1.615679531306071670e+00,2.424427332769474308e+00,2.957314455013284604e+00,3.506942784562337323e+00,1.375288757669873574e+00,5.709489192208831554e+00
1.383603724235086485e+00,3.838617444235386866e+00,5.907088380626142943e+00,2.946541386881819768e+00,3.695983411180882250e+00,4.481469368339936921e+00
3.580496724032825817e+00,5.184789339106223416e+00,6.764281407175301908e+00,4.169559797316614080e+00,4.111749928911176966e+00,6.002899238462434894e+00
2.180994850443670696e+00,4.607538827503727674e+00,5.114905564260551429e+00,3.776853918762779205e+00,2.487749516639403247e+00,5.481359858283524567e+00
1.937123474262902656e+00,3.902364269610647085e+00,3.991085950986438480e+00,4.606335513124476755e+00,3.374387527551356403e+00,4.567053949261861590e+00
2.262759998406745687e+00,4.547139943200376067e+00,5.602276852519075589e+00,4.601141575768298964e+00,3.848824678124177279e+00,4.294098256902801225e+00
2.452371716082863085e+00,4.238512129680790608e+00,6.422471387073587223e+00,5.923675406356340822e+00,4.719938853982060145e+00,5.731486778350030065e+00
8.647162067879969882e-01,5.136232813699255217e+00,4.838171469436585603e+00,5.366728616672951091e+00,2.654937834139291741e+00,4.622857753940156300e+00
3.227773450305178926e+00,3.531287579217647021e+00,3.364700401218195136e+00,5.690456371521781520e+00,2.788958503298567759e+00,5.551140462934791131e+00
3.236784933589214042e-01,4.646966034955896774e+00,5.567200841403296963e+00,5.519180869544760171e+00,4.169432736752466617e+00,4.585434784014348786e+00
8.730416432070078336e-01,3.665596799426596331e+00,3.992241632224001524e+00,2.409789443233550266e+00,3.040891265255056375e+00,2.861476324724886666e+00
2.696077635935026695e+00,3.549128116596331317e+00,5.967909050581992503e+00,1.479300199203740007e+00,1.332602247493338332e+00,2.175686874014359340e+00
3.036165883509075236e+00,2.819893154144664127e+00,5.103577703033443491e+00,2.614459959060924099e+00,2.282458557021587620e+00,2.683814508700243628e+00
3.920258516248475988e+00,4.266025860599349073e+00,7.577662068079817459e+00,3.789080683349217438e+00,5.441775057338169574e+00,5.384161630513822239e+00
1.661386566565210998e+00,6.574575009510116530e+00,7.742108683582140216e+00,6.132949031095984438e+00,4.408434459737218702e+00,7.041630566065896879e+00
6.427054047634608303e-01,5.553642491066613118e+00,6.251780605864808216e+00,5.224770430281584055e+00,4.133139085329239570e+00,5.112354508269129738e+00
3.492964277376153781e+00,4.970122742687074435e+00,3.041709282351846788e+00,4.937988344253914086e+00,3.830324270268873565e+00,5.278241303138186957e+00
7.970730176555858026e-01,4.746379578464776650e+00,5.787344192526269637e+00,5.691150479409865959e+00,3.643700800599114054e+00,4.803141227523588519e+00
