VR1,VR2,VR3,VR4,VR5,VR6
2.349256309683573019e+00,3.075030904140324761e+00,5.028894129432408100e+00,4.001470841001737000e+00,3.029625687198642670e+00,4.237084765639933970e+00
2.429489281982427862e+00,3.196682495871772112e+00,4.913750750728669736e+00,4.012463925640402884e+00,3.086702387792776392e+00,4.401479253157153160e+00
2.398378044770107742e+00,2.961083667062091251e+00,4.999576077581703082e+00,3.989008086876511427e+00,3.500486696878452264e+00,4.334600500725959371e+00
2.117352058069210674e+00,3.285273456384077306e+00,4.981050039499366200e+00,3.998577912536757761e+00,3.369761305561226106e+00,4.210148125683959464e+00
2.195462557437576567e+00,3.299680594224631669e+00,4.813667642426055160e+00,3.864461905966097621e+00,3.250410522437442662e+00,4.156464973407960173e+00
2.381086225438555193e+00,3.226454930040286939e+00,4.765676737493776294e+00,3.886903968361283823e+00,3.166367277464741115e+00,4.148722587009281426e+00
2.511991256646884274e+00,3.002436613160581746e+00,5.144995587872483789e+00,3.818671625148709836e+00,3.157693170903684621e+00,4.342902549369354048e+00
2.174623230152119113e+00,3.242947160332791956e+00,4.895710131377755125e+00,4.004761118681303245e+00,3.357510882774890515e+00,4.412371810247673665e+00
2.345755479048026171e+00,3.198660091359878610e+00,4.820800395492102375e+00,4.031164981425035876e+00,3.211779186671094966e+00,4.406282110463664026e+00
2.010761155123755195e+00,3.241267776641337139e+00,4.961279021964160485e+00,3.960648851270260007e+00,3.433822556792153424e+00,4.374264982108424960e+00
2.234365397636512984e+00,3.220578472725483365e+00,5.188962976771088087e+00,3.919902177096731943e+00,3.244330975716320342e+00,4.356142693301652713e+00
2.168554856361005534e+00,3.241861538703479262e+00,4.873278075597847092e+00,3.872303299231484974e+00,3.182295568496534610e+00,4.208584069891323054e+00
2.136760685918391189e+00,3.210256045858652207e+00,4.869893859257044433e+00,3.833096181349815890e+00,3.384095980134153248e+00,4.182390103322223496e+00
2.086929663219517117e+00,3.286056294033282477e+00,4.817556132089232612e+00,3.811719167497329863e+00,3.260484986419925679e+00,4.128470585067781862e+00
2.409620329989413001e+00,2.977449125912254857e+00,4.925680327984420792e+00,4.030818871746498999e+00,3.348639673829288732e+00,4.222987990297014882e+00
2.164725175992722406e+00,3.091467617843758564e+00,5.213867296010435304e+00,3.974682718301935314e+00,3.419206612854114979e+00,3.953527584625478042e+00
2.310993833288262689e+00,3.384607462752044160e+00,4.983067260001115883e+00,3.932053644697346417e+00,3.345738414782434944e+00,3.983070291060784029e+00
2.486185981114215515e+00,3.343341997995096904e+00,4.861224750921547155e+00,3.829377704184745213e+00,3.129514976469579324e+00,4.332919600304356855e+00
2.285265500280114104e+00,3.249367995434713663e+00,5.125445101966969119e+00,3.980216312869235828e+00,3.220501061898578765e+00,4.427802680754299836e+00
2.200649948704280767e+00,3.576585952272561819e+00,4.693136322880151923e+00,4.084452037009159042e+00,2.918756811054073808e+00,4.288617550703354375e+00
2.122729548013313927e+00,3.315932294055390361e+00,4.933093169764150687e+00,4.012883185152122500e+00,3.286427240215752388e+00,4.339455905482837217e+00
2.234312874179366304e+00,3.449065462223052325e+00,5.099672445533546039e+00,4.101787010285135260e+00,3.531894251016928887e+00,4.351541765478957657e+00
2.355981389334828258e+00,3.516590128092975664e+00,4.965253513911086714e+00,4.053434305471714794e+00,3.112809531904316973e+00,4.315992862204996783e+00
1.847298389244169892e+00,3.656025133255144333e+00,4.917443920603277618e+00,4.070167385210504030e+00,3.262137685350575911e+00,4.272096280741537910e+00
2.156541571790125733e+00,3.552476616485509275e+00,4.870083694996704793e+00,3.754334286389912734e+00,3.174365981858631613e+00,4.390233082409267240e+00
2.210018578822887658e+00,3.310380137285276358e+00,5.082596612657861890e+00,3.967977155661179811e+00,3.366505422729651364e+00,4.348903813318578671e+00
2.472665142484472334e+00,3.209824637499777200e+00,4.999971675470671784e+00,3.929442817794750464e+00,3.219315020591026144e+00,4.300229610215598797e+00
2.536083431700065560e+00,3.056787731660266516e+00,4.874482435992297802e+00,4.192090009515455407e+00,3.252042356249432942e+00,4.232845762350138763e+00
2.388207257779439541e+00,3.064225383416530502e+00,4.954278727299102236e+00,4.111864474939012304e+00,3.166086343734909825e+00,4.171240407818995521e+00
2.447651187160657660e+00,2.833493242985581251e+00,4.914125806791497908e+00,4.105386671613534766e+00,3.193104656620100901e+00,4.017516211705069118e+00
2.634601290702265786e+00,2.720879601172657924e+00,4.982278619661896890e+00,3.913112537634128696e+00,3.116040199412884792e+00,4.250372037968769057e+00
2.294702037779849046e+00,2.767905180759608452e+00,5.076633265298237774e+00,3.949155083615450756e+00,3.537353113519996484e+00,4.213283558317320932e+00
2.243822280429162319e+00,2.933114150859853719e+00,5.298784888506138380e+00,3.786377394133583429e+00,3.357587584450222096e+00,4.381625735848579950e+00
2.381470135530124654e+00,3.012766035771172746e+00,5.116861982799046693e+00,4.035226992001358148e+00,3.204481939354674402e+00,4.229340147824322216e+00
2.447505873969446188e+00,3.151684984022121494e+00,4.789533694368814487e+00,4.214541264507115415e+00,3.140667519982749400e+00,4.215284331007460139e+00
2.469812002068202617e+00,3.074604228456594868e+00,4.956514357048690478e+00,4.212097811744092368e+00,3.035748343135118876e+00,4.050164644428903671e+00
2.643498557635815427e+00,2.917613245098491070e+00,5.049343534714846093e+00,4.234317520348158226e+00,3.114519864228514567e+00,4.424222881497072102e+00
2.433538867883132006e+00,3.032959168871496303e+00,4.927957059935428319e+00,4.076292896255633735e+00,3.126859912667801389e+00,4.315140542497501563e+00
2.290988700580419479e+00,2.988555147763133579e+00,5.070565415788831132e+00,3.862273847056731046e+00,3.251087872179159177e+00,4.159043816790028991e+00
2.451344362620744732e+00,2.977174763350699305e+00,5.006456164488934490e+00,3.787789843763962327e+00,3.123225240925126656e+00,4.413060564183807877e+00
2.198560392596693891e+00,3.073247524876179693e+00,5.000223219453031831e+00,4.135081602311383442e+00,3.334332765005088905e+00,4.327809120383837360e+00
2.262145976288617799e+00,3.142144519669427094e+00,5.177531109957116406e+00,3.984909121541373889e+00,3.403677841789117586e+00,4.202104773563998918e+00
2.201468411101263900e+00,3.167716633560500039e+00,4.965235446151224252e+00,4.159816695307885226e+00,3.117932928940214676e+00,4.056113922888981094e+00
2.394530598395036236e+00,3.147133880915868875e+00,5.104809093542753473e+00,3.887688699344927112e+00,3.084817088570211752e+00,4.216797371656082483e+00
2.340404189780713295e+00,3.278429211956125577e+00,5.081087550100818362e+00,4.164150653572852079e+00,3.518496344007620458e+00,4.102883766353689232e+00
2.408600417717079445e+00,3.025920210884288419e+00,5.128846421341103579e+00,4.030643118439877881e+00,3.383203996243420608e+00,4.236426247741823303e+00
2.416373413350573429e+00,3.075594566156329090e+00,5.010252449777969908e+00,4.125999654498116342e+00,3.059275277766405843e+00,4.151336563098837473e+00
2.378025511981689100e+00,3.071945452794500930e+00,5.068393262800706900e+00,4.030567552522787977e+00,3.215505545467012283e+00,4.175175782133921487e+00
2.348624803263298588e+00,3.033741920067318354e+00,4.808537388065043494e+00,3.825761010845542209e+00,3.207699584574988272e+00,4.141687166377299611e+00
2.736454748382590285e+00,2.964865828686843674e+00,4.950081071345727501e+00,3.823235424496964185e+00,2.946580177018125912e+00,4.314473795806321732e+00
2.379041703836445532e+00,2.972803248564391154e+00,4.959449356583569113e+00,3.949028708303844670e+00,2.960359172846747988e+00,4.346173368162647321e+00
2.597346245473629800e+00,2.818892184854150607e+00,5.163149280017563569e+00,4.008241567894749835e+00,3.173904792410546793e+00,4.330178401591822990e+00
2.426839711844261505e+00,3.201346904696155793e+00,5.039465712739080949e+00,4.179051630649701643e+00,3.206031408402425953e+00,4.240899714387749597e+00
2.341375336483720204e+00,3.053784042407735377e+00,5.093686906834520300e+00,4.171495181675053843e+00,3.229513911296646889e+00,4.313212468903179442e+00
2.303181467880099476e+00,3.151696836290123205e+00,4.954110131019479724e+00,3.852637680670695453e+00,3.107193409136744133e+00,4.242232807742454703e+00
2.388092618058903938e+00,3.113426285488526180e+00,5.048721908185445528e+00,3.996002908371642182e+00,2.910053172557021561e+00,4.129795133275231400e+00
2.361455538784290376e+00,3.069330436792472749e+00,4.961847839556992490e+00,3.994580210350670679e+00,3.030163082238109151e+00,4.097281994133252780e+00
2.492371481662748245e+00,2.878776914721132396e+00,5.001006202117304511e+00,4.082361453728780454e+00,3.115252628750963648e+00,4.152509702802186453e+00
2.513737072028740194e+00,3.199001308601550519e+00,4.979345768791922922e+00,3.987745383686912781e+00,3.238486475564993139e+00,4.089916224429037683e+00
2.533417790654000079e+00,3.107793427081895654e+00,5.030301451596010942e+00,4.124904960249091701e+00,3.371552523863762918e+00,4.074870408404081878e+00
2.293404295392323711e+00,3.190504046078480371e+00,5.130799504247362641e+00,3.919023341039746366e+00,3.368631273230948686e+00,4.090762929680068716e+00
2.594164437663647238e+00,2.856044990955044494e+00,5.117647733654264286e+00,3.953822124838305641e+00,3.097557537864131127e+00,4.119178473133956686e+00
2.600852998839863428e+00,2.919067839878110249e+00,4.816780169080572271e+00,4.093583434314898462e+00,2.896352310407574127e+00,4.049893073447123015e+00
2.473384999225373804e+00,2.979440772590962627e+00,4.919234424878715650e+00,4.068343039836158859e+00,3.277977429402194609e+00,4.175607904460701292e+00
2.656111783393068304e+00,2.880885558132872060e+00,5.027842961724831916e+00,3.883544355220758693e+00,3.314905764911351138e+00,4.268550332882668386e+00
2.398037559469780700e+00,2.879041381906600527e+00,5.309197369099886821e+00,4.140279590446377611e+00,3.228534897227138600e+00,4.336246922827325712e+00
2.341954640973233914e+00,2.994393265876960086e+00,4.931369504129287762e+00,4.153443650974851131e+00,3.037862494694533844e+00,4.276160586614031978e+00
2.404496013910613073e+00,2.863632460383736422e+00,5.072315080931946163e+00,4.151865171488086759e+00,3.223689278417000814e+00,4.338213436225136554e+00
2.613949366916209271e+00,2.859966944201088879e+00,4.953284037689286379e+00,4.021021582222851443e+00,2.958309374048404106e+00,4.096574580077197325e+00
2.438026291828505610e+00,2.929469554121141073e+00,5.046539622802511005e+00,4.062430524149899469e+00,3.039473822480954102e+00,4.193474466845791504e+00
2.572797036413850158e+00,2.813319712269781725e+00,5.054748642456995178e+00,4.342061269005290214e+00,2.915191279466892382e+00,4.099271831580177938e+00
2.574587571602970026e+00,2.902584625178462829e+00,4.945904447226584288e+00,4.368030480472311794e+00,2.975952754770515352e+00,4.326828301358694340e+00
2.348859659675687439e+00,2.886157055047141373e+00,5.089196707061583780e+00,4.340459004623854256e+00,3.167832051743510569e+00,4.206861051047900979e+00
2.557862651936646081e+00,2.880635482122656299e+00,5.059281876793255250e+00,4.107291616339288076e+00,3.115805025319874577e+00,4.317960348845414131e+00
2.452943128296843689e+00,2.925204647283240256e+00,4.974830629320504904e+00,4.274807943812292343e+00,2.947961108079986126e+00,4.229208613467615230e+00
