VR1,VR2,VR3,VR4,VR5,VR6
2.403105975764184610e+00,3.236069396908427098e+00,4.905155840840237147e+00,3.955858818880602090e+00,3.113900817244014796e+00,4.243778881331086161e+00
2.494187472522432447e+00,2.903321462238349859e+00,5.111483345043543736e+00,4.095288264129496092e+00,3.208547575932463758e+00,3.969393489190887525e+00
2.469658809681326783e+00,2.892260889835617466e+00,5.035590936582392985e+00,3.860037748448093442e+00,3.320874504776099023e+00,4.381179305791973455e+00
2.564328882363768436e+00,3.100858113372962688e+00,4.842356358727498034e+00,3.892117281839384990e+00,3.074516856216000349e+00,4.487206587369456656e+00
2.510451897518778619e+00,3.023886184430055746e+00,4.675662520728687710e+00,4.123804149606487002e+00,3.101549264556095586e+00,4.027945184513710863e+00
2.450724780261934299e+00,2.976476296256294507e+00,4.966970337229946075e+00,4.145756142452402315e+00,3.021336962323454500e+00,4.033099193734816623e+00
2.530170773154533315e+00,2.914635532281075303e+00,4.685896402185734111e+00,3.976566594516040887e+00,3.150315059710065313e+00,4.234110679244489361e+00
2.566598796530778159e+00,3.090124035884884712e+00,4.747227026234508429e+00,4.033756303994731063e+00,3.127956311349997520e+00,4.007176151166734535e+00
2.355266971126675379e+00,3.122223251050314285e+00,4.854187595529607435e+00,3.888766884494861298e+00,3.114559241268275880e+00,3.969558097245172945e+00
2.547943692156530382e+00,3.085216667764618226e+00,5.303761223532168501e+00,4.125266353995382218e+00,3.101981344337110702e+00,4.150919222410826670e+00
2.142938002370075701e+00,3.024377207148119417e+00,5.153846132761142229e+00,3.994294810896749315e+00,3.247746413368764795e+00,4.316549923229960228e+00
2.430352563313860070e+00,3.039649018477160070e+00,5.085270995916803649e+00,3.910856607275539076e+00,3.262587507634279405e+00,4.205142700553348156e+00
2.309744913272420597e+00,3.003694818822254309e+00,5.322137322559621353e+00,4.164565746786994538e+00,3.366950306999599185e+00,4.407377073089069341e+00
2.280400957953675256e+00,3.188047541052998923e+00,5.003980775975600537e+00,4.103427921557557312e+00,2.970937360722492926e+00,4.217957003349924960e+00
2.386631550212569230e+00,3.060532123624189360e+00,4.874274084517830730e+00,4.038959833954233858e+00,3.374928407939847830e+00,4.217574149680668683e+00
2.379623686921080061e+00,3.108988256354908941e+00,5.050815897646308450e+00,4.166431006613517951e+00,3.123707059871700054e+00,4.560046404074181048e+00
2.541447094687395936e+00,2.953406246334555174e+00,5.390095112891272855e+00,4.432637292943239160e+00,2.937108022320008338e+00,4.502099481708196294e+00
2.291299914852739317e+00,3.130529977822667842e+00,5.282999829087099641e+00,4.193453253889511956e+00,3.262669658004819340e+00,4.439012340906589138e+00
2.477688683327737618e+00,3.094877245323839343e+00,5.239031770575844682e+00,4.082345824132501022e+00,3.126583423752308466e+00,4.298956195388054624e+00
2.312062772675670619e+00,2.929897896184499917e+00,5.165183463006814968e+00,4.073728836913268481e+00,2.996522541991815558e+00,4.205106784819690802e+00
2.449379245148914475e+00,2.880933194689987875e+00,5.040528698351700143e+00,4.251636385757397107e+00,2.966483603835245564e+00,4.318218932146073996e+00
2.462746367379406554e+00,2.873764988047175617e+00,5.046119626877708875e+00,4.003422439542834610e+00,2.970465080322869600e+00,4.038350905850503381e+00
2.486133168027047091e+00,3.025645040997130941e+00,5.203755379986193752e+00,4.205826517791448893e+00,3.267817034229205664e+00,4.415805480072060973e+00
2.479317820650810411e+00,2.904754057753239582e+00,5.196460786587540071e+00,4.299286879471543088e+00,3.416468025033481126e+00,4.553434387403145323e+00
2.269343974205033199e+00,2.903323804615714820e+00,5.017347746464352554e+00,4.044095375105576373e+00,3.492981930619794895e+00,4.108802932238220684e+00
2.404296649251564499e+00,3.090785229452925442e+00,5.010555232973435302e+00,4.362977472551759384e+00,3.525630232082548332e+00,4.407607951926244105e+00
2.413119591429370825e+00,3.108982926422152460e+00,4.956321834124874037e+00,4.101605626740269628e+00,3.146265701438310636e+00,4.223550918677907440e+00
2.518047498931955896e+00,3.065019088524560065e+00,5.209883753389712879e+00,3.953360196014401140e+00,3.254940283790016320e+00,4.210276981555418629e+00
2.479326499598990541e+00,3.083342443748775530e+00,4.978227660820165212e+00,4.193951202608298345e+00,3.305146784060203125e+00,4.403531351714089048e+00
2.414548783313121394e+00,3.058879897363200762e+00,4.992388977893698510e+00,4.138680297808927655e+00,3.290350671366562896e+00,4.175624948167286021e+00
2.480101225227625772e+00,2.926052183149323138e+00,5.167359198397265985e+00,4.196888964121780141e+00,3.215312343502714665e+00,4.217393867897360593e+00
2.465740663586494019e+00,2.848228338337494669e+00,5.004421046017368369e+00,4.035122280319874299e+00,3.309712032857389019e+00,4.293453798059721827e+00
2.158187765190566321e+00,3.087412589207808367e+00,5.147180590721269766e+00,4.196364531278963916e+00,3.278884399140705952e+00,4.445670692481426656e+00
2.192712561435739893e+00,3.103508316176375903e+00,5.225088679958374449e+00,4.174628047194893554e+00,3.173965315947905985e+00,4.172568815767213835e+00
2.475347833692563615e+00,2.979814264336690499e+00,5.063834716686384851e+00,4.108535797690759495e+00,3.090078438543268025e+00,4.023755767325114086e+00
2.468959189891175132e+00,2.949587468029288839e+00,5.182138824942214228e+00,4.288684277313996596e+00,3.147235102592118583e+00,4.264861749361397614e+00
2.372915787165692958e+00,2.857780051146672662e+00,5.529458969782139022e+00,4.275292565060123451e+00,3.212500238569609756e+00,4.238742694702461122e+00
2.295658116333410437e+00,3.188554229389027661e+00,5.287522766160271281e+00,4.116451825850305113e+00,3.388120395936455420e+00,4.401904242266057032e+00
2.441452524831769999e+00,2.839973633135458808e+00,5.187523303041926326e+00,4.091406182312734785e+00,3.069172977727707252e+00,4.237935839959450668e+00
2.545413126693853112e+00,3.021063848060468793e+00,5.207217590565320187e+00,4.177827339286921848e+00,2.854687046527403460e+00,4.601175196938021017e+00
2.580706673052592492e+00,2.961864774889876983e+00,5.225189723344875858e+00,4.064154953602977294e+00,2.977646946863889532e+00,4.252939989764695561e+00
2.138894637687594802e+00,2.882678597116963282e+00,5.161379423362521202e+00,4.202794153398168753e+00,3.218985858389324495e+00,4.333462830784723607e+00
2.165553801039744819e+00,2.972983420552769207e+00,5.161242882487401040e+00,4.127656574423795632e+00,3.274369120952516976e+00,4.117378691322023165e+00
2.124124912954063138e+00,3.222133336425309746e+00,5.079297168636669468e+00,4.146240963267991297e+00,3.136096514465725349e+00,4.110640396152035692e+00
2.313688903981204081e+00,2.860844573847423966e+00,4.968409520622147468e+00,4.147105610935555298e+00,3.154165609295753736e+00,4.363769122578320392e+00
2.268760205562200039e+00,3.038361247484056893e+00,4.889027121468874526e+00,4.084690879264620378e+00,3.069821802073581463e+00,4.574905753661036023e+00
2.653077431863221758e+00,2.887197453158526717e+00,4.854459576741707139e+00,4.117734596494613264e+00,3.002976875465427131e+00,4.356678377028140758e+00
2.619502672808817323e+00,3.085210315419375071e+00,4.786771145457122678e+00,3.861264138366055310e+00,3.028482240518726165e+00,3.941668333123796053e+00
2.297300224590808071e+00,3.086978806660813923e+00,5.116650991640828039e+00,4.037459074174845064e+00,3.344680698686876674e+00,4.040351179410115456e+00
2.542670973033940740e+00,3.001157656346622904e+00,4.849428223193937626e+00,4.180148320909117921e+00,3.315628863194851839e+00,4.244646370975761585e+00
2.460370642864075919e+00,3.071768229516984139e+00,5.139243532011303017e+00,4.174539516033452635e+00,3.027357975866817430e+00,4.143498886377656731e+00
2.414987840712733647e+00,3.280202633961159187e+00,4.836076009631155692e+00,3.722251159524347042e+00,3.068507791000708362e+00,4.176351350655220784e+00
2.474287985359829634e+00,3.035905487696083149e+00,5.052362764325128985e+00,3.877380665018886674e+00,3.350444520659913827e+00,4.068762039779180384e+00
2.347268469718737371e+00,3.134491093945016793e+00,4.851109331601019647e+00,3.995984814575305411e+00,3.306317819239306122e+00,4.374718609936927294e+00
2.355385473361359061e+00,3.017890536436281579e+00,5.000518991296411642e+00,3.974121210440832996e+00,3.216699849096936514e+00,4.102944560146637443e+00
2.386592760902808141e+00,2.948293640139116878e+00,4.807062632837539873e+00,3.948656016199417529e+00,3.092126101146758455e+00,4.295516794297919994e+00
2.524219024617675888e+00,3.036114316226989907e+00,4.949934561423292578e+00,4.124884924766233141e+00,3.205047423845945431e+00,4.298869531324231552e+00
2.273468095532638067e+00,3.072429619343446827e+00,4.927509977846533218e+00,3.993448051692063849e+00,3.303951540134475895e+00,4.023473680380202921e+00
2.505565808556051710e+00,3.125505187816157715e+00,5.045245143863481552e+00,3.881006239326148854e+00,3.221322486027602849e+00,4.293989923477683490e+00
2.420598913217325343e+00,3.171441337672953775e+00,4.895752449324214162e+00,4.043728724755782267e+00,3.047836444925126287e+00,4.168270410386300640e+00
2.489285191662760077e+00,3.118749668666331409e+00,5.360909974219848273e+00,4.411703368315905927e+00,3.113003207452572418e+00,4.163697888645488732e+00
2.140187235939107424e+00,3.065135793084515559e+00,5.288607216728315130e+00,4.060515662380928426e+00,3.183366454052750871e+00,4.439085394959358943e+00
2.310390714872893714e+00,3.204711054094362854e+00,5.150235321189073900e+00,4.140453480337252579e+00,3.257153383486249165e+00,4.043768285971255594e+00
2.413009855850165586e+00,2.971089363842768893e+00,5.150076407050454996e+00,4.042695090851836426e+00,3.475268632540124525e+00,4.204555391819151389e+00
2.364747409081430884e+00,3.122483597810590705e+00,5.116556182019508903e+00,4.126822148862383521e+00,3.353410620202249337e+00,4.330132625066547725e+00
2.423835049533319186e+00,3.182466156879748098e+00,4.916217878379797845e+00,3.936471408648208659e+00,3.123115966438905655e+00,4.210747976345139421e+00
2.227846890212310971e+00,2.902148947474708862e+00,5.012634772768003621e+00,4.167367303976351245e+00,3.050428812438105375e+00,4.277854178772857452e+00
2.351536031229284340e+00,2.902671312945801940e+00,4.887784639860656810e+00,4.083206296155304393e+00,3.143111488054159075e+00,4.193569192462699213e+00
2.258069260566382574e+00,3.149231537025875660e+00,4.809680153307396289e+00,4.070597647962508780e+00,3.096089687371863075e+00,4.369103068510162835e+00
2.209098449024403887e+00,3.034885328222111767e+00,4.834169887244759600e+00,4.221114535834986192e+00,3.236766800938641886e+00,4.223574455556100560e+00
2.165585134165777692e+00,3.220081049322558897e+00,5.070046934026934515e+00,4.075569026441900888e+00,3.152078864814121140e+00,4.198703435765843928e+00
2.423966216450046396e+00,3.287209385925568217e+00,4.975156459751749694e+00,4.076611600135633395e+00,3.022611977825915730e+00,4.081851351876685463e+00
2.318023537297550618e+00,3.054843035751728220e+00,4.855691177269185310e+00,3.989926787888033566e+00,3.122406897213425570e+00,4.071118029036872699e+00
2.585941867923992277e+00,3.014571881685546462e+00,4.914072422069263091e+00,4.106676011336818810e+00,3.193158867873052920e+00,4.296184684086637340e+00
2.556001423218925428e+00,3.033944570047508282e+00,5.002998240834635624e+00,4.008776013389109494e+00,3.166228989930022664e+00,4.089272664639880261e+00
