VR1,VR2,VR3,VR4,VR5,VR6
2.412071765401271772e+00,2.984205599308062951e+00,5.048480162249216363e+00,4.055237094007267729e+00,3.244657225646582877e+00,4.187544235186331676e+00
2.528474440200943363e+00,3.136989719959597078e+00,5.041533777178292652e+00,3.849796442606681524e+00,3.189810677525773297e+00,4.211868768539478225e+00
2.391545650150156188e+00,2.688997310591250578e+00,5.186886016020215706e+00,3.842372378204416350e+00,3.222580600282177965e+00,4.188512590062998697e+00
2.396009764507792017e+00,3.070359794475990611e+00,5.051868807865973920e+00,3.843268194498548507e+00,3.202512790759432182e+00,4.391447464656466515e+00
2.418904792928628922e+00,2.960234010302391638e+00,4.995763901484446379e+00,4.039246764332911077e+00,3.194882281107665811e+00,4.208862745906045255e+00
2.610174274070542477e+00,2.881603719321087276e+00,4.789504755471647890e+00,4.034651492008919149e+00,3.365332462428419102e+00,4.259296816495888649e+00
2.358032822734843492e+00,2.985949166292459989e+00,4.936442458926969756e+00,3.926854080673979119e+00,3.414112500137432171e+00,4.475219467231939419e+00
2.024741451156958139e+00,2.854024847848999791e+00,4.943784764182270308e+00,4.204247812751634505e+00,3.476057263659583008e+00,4.394318230071389664e+00
2.176531434113397445e+00,2.864085976264885147e+00,5.034828657117378370e+00,4.160457817217843690e+00,3.288947926549170564e+00,3.993930213002196528e+00
2.332040077688507740e+00,2.981554720453746921e+00,4.760647852121321577e+00,4.174647450485706734e+00,3.108308675220959216e+00,4.220479261540994287e+00
2.508952764341327413e+00,2.900678357963216936e+00,4.878138896794599333e+00,4.108251483885361210e+00,3.062368396389294034e+00,4.058100616445748265e+00
2.334462282089552865e+00,3.224140595394115572e+00,4.853163600156285007e+00,4.080827392312373902e+00,3.118815856074042436e+00,4.256114104438496248e+00
2.474125718483219494e+00,3.025807493951132798e+00,4.764312027046087472e+00,4.079282403553406766e+00,3.089025312703562953e+00,4.030812554937405423e+00
2.580339360259881420e+00,3.087854168340539385e+00,5.106258819260434123e+00,4.034126619479247999e+00,3.073895823069636712e+00,4.057984610743689657e+00
2.306839065798820254e+00,2.940914314004145602e+00,4.847390799397548911e+00,4.089741371279409066e+00,3.271454771000648520e+00,4.323130078024168377e+00
2.496275437200532910e+00,2.955922183964979855e+00,4.766492064914070070e+00,4.077852877079958027e+00,3.304083475745891452e+00,4.275536178929193909e+00
2.390500218318470260e+00,2.961460000558500560e+00,4.705245001654510872e+00,4.060282687013761382e+00,3.241701714270924573e+00,4.282543096084140188e+00
2.190345113270685484e+00,3.078870040621647153e+00,4.603616768092595457e+00,4.048239869114165224e+00,3.479744894265249577e+00,4.236008808992501429e+00
2.397569505675097190e+00,2.907135817114611331e+00,4.653776738997528639e+00,4.233400077622541779e+00,3.361088849497922748e+00,4.234324514455272137e+00
2.372889564185486577e+00,3.334026981456374550e+00,4.896263286548740545e+00,4.360921184732021061e+00,3.238679993551739411e+00,4.152553492369206900e+00
2.659679669640102162e+00,3.260887105120422014e+00,5.139406688129031231e+00,3.991665047498065277e+00,2.946616851949129590e+00,4.119046190176676170e+00
2.405338455315029211e+00,3.048639878352641386e+00,5.024487200330042036e+00,4.023868343933619585e+00,3.103886633172456389e+00,4.554423756346547947e+00
2.468940345185112406e+00,3.230265241470622328e+00,4.927434045230870474e+00,4.167770244319465078e+00,3.158519788987881327e+00,4.320945341505628257e+00
2.381499309203356507e+00,3.217823961831104640e+00,4.765841779366501108e+00,3.982887772124645398e+00,3.273725019306144901e+00,3.942692509258451494e+00
2.374312654803051093e+00,3.182464158814084065e+00,4.861684477400801896e+00,3.957283950116173177e+00,3.234397294332731043e+00,4.084043734541300097e+00
2.381457820665935365e+00,3.290525498005114624e+00,4.834985089510322354e+00,3.884057544208135315e+00,3.212546049378778523e+00,4.299748423507571360e+00
2.330962549186034405e+00,2.972757466172002871e+00,4.994353834872669040e+00,3.985376635340907914e+00,3.176321094967785363e+00,4.131674520506051884e+00
2.422549333047272491e+00,3.048207570265821342e+00,5.117744814285740240e+00,3.997645644240514162e+00,3.187871643828618762e+00,4.043384553422881389e+00
2.494375340793438145e+00,2.936857572234049751e+00,5.155765193216840458e+00,4.190482098971476610e+00,2.959479899898053379e+00,4.224068919064245975e+00
2.773579511613662341e+00,3.239736889256674690e+00,5.045664808846126448e+00,4.177857241222190154e+00,3.063338309340654320e+00,4.281028591337801892e+00
2.226337752524444547e+00,2.987823613118770982e+00,5.012997454253901530e+00,3.866945469042451844e+00,2.991857361869529885e+00,4.431262390149637298e+00
2.558434878724903605e+00,2.791194091816957545e+00,5.163403014562235605e+00,4.226229644035394806e+00,3.140315539266932188e+00,4.194445701753896749e+00
2.588843388551770985e+00,3.207638869360248890e+00,5.507526061282754348e+00,4.159967566561668662e+00,3.196431389357134112e+00,4.557809654342460881e+00
2.607172783808402006e+00,3.301652855824554589e+00,5.018109694268569676e+00,4.281477334938106338e+00,3.288522816073011334e+00,4.403222629577091318e+00
2.527901212344321635e+00,3.075654516263776284e+00,4.983338643588250072e+00,4.108369010174437896e+00,3.145032889319284486e+00,4.198487635840067789e+00
2.391650291190986710e+00,2.995592549664720661e+00,4.900190936895615579e+00,3.952261458073615952e+00,3.116285176437676441e+00,4.105401192479654071e+00
2.481253417940312733e+00,2.927401604729543028e+00,4.979798786983828052e+00,3.912169499405701689e+00,3.022180075039976987e+00,4.221462805621379211e+00
2.700951020297908567e+00,3.165742379223880576e+00,5.071638690553674778e+00,3.895425287859718200e+00,3.160688579816912647e+00,4.365676841812913267e+00
2.392759710556985997e+00,2.821050979035604200e+00,5.081039362346952082e+00,4.010481567678250592e+00,3.195334225041426723e+00,4.135987790089119542e+00
2.882278266990636606e+00,3.103314608972175925e+00,4.931347143790604015e+00,3.806078982608330552e+00,3.080587516387552238e+00,4.273359503523956882e+00
2.317527273535099575e+00,2.848107548482267326e+00,4.879884770053603660e+00,3.971368210142958155e+00,3.088921118233526109e+00,4.231567065892837043e+00
2.268789892233067818e+00,2.931543617744574171e+00,4.919871871956032372e+00,3.965989618841101461e+00,3.253075394039816715e+00,4.223846566031202343e+00
2.227619348162716229e+00,2.877027846806336164e+00,4.864848654151841423e+00,3.789288171764552793e+00,3.243258294725648305e+00,4.401951336079099164e+00
2.519032449249601679e+00,3.010044407767117125e+00,5.100034879217597350e+00,4.007654403502076690e+00,3.042002931339679694e+00,4.129708508256981325e+00
2.258752192513475698e+00,3.047897296886442842e+00,5.143453013846697175e+00,4.021317102533204846e+00,3.213229181273195234e+00,4.329745699583103402e+00
2.523029112103770011e+00,2.978781162518006287e+00,4.805862377865573798e+00,4.047010157864521673e+00,3.185592684757858617e+00,4.297240956972341763e+00
2.607185686383942436e+00,3.011737793814179831e+00,4.860765507458763679e+00,3.980004807609735629e+00,3.445112987240109614e+00,4.330884767744247021e+00
2.356196660592719816e+00,3.168078297980887470e+00,5.040024482079330959e+00,3.918379641877525188e+00,3.286206256449502483e+00,4.366855551690467685e+00
2.455623203428773049e+00,2.856792429838412861e+00,5.092744095440099095e+00,4.241499844812197217e+00,3.205308473326859087e+00,4.116271736926299774e+00
2.667788020482340983e+00,3.039183347554617054e+00,5.127752332011843883e+00,4.137496387196105907e+00,3.080080100709798874e+00,4.101477471415088338e+00
