VR1,VR2,VR3,VR4,VR5,VR6
2.672931891996497722e+00,6.275225812700988115e+00,4.974106572011803173e+00,4.553379622224015932e+00,2.441453843179914429e+00,4.921911806761169572e+00
8.453649260568967261e-01,3.356882870683767894e+00,5.036579851936751062e+00,4.843824386179162111e+00,1.740598128619756046e+00,5.198288537530819653e+00
1.130348915075729987e+00,3.813923646049899752e+00,3.657557610562967909e+00,1.677776626782413238e+00,3.828152658065091085e+00,4.236685926314139650e+00
1.447198826308443209e+00,4.861273896271667283e+00,4.516879989447637023e+00,5.367382830060899224e+00,4.738223558406540192e+00,5.056912591869592077e+00
4.433412057320465394e+00,2.730641131531536203e+00,8.439703145960342212e+00,1.700158446141328827e+00,5.448067588236111369e+00,7.401216788469759500e+00
4.544172287282289169e+00,3.315302750966414358e+00,4.632572551137680072e+00,3.037454588461159233e+00,5.566236482427564525e+00,5.859606456531388119e+00
1.951829142809944573e+00,3.402355842371550310e+00,3.883241217627811714e+00,5.192192521985261600e+00,5.497620148823806119e+00,3.798516618749299578e+00
5.078269543564187138e+00,3.135557124066925549e+00,6.559750138677301834e+00,3.741278602755341520e+00,5.002848186297637945e+00,4.549441654915487021e+00
3.268484885328373224e+00,4.705920287660588563e+00,4.504258099585938702e+00,4.874402620493694549e+00,4.947840698751510224e+00,3.190097587806346002e+00
2.886035326937185896e+00,3.416416154446586084e+00,7.729098333605235460e+00,3.851206049325184733e+00,2.784620355055593688e+00,4.202322058923390280e+00
2.563163788824334155e+00,6.391053427529276298e-01,5.661709979771260670e+00,2.714770827769393602e+00,2.432897850376005255e+00,4.692432966378859760e+00
1.454861016032485299e+00,3.627065270495241300e+00,3.771100308178211513e+00,6.622694953656075967e+00,1.978104778878816861e+00,3.349721341047447343e+00
3.202123282636952784e+00,2.728675006133042480e+00,3.969684037866218596e+00,5.724642712765359853e+00,7.194148494466485744e-01,4.336676077707103616e+00
3.742125762713368609e+00,1.661301246095001627e+00,1.992609082185039959e+00,6.802049063495652526e+00,2.732389694926039336e+00,2.463392380133356152e+00
4.156822206686975107e+00,4.912648609873476957e+00,3.267880956485230914e+00,5.277684323453178727e+00,4.158911994171935689e+00,2.862316840248686489e+00
2.892228357869137234e+00,3.469185875398001162e+00,6.172132362521795201e+00,4.779313109061995135e+00,3.752371344248505824e+00,4.462552722692045393e+00
3.589795029992890463e+00,2.258364386167213134e+00,5.002332363227605327e+00,3.327958147431056446e+00,3.123765275868693347e+00,3.527264364898280657e+00
1.879453798579725721e+00,3.747940351820474802e+00,5.211381570217573866e+00,3.961171677333848784e+00,3.744790005657728571e+00,4.713380453557637573e+00
3.240375866115039916e+00,1.275408472023844553e+00,5.544179933213708722e+00,3.815851191504552986e+00,4.245191737958219136e+00,4.627208989150340734e+00
2.161759189053915620e+00,3.176511714325302549e+00,4.414565864021504638e+00,3.583555879693260060e+00,3.681002357991027818e+00,4.337909344297190550e+00
2.924371129237135936e+00,4.148151884246226828e+00,3.780578467102917450e+00,4.506416040111826504e+00,5.570496033955530280e+00,5.322274822103532088e+00
1.661045555870676482e+00,2.701710582971048158e+00,4.169007545591705721e+00,4.297815648123223475e+00,2.220156194037297581e+00,2.215565290302298429e+00
3.162700864220810093e+00,4.570494852082072512e+00,7.637082197727735888e+00,5.783464513210022417e+00,1.224632411649213548e+00,5.550576379286109585e+00
4.851109435194192798e+00,2.649954440831833846e+00,4.813927706103145354e+00,2.653257791355096540e+00,3.532940409341073895e+00,4.234718647845058470e+00
4.992488650187484112e+00,3.534366465938967306e+00,6.265750012567324667e+00,2.950348434412240373e+00,2.451924244820725463e+00,5.020645218577982405e+00
3.641139649795374744e+00,3.696097710531106806e+00,5.263252536855860697e+00,4.713993460808763913e+00,2.217459723148326400e+00,4.793842811874806209e+00
0.000000000000000000e+00,0.000000000000000000e+00,0.000000000000000000e+00,0.000000000000000000e+00,0.000000000000000000e+00,0.000000000000000000e+00
0.000000000000000000e+00,0.000000000000000000e+00,0.000000000000000000e+00,0.000000000000000000e+00,0.000000000000000000e+00,0.000000000000000000e+00
3.397243763477495015e+00,5.421951795832778309e+00,6.367354835570578686e+00,5.253246594513863776e+00,3.629702931536485266e+00,6.949772680317851226e+00
1.885582495006619563e+00,2.037504782579444118e+00,5.710056705856601411e+00,3.656698719841114276e+00,5.521169414792327146e+00,7.854100087300247779e+00
3.267084380996558846e+00,3.141815212788539480e+00,3.385613481792924873e+00,3.915553193786751152e+00,4.823378312036746607e+00,6.090985074390832921e+00
2.146761366781077207e+00,3.377240834845848028e+00,5.439391456917549661e+00,4.336432774418017111e+00,2.756609988860188931e+00,4.294466003011566890e+00
2.118468620152081705e+00,3.262428710490427708e+00,3.866522643203101239e+00,2.977585664059219539e+00,3.368641036894163499e+00,3.937267056532014031e+00
2.393379487289984286e+00,3.067384561761006712e+00,6.221596546164582797e+00,7.118790916203824537e+00,1.265142826594444658e+00,3.416315435781081433e+00
3.276006305655864814e+00,5.416163261041479160e+00,7.055491930101739584e+00,5.701534280816002109e+00,2.815867488044015321e+00,6.519207326626012211e+00
2.555743031464029702e+00,1.605684511330283337e+00,1.011254225424514530e+01,4.008622679895051277e+00,5.050238464748815659e+00,9.123735267781020397e+00
0.000000000000000000e+00,0.000000000000000000e+00,0.000000000000000000e+00,0.000000000000000000e+00,0.000000000000000000e+00,0.000000000000000000e+00
1.985743562158223341e+00,2.019453439733321698e+00,1.624672747480215840e+00,3.732163021437554296e+00,4.700675672286912743e+00,5.523990671380874851e+00
3.065403410445747046e+00,5.983758726809666584e+00,5.997701454164306334e+00,7.926612248370443758e+00,3.735074348659946697e+00,5.302792126140349893e+00
4.894015947506002995e-01,4.490603480573072126e-01,3.658507428354134561e+00,4.634648339193810251e+00,4.818784361059776700e+00,4.936528935984631161e+00
3.145987517219306362e+00,2.479495405344667613e+00,4.676660679756573735e+00,3.522040682245838994e+00,2.803233191724506135e+00,4.543972978710414168e+00
1.781953788595569410e+00,3.560015140516612497e+00,5.552046754940335838e+00,4.261414209288251875e+00,3.832053935270529621e+00,4.566786239440598472e+00
5.031845798061378439e-01,2.319252656854997596e+00,5.035009465669987527e+00,2.723595813452918346e+00,5.099823218244969425e+00,5.390744849581908582e+00
1.878663101242086242e-01,3.995664670551218656e+00,2.957616482026152127e+00,4.884898102641293427e+00,2.715173304890034611e+00,3.219984418048922770e+00
0.000000000000000000e+00,0.000000000000000000e+00,0.000000000000000000e+00,0.000000000000000000e+00,0.000000000000000000e+00,0.000000000000000000e+00
2.153538700477634293e+00,3.031466210140315809e+00,7.104329934543120117e+00,3.326715894854861855e+00,1.009931238203464865e+00,3.793128169681428297e+00
1.911656654353751428e+00,4.261000028574152054e+00,4.888092563872555196e+00,3.510423963448631390e+00,2.199690782150316437e-01,4.399016645979402007e+00
0.000000000000000000e+00,0.000000000000000000e+00,0.000000000000000000e+00,0.000000000000000000e+00,0.000000000000000000e+00,0.000000000000000000e+00
0.000000000000000000e+00,0.000000000000000000e+00,0.000000000000000000e+00,0.000000000000000000e+00,0.000000000000000000e+00,0.000000000000000000e+00
8.336866854558384610e-01,4.494035070285816502e+00,1.904361236405142765e+00,3.694363278672835538e+00,3.950147118930629198e-01,5.459677470940952126e+00
7.120133739279692620e-01,2.368647041353036276e+00,6.019357863780894213e+00,3.998736760248614797e+00,9.766412668014448073e-01,6.330994239356733999e+00
8.152795269540842327e-01,2.183355389458249363e+00,6.810510881104144154e+00,2.698651374370466538e+00,3.702990714438254116e+00,6.976770649122407519e+00
2.236638065873754577e+00,2.846663347820722834e+00,6.318430072579527490e+00,4.438275606784399585e+00,4.616850789265770416e+00,6.250171090168931798e+00
4.748100539091975492e+00,4.250024477957192737e-01,7.214712027798194427e+00,6.044747509530141727e-01,6.645616825441875264e+00,7.091146406484149622e+00
3.454421764775112980e+00,3.512898801039209484e+00,3.204267966911014565e+00,2.437985732172102349e+00,6.036617113176119709e+00,3.867828212450249215e+00
3.634457434035543333e+00,1.673373294453913473e+00,8.224874922254294063e+00,4.308914647413239152e+00,5.362659458982237837e+00,4.356286544851190712e+00
3.046751511724731909e+00,8.699706132067963615e-01,5.160556748802707538e+00,5.012939518094206903e+00,5.084684013807937220e+00,4.571384197706502839e+00
1.479207350015091960e+00,9.750364891861242889e-01,1.402718892876541723e+00,6.625936757203731986e-01,3.056746189977375572e+00,1.984996887377430408e+00
2.617849419898012897e-01,2.527169978620371182e+00,4.197904847454997146e+00,3.912445843722394567e+00,3.413466204812427129e+00,4.549037846746470493e+00
6.290998131893623668e-01,2.711325544801897802e+00,6.289552783767836885e+00,2.913858923656185596e+00,3.339859756781963007e+00,6.061646502932671154e+00
2.007134275461084361e+00,2.903159202490467994e+00,7.572015046127491544e+00,2.211487746644098973e+00,3.288449337378810178e+00,7.779480399984502803e+00
3.509844495337890002e+00,3.598100569065980636e+00,6.777137471534180335e+00,1.691062930837918810e+00,4.907890551249815658e+00,7.497347334719839829e+00
4.225010473631545693e+00,5.211148237948561857e-01,4.484723844062661335e+00,4.041881936256392471e+00,6.983255373593898696e+00,5.222270818595969644e+00
3.208047833829658302e+00,2.298965626984445176e+00,5.024875880717436516e+00,5.753568937039520215e+00,4.814065923150266713e+00,5.705581669043906068e+00
2.976649503456067158e+00,1.829652844734757533e+00,4.937068865228050996e+00,2.728768140944842546e+00,4.877649007234234446e+00,5.305433090293866449e+00
2.299071844334157344e+00,2.547469438202106584e+00,2.375075018930782100e+00,5.472486514106692290e+00,4.218720981468148779e+00,3.550370623528880110e+00
3.148245822521381854e+00,2.957345662374346595e+00,7.259530661935493789e+00,6.133778499143860863e+00,3.897761471261284694e+00,4.652840230653371378e+00
1.064314709270019366e+00,2.873264584865553140e+00,5.588275142399468542e+00,4.001617764233651009e+00,4.919999009979052040e+00,6.441285210025842645e+00
1.897228828469444517e+00,2.469691626595763800e+00,4.953275761568929347e+00,3.178786405366575529e+00,4.080946950685565788e+00,5.174745187971609539e+00
2.422417130926399320e+00,4.210419337429915032e+00,5.955048886143188724e+00,4.625541020833629169e+00,4.290506826438564403e+00,5.052114892545302105e+00
1.932867697426093434e+00,4.971175524276832292e+00,6.280146351983578512e+00,5.004777693612213696e+00,2.773561433601153148e+00,5.091833320438414745e+00
0.000000000000000000e+00,0.000000000000000000e+00,0.000000000000000000e+00,0.000000000000000000e+00,0.000000000000000000e+00,0.000000000000000000e+00
4.072998948505546224e-01,3.300553745505687697e+00,1.405704034852030659e+00,4.392581468611066242e+00,1.433088132551216365e+00,2.339841673869268668e+00
1.028391049561014903e+00,4.678335948619204210e+00,6.369995556581553586e+00,5.062152080206637095e+00,1.106405946470995438e+00,2.246047749658181214e+00
1.006945908422911318e+00,2.268009507782835943e+00,5.189136819240677490e+00,3.898238778697815654e-01,1.106506218926361917e+00,3.890464938169786890e+00
3.347110687958472219e-01,3.675911507451569360e+00,5.375572472531822577e+00,2.436859721599568651e+00,1.414872916841076078e+00,2.988123074948586755e+00
1.238220062180855452e+00,4.809137563032924945e+00,2.833041968933876831e+00,5.779250723902071840e+00,2.563372285480128632e+00,2.518040395363671191e+00
1.599368913003210713e+00,3.725208349096953420e+00,3.953696626319003204e+00,2.809973669062777013e+00,1.554727780449803198e+00,3.964693502248575641e+00
1.988418707928473861e+00,3.450722167069534496e+00,4.372098408883177356e+00,5.049161246061892427e+00,3.596022721782084375e+00,4.563585854228676908e+00
3.580012491053353507e+00,1.900665855733897125e+00,6.928254546729043284e+00,4.894107691443230657e+00,2.044558097623790704e+00,4.842892890850989396e+00
1.549240772827268575e+00,1.412836916858927871e+00,4.218720236593084039e+00,1.778342790104670446e+00,2.982762128484856223e+00,4.058993888131348982e+00
1.387005451594163441e+00,2.929497672940597486e+00,1.259713327127345295e+00,2.740291882417016822e+00,1.353894703257899401e+00,3.126241778357728762e+00
1.515051920284930853e+00,6.550870055889827626e+00,5.519194206945517323e+00,6.478914151484595152e+00,1.629016925987199160e+00,4.493966653308273607e+00
9.156087973594546625e-01,1.983572791876426100e+00,4.142223861922483152e+00,2.778724123193793361e+00,1.420815162898907857e+00,3.458929465547489812e+00
1.193790131670530830e+00,3.661007500007884108e+00,5.184656041268288718e+00,4.464331958627266950e+00,1.790200748372144712e+00,5.555735483452073353e+00
3.665446376811638096e+00,2.933684950740159003e+00,6.402529873847116804e+00,4.785281911528762144e+00,4.140774377807006523e+00,7.027078656721087668e+00
1.557655510674644361e+00,1.914292742642205392e+00,2.537358476098593218e+00,2.680492388145611748e+00,3.458266210055112921e+00,2.146745225745901209e+00
2.547238442101045219e+00,3.048430208333005709e+00,2.995047632209359101e+00,6.003915301638081736e+00,3.968165887272562031e+00,1.546877205586330462e+00
2.012174675075611319e+00,5.307082202808418359e+00,4.266136925301043270e+00,6.309533756194436016e+00,4.627783813240661459e+00,2.492277179109652074e+00
2.022287836517830062e+00,2.802827604240487602e+00,5.650497042439571516e+00,3.219669272214307654e+00,4.882972927121037365e+00,3.921759518310052428e+00
2.266822241333503740e+00,3.571776344270704673e+00,6.052750036773190345e+00,2.429364035301725178e+00,3.979848768165025863e+00,5.434124095001035215e+00
2.956833912392980768e+00,4.418063547039315253e+00,2.191014956934836277e+00,4.284515384402558524e+00,4.099380318427008341e+00,2.257694845446958531e+00
3.020114663924112541e+00,3.766696400826916147e+00,2.753775639459135505e+00,6.987386810105140178e+00,3.333695939694956589e+00,2.149100098389179259e+00
1.982392175129916279e+00,5.019675752507247068e+00,4.923678291964400877e+00,5.839261900041837094e+00,3.596222362708151987e+00,2.536232827291888814e+00
8.305695688872731797e-01,4.303067841059574405e+00,5.720132112026321991e+00,4.278856574850237848e+00,5.593604670903227216e+00,3.844581728433376977e+00
8.864520771064636762e-01,1.362523611163564796e+00,5.199162531478572546e+00,6.355162458020675587e-01,2.092107061429912651e+00,3.382948916126898187e+00
4.353226313995882002e+00,3.659285589732468758e+00,3.359204676165695069e+00,5.326905393821723678e+00,4.864187442577192932e+00,3.568267944020428573e+00
2.692947046825990398e+00,3.710049330159991499e+00,6.629696607333316116e+00,5.677058533038762178e+00,3.362309513448004772e+00,4.408576298657018278e+00
7.026063525010437516e+00,2.899906260647257650e+00,6.402311124047604274e+00,3.294682721221680488e+00,4.906224547329747665e+00,4.984632176423432703e+00
3.919907021597374808e+00,3.029498346230229178e+00,5.336317479983583745e+00,4.720521248563141370e+00,5.085857579124814620e+00,4.420885610938620758e+00
3.082274989336752036e+00,1.819108447063547906e+00,5.576959868757356276e+00,3.501694719062014016e+00,5.212079366070078379e+00,4.350884264891404563e+00
1.670178209138989622e+00,3.385254206607193783e+00,2.884677481496739304e+00,3.908488346704960481e+00,4.809144626006151668e+00,3.908185314095145468e+00
2.770925679164617961e+00,4.399801383175169889e+00,7.710731501946583855e+00,5.306777360649395980e+00,1.651258993506374617e+00,4.049393032940658443e+00
4.351412858040066389e+00,4.266591266304008201e+00,6.971978053589758417e+00,3.388277786916994216e+00,2.602623399890187095e+00,3.968276009710378638e+00
3.313577250052613277e+00,8.505192094619018484e-01,4.433378950127599083e+00,3.780706667893324102e+00,4.231128414463301013e+00,3.471106084451260010e+00
2.704325834092446534e+00,3.908649336797839879e+00,2.950720180734315079e+00,3.746372535166247797e+00,1.882403158011384026e+00,3.354865834165488891e+00
4.170556944082482786e+00,2.989010087641549962e+00,5.745599449092220645e+00,4.523369131562823497e+00,3.292118150620378714e+00,3.938466046238966456e+00
6.031155521263208641e+00,4.542687248808791267e+00,5.660192042569833326e+00,5.527405715012193355e+00,4.187041141185207316e+00,5.021972933777852255e+00
4.285571106366572458e+00,1.857520734314678013e+00,5.210310277607222318e+00,3.381854328982757174e+00,3.996334408760031209e+00,3.539015366754958869e+00
3.104198468324660176e+00,1.586219330603382049e+00,7.005751765504291129e+00,2.732418088421546543e+00,2.887109856856026724e+00,7.231524194561112395e+00
2.634440709033231354e+00,1.331670567893347146e+00,5.213338436886614247e+00,3.197414296543657386e+00,4.367897820292260036e+00,7.375102345974570817e+00
4.188718659941563338e+00,1.128748043288937630e+00,3.953800343542915208e+00,3.438356170901680997e+00,7.599215472224744694e+00,6.310476956578227714e+00
3.058928520537337992e+00,3.516069566274597324e+00,3.079762544853568151e+00,5.084546395292917076e+00,6.442635222588718236e+00,5.225139093016998970e+00
4.242903439005117683e+00,4.061183896744542388e+00,3.384037689198590382e+00,4.441651377496298458e+00,4.885938154385605969e+00,4.175473967941881526e+00
2.393165962132814517e+00,3.326771376469805030e+00,4.784363882469159890e+00,5.500756793662368693e+00,3.947074787803475537e+00,5.719345276667339384e+00
1.989510664034783272e+00,2.302151869557052866e+00,6.152241004130128310e+00,5.351999810785427414e+00,5.349816930796629677e+00,4.997911796853706790e+00
3.807693971090056362e+00,2.733856389732280512e+00,7.220763070215318713e+00,1.653613374825413374e+00,4.882153827230535370e+00,6.907160627984629819e+00
3.543635362270090461e+00,1.386724061645519201e+00,3.394093877816860783e+00,2.103189083666591852e+00,2.966721048595400312e+00,4.181355488957603228e+00
4.189413406848407462e+00,4.205117950047006836e+00,5.127068595375762428e+00,5.760308302605315234e+00,3.586130656182624499e+00,3.945317935073812787e+00
1.759803307622514357e+00,2.492307096485228524e+00,4.183647931771369066e+00,9.272436190218353858e-01,2.658782347315038042e+00,5.071289556435479184e+00
2.026752751375278550e+00,3.409730447248361607e+00,5.692752042770653276e+00,5.436533595317760259e+00,4.477186776944591884e+00,5.515893270397989490e+00
1.409195157312654434e+00,1.934359056951209244e+00,3.480521133157765679e+00,4.766936270900552053e+00,3.122215302655642510e+00,3.976094396580792889e+00
1.658848006545868614e+00,4.513357285117765016e+00,4.572996865470393857e+00,7.595989378713968065e+00,2.794967928600983864e+00,4.597431822768580645e+00
1.349366120703896943e+00,4.697270425579418429e+00,6.113239590787793887e+00,3.636072517884528565e+00,3.447510049669244570e+00,4.880620389529754632e+00
3.265929064607048460e+00,3.460713124255961226e+00,7.888610101132467634e+00,2.592199315603442411e+00,5.185626303565615380e+00,6.875574047742111006e+00
3.251699732364587980e+00,2.505985315132447155e+00,5.408551427684308521e+00,4.806649202561601442e-01,2.416378777321688265e+00,5.583094090330392056e+00
3.256509664343298915e+00,2.589955671593847431e+00,4.119267678427056545e+00,2.181660773660632824e+00,2.542880329800320638e+00,4.249026041242196072e+00
3.141235301386492207e+00,4.679602052275537716e+00,5.654945711267752806e+00,4.148288150134862740e+00,2.814118297972091121e+00,5.967161494717091230e+00
0.000000000000000000e+00,0.000000000000000000e+00,0.000000000000000000e+00,0.000000000000000000e+00,0.000000000000000000e+00,0.000000000000000000e+00
3.723225051850185707e+00,1.810254961471866375e+00,4.270294575985385421e+00,1.916563418520416562e+00,4.361259536569068729e+00,4.708916287052102412e+00
2.727989232106184048e+00,4.417721418099147535e+00,4.031428604656935200e+00,4.299966757844158494e+00,3.433454840833930710e+00,4.604109793142344920e+00
1.838064026603925205e+00,3.335710998201443900e+00,5.297119367131235990e+00,5.082216096047684317e+00,1.887773466752482143e+00,6.568733727062478600e+00
3.293375567707075735e+00,2.472750261676682548e+00,2.548982532379124422e+00,4.887755834601025917e+00,2.507552956185732818e+00,7.421083551800816025e+00
4.272924693371016325e-01,7.245511479533237598e-01,5.458462207083485396e+00,4.613480897651813351e+00,3.162209726557585032e+00,6.131346131637480212e+00
2.748954919706112054e+00,2.234384841395639754e+00,5.594523120498151592e+00,3.744337940275513255e+00,2.352161555831109752e+00,5.039119970807139026e+00
3.743957335008642140e+00,3.686938751591218644e+00,5.511832881880509127e+00,4.161745457215116240e+00,5.132969117740358023e-01,4.148289599669635841e+00
1.587319413411310887e+00,1.974871232829499945e+00,6.255388847991647516e+00,4.222615197223985817e+00,2.340050904714464863e+00,4.959981140506883435e+00
2.643008920610985690e+00,2.367255864910142282e+00,2.764503745572527649e+00,3.323100713400634731e+00,4.063434738006966640e+00,3.989100658357316309e+00
2.476615840900804333e+00,1.828269996650385920e+00,2.365040830117290493e+00,4.522806866440468809e+00,2.712017685066399508e+00,1.458486017571976046e+00
3.419346717332871322e+00,3.367507823391791000e+00,4.149940554202554921e+00,7.010603727807004582e+00,1.407978141250475490e+00,2.426857031423151234e+00
2.826155301506755091e+00,3.711427188080580919e+00,6.078960479474174505e+00,4.264432491495860233e+00,1.413628335267573588e+00,4.426591752884781350e+00
2.279321373161527386e+00,5.015859722991753422e+00,6.597137900274356426e+00,4.895507632033300638e+00,2.268814510051724298e+00,4.461596187205822517e+00
2.322725356085432402e+00,8.581211550864735749e-01,6.222157557486292845e+00,1.221639091131872412e+00,2.259484848024978731e+00,5.724822235673313386e+00
3.518338330026073102e+00,2.549822064238542740e+00,5.588188763867185216e+00,2.742311863903171165e+00,3.763834658726778581e+00,6.096790274864725134e+00
3.177267159952633868e+00,3.825974808612662592e+00,5.262739654128733235e+00,2.127228004064070976e+00,4.291166169179472689e+00,4.625690439548381327e+00
0.000000000000000000e+00,0.000000000000000000e+00,0.000000000000000000e+00,0.000000000000000000e+00,0.000000000000000000e+00,0.000000000000000000e+00
2.774188196083943403e+00,3.032117922977743074e+00,1.921334704493490531e+00,5.286037835001969221e+00,2.982384389607902531e+00,9.628756839008798529e-01
2.841764521727890624e+00,4.004479069056317009e+00,3.272653450419692689e+00,5.619399988658607015e+00,2.265419088284210680e+00,1.392248844472299574e+00
0.000000000000000000e+00,0.000000000000000000e+00,0.000000000000000000e+00,0.000000000000000000e+00,0.000000000000000000e+00,0.000000000000000000e+00
3.399336076540005358e+00,1.667809014419328717e+00,4.395510268476575000e+00,6.642955422486355843e+00,1.794548646304081618e+00,2.328306651031877728e+00
