VR1,VR2,VR3,VR4,VR5,VR6
3.408833963870758765e+00,5.528452926907883480e+00,6.043136368510033662e+00,3.121225045105748830e+00,3.617211405123157419e+00,4.490933840005798316e+00
3.537035953528376631e+00,1.083627612190502409e+00,3.351222152116215547e+00,3.850723933817785660e+00,2.549887147309245705e+00,3.750210192421437494e+00
2.782153354473122508e+00,8.272450903812433864e-01,3.687079728852793892e+00,3.792031494907766476e+00,1.945889534302751356e+00,4.011439200545687811e+00
2.422005206781988829e+00,2.574442094352754395e+00,4.457661214197358390e+00,4.164508613265127224e+00,2.626562687442313138e+00,4.108137328721731762e+00
8.371035820918477643e-01,1.251551631971732803e+00,4.929741959373335369e+00,3.975642505725387910e+00,1.928011771193556267e+00,5.701785511103956594e+00
2.626781327966851709e+00,7.327678378141091464e-01,3.233067049840095297e+00,5.457785897597988267e+00,3.236590116920794902e+00,3.812167175010742870e+00
3.548920727341938086e+00,4.369996798811648375e+00,5.502585611762979667e+00,4.317635950575497539e+00,4.056737908065398912e+00,5.195215322278333936e+00
3.328270623189040212e+00,3.736950869742861059e+00,4.688180868755285502e+00,2.104691007453356466e+00,1.850456826873092986e+00,3.937483276290630663e+00
5.772180770949660200e+00,8.371543294850324557e+00,8.573506497490027911e+00,6.312967482410003051e+00,3.933779187714117498e+00,3.642943236170216981e+00
1.718233628772593224e+00,3.971665301773191548e+00,6.662770875646279123e+00,2.277162192190310019e+00,2.107649701312715340e+00,3.203499548061804258e+00
2.150286595938612599e+00,4.187558711929438182e+00,6.548197224957497120e+00,4.620274070872162575e+00,1.482984751803634760e+00,2.557621210421121116e+00
3.735721655617005865e+00,4.387987731941934477e+00,5.312633526543558915e+00,3.828273379930480225e+00,2.744928017830966738e+00,2.950720285810506383e+00
3.549376013733806179e+00,5.755502776856518565e+00,7.989205171457030019e+00,3.352690526483123712e+00,3.338008404621099601e+00,3.724843696374831037e+00
1.075788806727119740e+00,5.225827009743708729e+00,7.756150879883817240e+00,3.741034311263732981e+00,3.042280184185776726e+00,2.369783193966746637e+00
2.025494787766782601e+00,6.303273375581815330e+00,6.797130610600242484e+00,4.355533015241775274e+00,3.372403349395201921e+00,2.427478150858605854e+00
7.203439701537084350e-01,2.851665588539644247e+00,6.106936295562487516e+00,6.326772872230755240e+00,4.154624581892941926e+00,3.230748387127956534e+00
1.329753526415506926e+00,4.729395204547296672e+00,5.887202162414574502e+00,5.480014191939810431e+00,3.683415815838989804e+00,4.574015893681626643e+00
6.551072356086831139e-01,1.140160262190662133e+00,2.818939255138733113e+00,2.644183112857276807e+00,1.963633922673760246e+00,3.193474205076225481e+00
1.785216520851409916e+00,9.124112567611475377e-01,3.080416553796957224e+00,4.152985956658644007e+00,2.673545423545264033e+00,4.628721947039418083e+00
0.000000000000000000e+00,0.000000000000000000e+00,0.000000000000000000e+00,0.000000000000000000e+00,0.000000000000000000e+00,0.000000000000000000e+00
3.803446787929122053e+00,3.180125503705780954e+00,5.885373920606195242e+00,5.447072521952645019e+00,3.168708841746147087e+00,2.234100606643171893e+00
2.334794154308501124e+00,3.666915140417518870e+00,7.170254377094060771e+00,2.840686036231495404e+00,2.375733862426803178e+00,3.872393233999236184e+00
5.062747663547607857e+00,7.264904685958439856e+00,7.195470725212262941e+00,5.652235211595214359e+00,4.446357035254408174e+00,3.854826393245533112e+00
2.066723286257544423e+00,3.444649219094009229e+00,6.207116977560032112e+00,2.198868119627663376e+00,1.730948906670767951e+00,1.995306130913859555e+00
3.670146409682067290e+00,6.504534260934494050e+00,7.389950423213251796e+00,5.776740867701114723e+00,4.389662502993301629e+00,4.843152673124919261e+00
1.711060577420075335e+00,4.433450253952108788e+00,6.137707730267114137e+00,3.406360513781696575e+00,3.953205549210263570e+00,3.548401827289747956e+00
2.420974043278270038e+00,5.785165306476745428e+00,7.118487292828159951e+00,4.078592087451741399e+00,3.081678257504074203e+00,3.842858533122626596e+00
2.182258671095515190e+00,4.523485603713542247e+00,7.072397005347285770e+00,6.364551180111609696e+00,5.160089877988242257e+00,4.924224567028372412e+00
2.573564937449490664e-01,9.338654434793967063e-01,2.671573465501920985e+00,1.030250017159061393e+00,1.716204842925352914e-01,3.008665279684503258e+00
3.402583742179778437e+00,3.468003837876476148e+00,4.740166293330262626e+00,4.792216556149845985e+00,3.609488832488836341e+00,4.179376079501011532e+00
1.320413929099159445e+00,2.186574247561297479e+00,3.578057544782541566e+00,3.105786327254119072e+00,2.267906876304123465e+00,5.506915033347237198e+00
5.476314366027888347e+00,7.611234243745638395e+00,6.256341568335401782e+00,5.819354833465482990e+00,4.153297597863204516e+00,5.315171502260811920e+00
1.971120779595401773e+00,4.128976817858928783e+00,3.835305869890560881e+00,1.012689612240529335e-01,1.304793927757339489e+00,2.976426854766324404e+00
1.572376965058978948e+00,1.011050067534644104e+00,3.596137130846435603e+00,5.828130217953981784e+00,2.862886486294371036e+00,4.206367277852169018e+00
0.000000000000000000e+00,0.000000000000000000e+00,0.000000000000000000e+00,0.000000000000000000e+00,0.000000000000000000e+00,0.000000000000000000e+00
2.200076358752807160e+00,2.425218063915163036e+00,3.908669233179425273e+00,2.126419476522726448e+00,2.069198838744479296e+00,4.724850780879035206e+00
1.370395745047367608e+00,3.486117099310753087e+00,3.583129745596610238e+00,6.170346994279806374e+00,2.657868831323840553e+00,3.150142092965468876e+00
3.842414251971999484e-01,2.384020152574193752e+00,4.818938451302326342e+00,4.946532581409969431e+00,1.584444400040132983e+00,3.640089553757638985e+00
3.309920704236927858e+00,5.610949827196645145e+00,6.459333663390549596e+00,6.836087466321871808e+00,4.934931741033418362e+00,4.169741405904580311e+00
9.826783288805205352e-01,2.957677861699385513e+00,7.344343536269991368e+00,3.946753169424122021e+00,2.394944466052463472e+00,2.977278343364879731e+00
1.868389658270958265e+00,5.503237296222596164e+00,5.717152208734115781e+00,3.435847413044161414e+00,3.169322037176628193e+00,3.578438515161074474e+00
2.526475765297126586e+00,4.322586336326260437e+00,3.657884933138266348e+00,5.073366249369454017e+00,4.887451495639536958e+00,4.367053079339594746e+00
2.354158865263554112e+00,3.002956271921147557e+00,2.503554441855329493e+00,3.125447139689550013e+00,1.776703046102349637e+00,3.797412481058261680e+00
3.720714094156813090e+00,4.488639212746554641e+00,4.281578673713009486e+00,4.390248493478534186e+00,4.760106187316609727e+00,5.538097996849087323e+00
1.483734567510720748e+00,1.108563435794740037e+00,4.089527444433928238e+00,2.515398206605777620e+00,1.259491537455921684e+00,3.625680861823304291e+00
1.392334018850047483e+00,2.421150793414019731e+00,4.079889805267138847e+00,3.314038660673212622e+00,2.766680797991059038e+00,5.432023044393241129e+00
3.448873964027305838e+00,1.986743674348263378e+00,2.812787333261687728e+00,3.928046614298116523e+00,2.159718363326549984e+00,4.941010690712563047e+00
2.780200201670292692e+00,3.174664706856470175e+00,5.153829188995922017e+00,3.062076789337166538e+00,3.337287093288827666e+00,4.453522601733494568e+00
3.020398496466146554e+00,9.516386645727021865e-01,3.430242744673615896e+00,3.060664656097294767e+00,3.238751005780728054e+00,4.154090377218494723e+00
5.027884277653408063e+00,3.824390546796348822e+00,5.729480856432270564e+00,3.078969338216573259e+00,3.587129243708069293e+00,3.876457917108354412e+00
2.751738960984281501e+00,8.302061667536730916e-01,3.856620542576539634e+00,1.529361317188945080e+00,1.123040411324877308e+00,2.918044497378458058e+00
2.833946544179448246e+00,1.258098109341278636e+00,3.383789734650412218e+00,5.154231155465303971e+00,3.421070761125162729e+00,4.502330168061225102e+00
0.000000000000000000e+00,0.000000000000000000e+00,0.000000000000000000e+00,0.000000000000000000e+00,0.000000000000000000e+00,0.000000000000000000e+00
3.223446898103198954e+00,4.279684520107451817e+00,3.993180822418555209e+00,6.848264910035592123e+00,4.668510054713795654e+00,4.493433842761848318e+00
2.160659371881376689e+00,4.038848925642216869e+00,5.522945203005350301e+00,5.329945800415581303e+00,5.059802364186018586e+00,5.277130411171428115e+00
7.376006102031533729e-01,1.429670903090264122e+00,3.839514498911812623e+00,3.424852179074491243e+00,1.108074770222386540e+00,4.489651737771183093e+00
1.573283041304181396e+00,2.486319509800437810e+00,2.753212319654764428e+00,3.246862266142144460e+00,2.124456982009001571e+00,5.306551096352087882e+00
0.000000000000000000e+00,0.000000000000000000e+00,0.000000000000000000e+00,0.000000000000000000e+00,0.000000000000000000e+00,0.000000000000000000e+00
3.039239036741219646e+00,6.290515099858282611e+00,6.844304626503335598e+00,6.562854262493521773e+00,5.754104327505551453e+00,5.299988962100893097e+00
2.653930812782165916e+00,2.632573255874095075e+00,5.633278059187261988e+00,5.714908155960824132e+00,5.048197949247384742e+00,2.864079613690711401e+00
1.721501690516929362e+00,2.528194860153159862e+00,5.100601783389793198e+00,2.815463502497213444e+00,1.030347210751358933e+00,2.117594221598723792e+00
1.993406350420881434e+00,4.459903229951370562e+00,5.748971115963056988e+00,5.945574997811845286e+00,5.123016101271387512e+00,3.843119404890863677e+00
4.191120340189617988e-01,3.413835697638277100e+00,7.158648373752684257e+00,5.176965469565688593e+00,5.370754549924428467e+00,4.284729444107176377e+00
7.490943743229609986e-01,2.582523569014071541e+00,6.979124692332690394e+00,3.534574924167124266e+00,2.933600936229130873e+00,2.744153544521304333e+00
1.678093394210815825e+00,2.691335388945605978e-01,2.498892680473405736e+00,3.642124816084480798e+00,2.610349525748312693e+00,2.162879186291132072e+00
3.986789345295955300e+00,4.154300565932645739e+00,3.850518430343373488e+00,2.757881886522979720e+00,2.369618999834817608e+00,4.168155315721608467e+00
2.356954126588292731e+00,5.388739451091410615e+00,4.854332235878242585e+00,4.887844619492403453e+00,3.683977316185682138e+00,3.055684159123214005e+00
8.758795503915377534e-01,1.102325761052816322e+00,3.716383456013002018e+00,1.554283784848538019e+00,1.718391774693044383e-01,2.272891805034094048e+00
3.465410205698270296e+00,6.011504070672440747e+00,7.946513023113123353e+00,7.273586672970418832e+00,5.577043897406557704e+00,3.157333619479477882e+00
6.430844032949472044e-01,2.106129045969393765e+00,6.264963066996084962e+00,4.628594251698037176e+00,4.647689835042650763e+00,2.237634414627740931e+00
1.481756527899854792e+00,2.645810503502376676e+00,6.363161594620629025e+00,6.148165036196630240e+00,3.003891727457737026e+00,4.125418915993133595e+00
1.839382358498893311e+00,2.882965026091151461e+00,4.981509814635890265e+00,3.694566547350861985e+00,3.547308103765898668e+00,4.288371246881446552e+00
2.177408143132103735e+00,1.527429978040400371e+00,2.380981914418541123e+00,2.450196244965185066e+00,1.460027663389009911e+00,3.713409820792971772e+00
4.345877846411821288e+00,4.755015849250552762e+00,3.601391002171856925e+00,3.288295628512863722e+00,3.143469014928563787e+00,4.949522532328492375e+00
1.539691207991280564e+00,7.547793080139029165e-01,4.331383052228112263e+00,4.956138580993926901e+00,2.943040508919114284e+00,4.241956605692340787e+00
8.106661362778495583e-01,5.321518605581667671e-01,5.724219588948235682e+00,7.965368408918751975e+00,5.480324436823195811e+00,4.234042076912413854e+00
0.000000000000000000e+00,0.000000000000000000e+00,0.000000000000000000e+00,0.000000000000000000e+00,0.000000000000000000e+00,0.000000000000000000e+00
1.899164450482788702e+00,2.352613488409649456e-01,4.626032917747265216e+00,4.676383776665375080e+00,2.592282316219029603e+00,3.420666897837805198e+00
3.226477421348461494e+00,1.447783898788316037e+00,5.992840737056449818e+00,1.869527992508268177e+00,1.483239807667070087e+00,2.399194692629800674e+00
4.587170573390723760e+00,2.947795538034034379e+00,3.805738832421452500e+00,1.646677413192453532e+00,8.456464830566456925e-01,2.449930312585617553e+00
4.083270143806010388e+00,4.292391614436399827e+00,7.333964531862518399e+00,3.307849455196748778e+00,3.195621484238182930e+00,4.923865996691159097e+00
5.872447256671391003e+00,5.580954990084999068e+00,5.571067290267508021e+00,3.966640487928592140e+00,3.483126542407666726e+00,4.610478294151106660e+00
4.410198113862353608e+00,5.420039926054633028e+00,6.279992699436061976e+00,3.746821644293643061e+00,3.729281099436168034e+00,3.865638882735084270e+00
4.324933870272936076e+00,4.179172150270715314e+00,4.756273858880954997e+00,2.868351887504397180e+00,3.251501694936529407e+00,5.035284059063583229e+00
3.460861900131202429e+00,3.077178187553585964e+00,4.699662366760025023e+00,4.477262817152024788e+00,3.920328592749228847e+00,4.676205907987725396e+00
0.000000000000000000e+00,0.000000000000000000e+00,0.000000000000000000e+00,0.000000000000000000e+00,0.000000000000000000e+00,0.000000000000000000e+00
5.519589218823863774e+00,6.383579998782111353e+00,4.849231901519198473e+00,3.553851447222708515e+00,3.185299407833803720e+00,3.499768782327135064e+00
3.837975244761822502e+00,5.650002668768896896e+00,6.303444237509838288e+00,3.937878652001295166e+00,4.205914277800790302e+00,3.195995262716299301e+00
3.281100681221246429e+00,6.052886685288047630e+00,8.223838932202395924e+00,7.648644402190758029e+00,7.434013418576739696e+00,5.218297760459261525e+00
6.521002200686616401e-01,2.881032613091116801e-01,1.465579067911560340e+00,1.160930907827908420e-01,4.689475163421330528e-01,2.952364676190561532e+00
4.378549310943994577e+00,4.199104730540507369e+00,3.082495593618000740e+00,1.882746565662071880e+00,9.912415657083819553e-01,3.733269457030254479e+00
2.661316651712759107e+00,3.270173590413173681e+00,3.835789125066021654e+00,3.694172847046405472e+00,1.982375206193391026e+00,4.795219881635017778e+00
2.657923113449482067e+00,4.945832789366200188e-01,3.395514289057888213e+00,4.075662681962776368e+00,4.139826133606769432e+00,6.407342495936009463e+00
2.537069409238575712e+00,4.748685619449739548e+00,5.052508832529813532e+00,3.448036656135847977e+00,2.161650664976284553e+00,4.648392052866577195e+00
1.454723556732142153e+00,1.505129558100139153e+00,3.902821445816182511e+00,2.399884249109227596e+00,1.764563928299844431e+00,4.356593756881221857e+00
0.000000000000000000e+00,0.000000000000000000e+00,0.000000000000000000e+00,0.000000000000000000e+00,0.000000000000000000e+00,0.000000000000000000e+00
1.945999072180248035e+00,2.976587207181064176e+00,6.039973865272115994e+00,6.386797499427704139e+00,6.581454197553956220e+00,4.532095797488628008e+00
1.220807584308735150e+00,2.099441215568409458e+00,6.926046353763342545e+00,6.274125825525416644e+00,5.089585994787436007e+00,6.450473490962936651e+00
2.395662427771323877e+00,2.282897529692918592e+00,5.026351280786343523e+00,2.500989205976600349e+00,5.411170532439957270e-01,2.322464915987437983e+00
1.946137046767904444e+00,2.906094885335654965e+00,5.584880433897155605e+00,3.892739265459761455e+00,3.326805317103413095e+00,4.970712833563366573e+00
1.732381302460477945e+00,1.364165750889365869e+00,5.300196930537042661e+00,2.837320650551705903e+00,2.233751013669877494e+00,3.228997417702305306e+00
2.971570942007698335e+00,2.661937766004595307e+00,5.617503392137320972e+00,4.664610469607904264e+00,2.802226179051614530e+00,4.428053915925082684e+00
3.620536133147310487e+00,4.978038112153766903e+00,4.342695480524745300e+00,3.125167420134745022e+00,1.543505968205046708e+00,3.634263413888478844e+00
3.552193079656113195e+00,4.842319737617811093e+00,5.534179682884492024e+00,6.787128532251998081e+00,5.675363672593901398e+00,7.968822461753541475e+00
9.168995751874611244e-01,3.999180038477846644e+00,6.561060385575999021e+00,8.234235508636418288e-01,1.678929311260729973e+00,4.414621958206070396e+00
3.367222963769833211e+00,3.371911833763983068e+00,7.016867389859105408e+00,4.702780536943479639e+00,5.392966724264667278e+00,4.637395134369993954e+00
2.268168818715598167e+00,2.113871969947928253e+00,4.558013388622767614e+00,2.744520381412591803e+00,1.481647070475166972e+00,5.279156493717474419e+00
1.908991281832901343e+00,7.344270911069323837e-01,3.541495355687422908e+00,2.532504681304801775e+00,2.660183643198202219e+00,6.184925160941471489e+00
0.000000000000000000e+00,0.000000000000000000e+00,0.000000000000000000e+00,0.000000000000000000e+00,0.000000000000000000e+00,0.000000000000000000e+00
2.539535174563514630e+00,2.336439578740891143e+00,5.062980106000967595e+00,3.973791295300584725e+00,4.223074503939998614e+00,5.456635291591208414e+00
2.860852881152587290e+00,4.081352568265491421e+00,4.500490039157198474e+00,3.987432320080655401e+00,3.359016319820830265e+00,5.241667846547755971e+00
3.303095834847466605e+00,5.231530317097278449e+00,3.405864306109143591e+00,5.220510301245365525e+00,3.500189588189416057e+00,3.889303292980079707e+00
3.992971819767169528e+00,5.228113768468855227e+00,5.246194472199826819e+00,6.677079987768273384e+00,6.281727716786395632e+00,6.160062466627229227e+00
2.913023381890226471e+00,4.039958802939186633e+00,6.228833905541784510e+00,6.169292289620447178e+00,4.769149056842802992e+00,6.262841135266619119e+00
0.000000000000000000e+00,0.000000000000000000e+00,0.000000000000000000e+00,0.000000000000000000e+00,0.000000000000000000e+00,0.000000000000000000e+00
2.265067410989994201e+00,2.215917450134499589e+00,3.611530674111448569e+00,3.151266634126518973e+00,1.664312402976933614e+00,4.847591349703300523e+00
0.000000000000000000e+00,0.000000000000000000e+00,0.000000000000000000e+00,0.000000000000000000e+00,0.000000000000000000e+00,0.000000000000000000e+00
4.060593981202103464e+00,6.006611034227012702e+00,5.177607080659590189e+00,4.533714570797970467e+00,3.396654060878155690e+00,5.159908004576310603e+00
3.070207656346988223e-01,2.559587171210049750e+00,4.273670553102348890e+00,3.140170438377300588e+00,3.752093422341557627e+00,4.901788591058443778e+00
3.772098866919494142e+00,4.524588312805733814e+00,6.217027542557235442e+00,6.616503562965708518e+00,4.187866655210090272e+00,4.763118986866166082e+00
3.885352455219527101e+00,8.082451481221331946e+00,8.357938037150638877e+00,6.144339663069274593e+00,5.295449816668098109e+00,4.943852765269759253e+00
1.195048379873749234e+00,4.181830343098239311e+00,6.298633275222513817e+00,3.077274656615630377e+00,2.214959022961294099e+00,2.899243425259354190e+00
1.257359546756596114e+00,4.470501350975332855e+00,5.517848020503147488e+00,5.481316693375527294e+00,3.320923008723717373e+00,5.737633294436274234e+00
1.347920830968896144e+00,2.471372566416491612e+00,2.771006381881344627e+00,1.546403808570751881e+00,5.474284034701044632e-01,1.692710188273098826e+00
3.495788960017581104e+00,6.880007710682631838e+00,6.221074139646221468e+00,5.877806902977408043e+00,4.368664198959350209e+00,6.985292255433165565e+00
1.489026302637934451e+00,3.969394852866172663e+00,3.961513988412054932e+00,2.575479146940493180e+00,2.327599546094505811e+00,5.609624603446529356e+00
2.112643152668051805e+00,3.782881962978972723e+00,4.423463262677923780e+00,4.410108093321695399e+00,3.097189190562239514e+00,5.894216898681102990e+00
2.378491307967255608e+00,1.157138767852775807e+00,2.214503288268942605e+00,3.375892983130305502e+00,5.040742678986399383e+00,4.957856792985101180e+00
2.209023210437763840e+00,2.636643648985206312e-01,3.188557905603400577e+00,2.543428500696617078e+00,2.175299850003933777e+00,3.626891461784744308e+00
3.151582698343274203e+00,3.701109059816341862e+00,5.586124615567611862e+00,4.535029627168132293e+00,2.891781008541074893e+00,4.809285604803662295e+00
3.941965943403400896e+00,3.841867915678960799e+00,4.757002028590311404e+00,3.506537784255680190e+00,4.269000594008177885e+00,3.786304462025823714e+00
2.340583381065759916e+00,2.059895019102573777e+00,5.941104569742270414e+00,8.909898588843304879e+00,6.896229074207866461e+00,3.580913577851406515e+00
1.515640773023939181e+00,5.416616869614998997e+00,8.431147900140707918e+00,3.776803336647776899e+00,4.143337564871833578e+00,4.830516782966014944e+00
2.345323484622356069e+00,3.082385860760414431e+00,6.726793921427382195e+00,4.769388876719403925e+00,5.915141828157393533e+00,5.764758312152677533e+00
0.000000000000000000e+00,0.000000000000000000e+00,0.000000000000000000e+00,0.000000000000000000e+00,0.000000000000000000e+00,0.000000000000000000e+00
0.000000000000000000e+00,0.000000000000000000e+00,0.000000000000000000e+00,0.000000000000000000e+00,0.000000000000000000e+00,0.000000000000000000e+00
0.000000000000000000e+00,0.000000000000000000e+00,0.000000000000000000e+00,0.000000000000000000e+00,0.000000000000000000e+00,0.000000000000000000e+00
4.323269823877581075e+00,2.690861783623697878e+00,4.150212211132902063e+00,7.080004314237823948e+00,4.591883073845160368e+00,5.414998703343545827e+00
1.949680893116488178e+00,3.820203958102112551e+00,5.728733560019010795e+00,4.229805606768253234e+00,3.540703153971004991e+00,5.095470246348098087e+00
0.000000000000000000e+00,0.000000000000000000e+00,0.000000000000000000e+00,0.000000000000000000e+00,0.000000000000000000e+00,0.000000000000000000e+00
4.810650154870723227e+00,4.139425735646343085e+00,5.847234014337482577e+00,2.531551474774510258e+00,1.736608664434700078e+00,2.509702562075052157e+00
3.577712028245301212e+00,1.565012558755475514e+00,5.510773071707532722e+00,2.927976196261647956e-01,9.104910008756208484e-01,3.389494135223520832e+00
3.340067986891578578e+00,6.153211582983004746e-01,4.816433866898223393e+00,4.199220240310674868e+00,4.455812791064385436e+00,5.085569319558079115e+00
2.452509556304059313e+00,3.284313157822469353e+00,5.628903216000018972e+00,7.016332261035839402e+00,5.242512705620276492e+00,5.132184307617080776e+00
1.754067210297749035e+00,4.220153872956107222e+00,7.745179868427646497e+00,4.965803790931454742e+00,4.164767543824009266e+00,3.508381040597930323e+00
2.613912310293700969e+00,5.243640878596535160e+00,7.200225968666472909e+00,4.393592547237179957e+00,3.057900947795000324e+00,2.367408713415838140e+00
1.221074061295604363e+00,3.829384450304898380e+00,5.862114729753395537e+00,5.516998035747594287e+00,3.995630078010175446e+00,3.860859856172668803e+00
1.766016416851416526e+00,1.214234925808918675e+00,3.607658551529871360e+00,1.491528384444900546e+00,1.099701645910914127e+00,4.779337665923446110e+00
1.010310723920922360e+00,9.593239212308595221e-01,1.608258965351327507e+00,3.416840853968590164e+00,2.110408439484762422e+00,3.195308332016374653e+00
3.554045291753007874e+00,3.042557579107143084e+00,4.856539659602026937e+00,4.339600114804152753e+00,2.818595134943878922e+00,4.113784336915989215e+00
