VR1,VR2,VR3,VR4,VR5,VR6
2.277999463309888561e+00,3.046064002696016626e+00,5.189608560577877228e+00,3.876250845312006366e+00,3.206822592079490164e+00,4.349978286868391386e+00
2.375282270600509449e+00,3.046934768611390343e+00,4.962731857011647207e+00,3.822038896785316719e+00,3.273527095994305913e+00,4.167159498915058435e+00
2.189490870044206172e+00,2.810677477492408816e+00,4.828443000414793573e+00,3.949790211988617905e+00,3.354467122433166804e+00,4.034588125384314772e+00
2.504986476406154683e+00,3.331562722385242648e+00,4.735467661447895438e+00,4.009382329992464022e+00,3.176764838465995666e+00,4.224776392515054546e+00
2.483795312151297452e+00,2.922968190335647254e+00,4.767331695414260828e+00,4.031004277427499893e+00,3.044949993297075608e+00,4.214316388737241681e+00
2.482535813117428880e+00,3.037945360430750252e+00,4.806836183975577548e+00,4.033020182980444623e+00,3.008616633798342654e+00,4.218799353820449127e+00
2.428319091426865750e+00,3.231276849539193030e+00,4.787336337180162715e+00,4.088665384801924318e+00,3.042527177243373071e+00,4.426201701110179521e+00
2.394215986166703836e+00,2.887209512768291297e+00,4.437425444680154207e+00,4.062569895267031939e+00,3.022487952957756185e+00,4.133693623102884018e+00
2.381062465156484009e+00,3.100791771221467208e+00,4.705521959407917620e+00,3.995639224609455198e+00,2.841473067272338504e+00,4.250717931329042187e+00
2.317908207727419789e+00,3.079330228109619760e+00,4.386311167914330511e+00,3.915756919798735414e+00,2.954119430474707819e+00,4.167946629313158624e+00
2.673201569049916682e+00,2.984161211477286191e+00,4.419756168901103344e+00,3.845795223868791801e+00,2.730628872200342006e+00,3.865269268588898743e+00
2.309474366594661987e+00,2.875832787773574317e+00,4.773124698695887069e+00,3.875807006780175534e+00,2.733493916559875725e+00,4.092069658625966611e+00
2.189879782450532275e+00,3.064272187583006790e+00,4.811050846866470998e+00,3.813318309044263277e+00,2.936028694087471802e+00,4.309654515832499477e+00
2.454926610854547775e+00,2.859616550094497445e+00,4.895765658446890711e+00,3.931513815176059801e+00,3.140432597362242007e+00,4.236053040156177119e+00
2.476342917444097846e+00,3.049065527981414725e+00,5.089532136568380771e+00,4.091174216865527846e+00,3.359875381927532434e+00,4.545292077823622989e+00
2.505182864779874397e+00,3.104132828583448411e+00,5.000310654084596074e+00,3.907791765887256741e+00,3.384253046824939659e+00,4.256267531863259457e+00
2.269721998585669365e+00,3.177704237692479339e+00,5.125691447652322097e+00,4.227047290991092332e+00,3.438394277323913784e+00,4.083628303959296879e+00
2.289480735834234171e+00,2.968518747574723005e+00,4.967467207077449487e+00,3.890064898646546254e+00,3.582274138725939583e+00,4.538664364641189941e+00
2.361112265657124620e+00,2.931932048052839690e+00,4.819635107210885394e+00,4.039067257091310204e+00,3.072592155321193452e+00,4.158486219761525327e+00
2.589181527581684072e+00,3.053044929826851384e+00,4.509896817887551812e+00,4.133339159130981599e+00,2.923709903235930607e+00,4.251220852071423195e+00
2.426339989589059609e+00,3.215830085121813564e+00,4.537628417031515760e+00,4.302385090832387071e+00,3.071778998807416006e+00,4.206226732280160974e+00
2.442914284183923534e+00,2.801453152825837734e+00,4.879594043407957216e+00,4.091788030655664876e+00,3.272137758006833153e+00,3.997749025621675223e+00
2.508279773411986824e+00,2.807458007162024760e+00,5.015550904716111980e+00,4.140764491633537325e+00,3.163370926816411188e+00,4.135656451692375946e+00
2.477439366712887114e+00,3.000441085723774215e+00,5.083574625517058188e+00,4.140353562686929223e+00,3.012818220189934504e+00,4.233777048297705292e+00
2.371952322700061178e+00,3.045512444174990119e+00,5.300517657659353787e+00,4.286853873078034560e+00,3.061118958588012084e+00,4.190002075228120404e+00
2.312738573052900204e+00,3.362988769500863118e+00,5.218924433469539714e+00,4.147196706545876133e+00,3.226747947009107165e+00,4.704015617989244724e+00
2.231455048191245183e+00,3.047880084076415308e+00,5.144193026798493662e+00,3.938049197781987143e+00,3.502408134629488856e+00,4.396487227854238178e+00
2.315650853902798900e+00,3.002421585128806747e+00,5.080063873570212607e+00,4.227984837194811440e+00,3.412614385835268660e+00,4.081333792026902607e+00
2.244234089743450511e+00,2.941972601959037092e+00,5.361480123529493547e+00,4.257943164219602394e+00,3.534280984971569950e+00,4.346615888736032218e+00
2.336187862064643461e+00,2.897908120980402735e+00,5.092832885988836544e+00,4.033305523745980281e+00,3.480000862445868037e+00,4.284321409726556062e+00
2.212852547434101869e+00,2.862941885743814474e+00,4.949793635020516724e+00,4.191267054143827941e+00,3.428697191571384639e+00,4.193691057625238194e+00
2.505950728970855135e+00,2.973075091469363329e+00,5.118817806806639226e+00,4.007985497960059540e+00,3.150603304152795658e+00,4.234647551076911931e+00
2.288815998703785493e+00,3.241719082390167816e+00,5.112793439045257848e+00,4.191979678654452535e+00,3.372361997926897725e+00,4.392155661779002962e+00
2.518791344253640929e+00,2.964453277151943844e+00,5.244184306708205234e+00,4.186824936567422384e+00,3.339495595165087316e+00,4.179057447083160071e+00
2.276450707058032208e+00,3.299010603027457300e+00,5.021834373319660649e+00,4.055825469729440691e+00,3.254191007193611984e+00,4.389518426479378732e+00
2.556845829945642024e+00,2.966240641699793290e+00,4.986170340408656365e+00,3.945079720901483178e+00,3.279354797596159887e+00,4.060216062225526557e+00
2.539750959801183150e+00,2.828249226155591600e+00,4.897958838908786028e+00,4.021267271335424276e+00,3.304381606532403648e+00,3.983146355103859726e+00
2.492136352890658824e+00,3.126441618835451131e+00,4.799447817309300923e+00,3.975904132526611345e+00,2.994741369741292125e+00,4.327883238891486073e+00
2.391980584129472120e+00,3.051457707843976408e+00,4.861986883367846346e+00,4.079423746089654301e+00,3.188392221061288723e+00,4.279390876761074658e+00
2.612477604632110761e+00,3.018519455586506250e+00,5.177990605908365573e+00,3.927027506216203001e+00,3.339696138858600172e+00,4.092081202879549906e+00
2.262091918265350721e+00,2.965500826981279481e+00,5.099140144167879640e+00,4.126662157289761268e+00,3.352262810285624894e+00,4.298010896698747807e+00
2.362483937631700837e+00,3.026813143844654608e+00,5.102240483316442976e+00,4.036329146020939618e+00,3.638468997570758479e+00,4.329039846840670336e+00
2.258891310052207224e+00,2.804416601382091923e+00,4.956937388296885239e+00,4.036666831640094877e+00,3.543746598983102736e+00,4.280242438606802757e+00
2.322836626352345668e+00,3.100700883142400777e+00,4.886195590954734769e+00,3.797980928663333700e+00,3.334018291994468974e+00,4.290980151178250601e+00
2.498121529084801118e+00,2.833137356206175461e+00,4.764727430852707890e+00,3.964923566455531567e+00,3.179465166795504061e+00,3.983356003461385519e+00
2.269877414174069852e+00,2.943848177558701540e+00,5.015233849655526654e+00,3.991085143373343858e+00,3.127942963323532943e+00,4.121433350243478344e+00
2.328361679266498285e+00,2.915907643633498747e+00,5.023039605757849024e+00,3.889392240170058024e+00,3.228332526763228572e+00,4.149783115116029819e+00
2.437507146355012200e+00,3.020801905113914998e+00,5.277665558923681388e+00,3.913971282845240207e+00,3.197589454318868984e+00,4.427756337430852618e+00
2.284461485467179642e+00,3.024829058012297622e+00,4.990703498486354306e+00,3.974165353855416249e+00,3.502092680343696252e+00,4.270219212783591622e+00
2.333935423101177076e+00,3.136701685962468567e+00,4.997462532629655563e+00,4.035959703893886363e+00,3.326951185596710658e+00,4.319669793636376376e+00
2.370994838842938268e+00,2.962168728679493768e+00,5.087741019961195654e+00,4.110999559908649736e+00,3.229732377162682244e+00,4.335381980847182959e+00
2.620676462662319572e+00,3.141126315867673657e+00,4.954559665913762068e+00,4.113926320220372190e+00,3.094265982444788232e+00,4.163453358019015837e+00
2.435580032282023133e+00,3.109224993859101449e+00,4.792257905948695829e+00,4.195487865061548582e+00,2.989290120715441645e+00,4.217878415447115614e+00
2.527057202210630127e+00,2.963204927122916388e+00,4.901712082843793006e+00,4.087969956992637321e+00,3.240426959937053208e+00,4.049726795930401302e+00
2.381938779549035434e+00,3.070746783296042004e+00,4.923835982044719728e+00,3.961975155965957729e+00,3.057527189610804275e+00,4.225165228892301172e+00
2.397360138332865986e+00,2.889325470492600356e+00,5.109879788041326698e+00,3.884811086867967944e+00,3.286441046708255431e+00,4.343656416329925385e+00
2.389255294313302525e+00,2.927380554452550854e+00,5.235472792959057209e+00,3.843945316561623748e+00,3.511566904994584348e+00,4.346928481879661632e+00
2.556243009083287721e+00,3.035352397301224858e+00,5.012315235765578691e+00,4.056438566778588495e+00,3.267179495108660348e+00,4.127887588242758810e+00
2.454056155311965526e+00,3.069149472237143961e+00,4.978504156291964300e+00,3.989202739179546597e+00,3.151412761484625680e+00,4.163522059482502868e+00
2.486518661635926275e+00,2.956077846954699773e+00,4.790713799370156067e+00,4.093839598833790561e+00,2.976952602393008185e+00,4.272551300721726619e+00
2.512568266497593683e+00,3.208738028316298951e+00,4.861122713403237761e+00,4.225876577254699562e+00,2.750704260607535367e+00,4.250604346524817778e+00
2.502309016621422799e+00,3.146347479011451842e+00,4.847048279950835870e+00,4.109053277956829398e+00,3.051992322245714817e+00,4.171239471456797077e+00
2.281716973660043113e+00,3.094854052116728038e+00,4.723880364283234989e+00,4.211071123793617588e+00,3.131096728218196290e+00,4.273246187523715101e+00
2.233290773847529387e+00,3.112910079714650280e+00,4.835074162370163187e+00,4.070313722920792188e+00,2.861553104605704778e+00,4.121353668995329400e+00
2.526819785669820018e+00,3.127592460263646679e+00,4.784168264228292777e+00,4.014872618391818193e+00,3.166875284858318373e+00,4.100122680257817898e+00
2.425404377636777298e+00,3.068256035711349750e+00,4.852774291546843699e+00,4.086895488170634749e+00,3.171679355541035417e+00,4.142591902539007442e+00
2.412739215318211006e+00,3.083216224183269905e+00,5.208448995133433179e+00,3.879940248138443071e+00,3.379297986933890385e+00,4.355734701696955646e+00
2.373733133542050844e+00,3.067939812423437385e+00,5.180292576707946850e+00,3.773031988653967161e+00,3.170621350247948111e+00,4.346417082955303712e+00
2.430442101274715494e+00,2.943918912613305405e+00,5.136244672969607628e+00,4.032804213916914016e+00,3.089860934394964342e+00,3.986289643340279909e+00
2.594293011936403381e+00,3.055294527360572943e+00,5.020467127468048574e+00,4.075879265921125594e+00,3.175936057581611127e+00,4.454520447586943099e+00
2.489069110930718143e+00,2.991923521221927285e+00,5.178104649734849296e+00,4.026761228907022705e+00,3.341750397544863915e+00,4.265238598716419638e+00
2.267743202459880258e+00,2.884068673181740206e+00,4.970754872758914367e+00,3.994802263968787681e+00,3.348895017481174463e+00,4.287200297469357935e+00
2.358980012867903486e+00,3.004403043520312622e+00,4.957185926216163274e+00,4.120148473483190799e+00,3.217001153112750256e+00,4.217835991432107967e+00
2.500655093568935339e+00,3.079882792572218975e+00,5.061316336018158779e+00,4.015637800984571903e+00,3.089079940331306950e+00,3.984098025399076093e+00
2.332357757189283731e+00,3.073179405904947536e+00,4.861721674734740262e+00,4.111362291081217535e+00,3.225381013247933915e+00,4.340657808485692826e+00
