VR1,VR2,VR3,VR4,VR5,VR6
2.936476640782188063e+00,3.465181549496842539e+00,5.907965291288885368e+00,4.344833206699488137e+00,3.395099526164927717e+00,4.253788059688003109e+00
2.921256755030193553e+00,4.087590924558453409e+00,5.878145239659000154e+00,4.315107212125085745e+00,3.480808747084748855e+00,4.317148886358162407e+00
2.965865099527707383e+00,4.607355790134478823e+00,5.976959787244433997e+00,5.117505198652555265e+00,1.924986504215169925e+00,4.774544849140150760e+00
2.680512839494031851e+00,3.618077398019218904e+00,5.500858275823327759e+00,5.249282438503868775e+00,2.191213680922592388e+00,4.316596387527342316e+00
2.483356371341838731e+00,4.041023306057017095e+00,6.186553365885136380e+00,4.498132128078363934e+00,2.210391299458926540e+00,4.558128932913562359e+00
4.264685841786483245e+00,3.001542243224273765e+00,6.156431362685935937e+00,3.770163716438592161e+00,1.668647824357919252e+00,4.070534331782854842e+00
3.138391538152015769e+00,3.207593742236746870e+00,6.234397986227283361e+00,4.282463559347118753e+00,2.475665418411218788e+00,4.361445714083982850e+00
1.512038501671426616e+00,3.494280811956554267e+00,4.661566081854910060e+00,3.461605507503561441e+00,2.998540438471460234e+00,4.232966709112719883e+00
3.452177462389134366e+00,3.494926091747569075e+00,6.342986023439276977e+00,3.656982000808106648e+00,2.641666389999945963e+00,4.952580719785474095e+00
3.219654051123379546e+00,3.186302212806483514e+00,6.127159067602291564e+00,5.107779694786223956e+00,2.017549122114683069e+00,4.904011198138836569e+00
2.860723012695078005e+00,4.879403156111427720e+00,4.270168579850116330e+00,3.788559077407337661e+00,2.538252657004743007e+00,5.318734894032430383e+00
1.518500505767507169e+00,2.145735984956892661e+00,3.910117307123606167e+00,3.280918799192879654e+00,3.121460796889413025e+00,3.363282162674141151e+00
2.304840306884563539e+00,1.998707291931490326e+00,5.589355746395504809e+00,3.000545477884964729e+00,3.769178179128510386e+00,4.432037029621460178e+00
1.908177159823809532e+00,3.079707814359282647e+00,4.359140605722700457e+00,2.890247145348291635e+00,3.792682364225202996e+00,4.665848784809767835e+00
2.831165933688073455e+00,8.861528763878268045e-01,4.715043894829479498e+00,2.808773593101936861e+00,3.750842838989623562e+00,3.068189952833131340e+00
2.428780645951009287e+00,2.522697520256879766e+00,4.480746784174618469e+00,2.975365128188375508e+00,4.139832631108190775e+00,3.202185570058916575e+00
1.587914119999926044e+00,3.056620163803048129e+00,4.871369908369000079e+00,2.040499093583044932e+00,4.618488583003710346e+00,4.298502432597803846e+00
2.815185328059748304e+00,2.953069253324783983e+00,5.925560069442337152e+00,3.006430751282595182e+00,2.932913357242655117e+00,5.117015913798924842e+00
1.753062454775891510e+00,3.444534511136380761e+00,4.135444456348812636e+00,3.103009274937801543e+00,3.911984631995264916e+00,4.696720520398449672e+00
2.485560608701109064e+00,2.835599475841869666e+00,4.730664280792306720e+00,3.491065439036523443e+00,3.790439790612347704e+00,4.105549872921295140e+00
1.642989520353053345e+00,2.195159381938398990e+00,4.082002939677646047e+00,3.292282554064999811e+00,3.780541487718799498e+00,3.752301642184063812e+00
2.149313615639804720e+00,2.222843032852893863e+00,3.566770853911595651e+00,3.461997589388286833e+00,4.252723136541428417e+00,3.881676567509844133e+00
1.225066865848914777e+00,2.263762487464317186e+00,4.317612636613343824e+00,3.226107735267857990e+00,4.309624390515880421e+00,4.618143459810982066e+00
1.649655290901266280e+00,2.470806312361611745e+00,5.108976963319728171e+00,3.246981815103951785e+00,4.336338572658221757e+00,3.538586961587215640e+00
2.960303540773220554e+00,3.279963772045137116e+00,3.362781048080970336e+00,3.592112558666805899e+00,3.335513725374420702e+00,5.876679419677479643e+00
2.440406200754390742e+00,1.526337756613121321e+00,4.793581002540004299e+00,3.347389386606206330e+00,4.475400993171348318e+00,3.601993685985822147e+00
1.608331591351798595e+00,2.956858608426078394e+00,4.766318649797476326e+00,4.504091120281175975e+00,3.304665817108564330e+00,4.724760870243311928e+00
2.569384859461486759e+00,3.075080071709123342e+00,4.768393051324093967e+00,4.745144206567269762e+00,3.289312028987047665e+00,4.543291695463413937e+00
1.931500392788150666e+00,4.088117813816506185e+00,4.125877907542220058e+00,5.244403702514754073e+00,3.069942779030805813e+00,4.770234306913843092e+00
1.518756245403605876e+00,2.938620647917419060e+00,4.506741591510412093e+00,4.892896164784558799e+00,3.528538503859852682e+00,4.624810513842106729e+00
1.470290153759149065e+00,3.591118807623701947e+00,4.013591434151736692e+00,4.001873447273607276e+00,3.601074987421247542e+00,4.293053153612511608e+00
1.699536004629762509e+00,2.486607551603860156e+00,3.866104493271564468e+00,3.607790221929901620e+00,3.363500714290584614e+00,3.184153731670913423e+00
1.656276854381049990e+00,2.122086650509523942e+00,5.736071746985185626e+00,3.931267618330833269e+00,3.876344493805766511e+00,4.069873649616658540e+00
1.891155324923889047e+00,2.907424658373317872e+00,5.610822127962762806e+00,3.698787883046041003e+00,2.572977759906964756e+00,3.995545224007655882e+00
3.210438997779084147e+00,4.034765781791694650e+00,5.140265191614658669e+00,4.554826810764279976e+00,2.056706975226542333e+00,4.335750902536061879e+00
2.674955911576964773e+00,1.657467066991239024e+00,5.021434324184970599e+00,3.772070402806766865e+00,3.140413415249473594e+00,4.585572529813435771e+00
1.925515543815756736e+00,2.287699794201620396e+00,4.910812246852115592e+00,2.896950656755870934e+00,4.192912100064289049e+00,3.801654740447116598e+00
1.477684119987467959e+00,2.248577222503038708e+00,5.737096236635583324e+00,3.226617197227290568e+00,3.353280683197890077e+00,4.035791562474801530e+00
2.515014299951014554e+00,2.812080017638601603e+00,4.972217542874561858e+00,3.550793359455049814e+00,3.501038913389968421e+00,4.425589936788044909e+00
2.554052048907394568e+00,3.215141866851365382e+00,6.312062265424868812e+00,3.559487673745119984e+00,3.428318661407940393e+00,3.855429842987676992e+00
2.812745162859289660e+00,2.610242684472867669e+00,5.288156227982871549e+00,2.594637396111575178e+00,3.040130632054319548e+00,4.463487251820453139e+00
2.673268902389051238e+00,1.834558264010541562e+00,5.587983636059304260e+00,3.098874976886574206e+00,3.378504844986910172e+00,4.199048787466269417e+00
3.276776307885608475e+00,2.956345738584391203e+00,4.477555998096909740e+00,3.049223323323227319e+00,2.989857380903934825e+00,4.524912557079158404e+00
2.550410078873350361e+00,1.906016965182685485e+00,5.897731163914511576e+00,3.821250641237876611e+00,3.716884637151414594e+00,4.350883079873564263e+00
2.671422001765927590e+00,4.510896043482782503e+00,5.060195521937775887e+00,4.070816156816254860e+00,3.117532733478816542e+00,4.667708805392130955e+00
1.631303233534199260e+00,3.182360535413621960e+00,5.651101780480152215e+00,4.516712338991004216e+00,3.379749419969254820e+00,3.974300254037210323e+00
2.763217384188399794e+00,3.844299094728842903e+00,5.161438018997624333e+00,4.599972436535040288e+00,2.698134914277975582e+00,3.339605030267091657e+00
2.371224599886420759e+00,3.047729834055990406e+00,4.591948091677929611e+00,5.092364133775465262e+00,2.979366630367739077e+00,4.727304659941542475e+00
1.739010933672170189e+00,2.954466025362442405e+00,5.099971336155022961e+00,5.603051670332987122e+00,3.232579941322789807e+00,3.189128053348463165e+00
2.415430000371568742e+00,2.696634458932731349e+00,5.345523170820444037e+00,4.686071415506519067e+00,3.075297207761134022e+00,4.011211472558411373e+00
2.308954289278786209e+00,4.129418797543690900e+00,4.607185698257796780e+00,4.342558398509467565e+00,3.162677633548876877e+00,4.567291083961222853e+00
3.846066778573481670e+00,2.971641849402333779e+00,4.953655705643047469e+00,4.875802289964810576e+00,3.271206704250850361e+00,3.946033211751774239e+00
2.576082084056070531e+00,3.740767364232707060e+00,5.675638692100665850e+00,4.089633034001875167e+00,3.051064001129564218e+00,3.698940314923101269e+00
3.013522231290078679e+00,3.469655339405675942e+00,4.626733758558549958e+00,4.281853380243068052e+00,1.501951579554898775e+00,3.958019610690759471e+00
2.290904814249390853e+00,3.303901380477014538e+00,4.917320944333257060e+00,4.528451934798299661e+00,1.849152702958515304e+00,3.511754236839289334e+00
2.108542409022435393e+00,3.337345246345298833e+00,4.114009018939507101e+00,4.531597438016585322e+00,3.461333222651544972e+00,4.577088720768182739e+00
2.133747465667605425e+00,2.425425540750623110e+00,4.151696615853733618e+00,3.803785374316685619e+00,2.628105763019093821e+00,3.159195661762285834e+00
1.250228679324088654e+00,3.029392284827912896e+00,4.579582865476040432e+00,3.503199853599523017e+00,2.354751467747511207e+00,4.065338460634073670e+00
2.384878278704807286e+00,2.938116870649372103e+00,5.469996412439845912e+00,3.911746431620344744e+00,2.482325067310948263e+00,5.235498832079264808e+00
1.572097302158106835e+00,9.094195387451673440e-01,4.346870100135634907e+00,4.218153191564992355e+00,2.910717485311590913e+00,3.512714996384186605e+00
3.010571618986000342e+00,2.729861419421108604e+00,4.397773922503600552e+00,3.849156028421150566e+00,2.850071331978752731e+00,4.883523151792773298e+00
2.238659135063641337e+00,2.632679611001174536e+00,5.231713493908444867e+00,4.331428617180091756e+00,3.928117368634491680e+00,2.973760801942892940e+00
1.864749105884166536e+00,2.646588430742161879e+00,5.539592128077646116e+00,4.110399520934254092e+00,2.255469482506694767e+00,5.715676759075520863e+00
2.404414093234481076e+00,3.454785224481521588e+00,5.280228223629975126e+00,4.662040061585744688e+00,3.107767678667899602e+00,4.549023701222050242e+00
2.633268503183721965e+00,2.351838276791848870e+00,5.699235584795135701e+00,3.980007420913716398e+00,3.861004977410417816e+00,4.362624213315882571e+00
3.269718935468938881e+00,2.509847652554796582e+00,4.425271562427241179e+00,3.429420238810574784e+00,4.393180509141787482e+00,4.278601153456738082e+00
1.639117496724810774e+00,2.455803844226175592e+00,3.812458633879635794e+00,2.286356699730100583e+00,4.149588433156695011e+00,4.598740278234218160e+00
1.633168734118743082e+00,2.496678202689218917e+00,4.533112723178137848e+00,2.647591076063866566e+00,4.585709354582508723e+00,4.231243798393412803e+00
2.048170462247494328e+00,2.963014729352683840e+00,6.162112878464216514e+00,3.729410578295373035e+00,4.388238545066651675e+00,4.020167001464971968e+00
2.198814307412280566e+00,3.574077600729183235e+00,5.693091190534590673e+00,4.813745111253695974e+00,2.826970848876193543e+00,4.702626070158277827e+00
1.501338247894983269e+00,3.926689738796523610e+00,5.037473444082916529e+00,4.399803858574262705e+00,3.531532955937041418e+00,3.839892910211021082e+00
1.452125214314467394e+00,3.577943872442846285e+00,4.316453469634282669e+00,4.533686286100541807e+00,3.495408571782473217e+00,4.581339927467577233e+00
2.379768592231760405e+00,2.734973124466924421e+00,3.847346742160330457e+00,3.747957376733897839e+00,2.897826206120637238e+00,3.538698564615059716e+00
1.144803219820459628e+00,1.003471346990188806e+00,4.419519458412541013e+00,3.183298953563102884e+00,4.472380615962515904e+00,3.329949293968318180e+00
1.207350034175882048e+00,2.893041169991842132e+00,3.715264192555880030e+00,2.685088902727076565e+00,4.728792817157074779e+00,3.715600484603502007e+00
