VR1,VR2,VR3,VR4,VR5,VR6
2.954197253684893276e+00,5.176876733741704761e+00,4.431373717536335022e+00,4.069690803961252712e+00,4.878708446861416803e+00,3.860112046512892192e+00
2.452557023368086675e+00,5.322171646125584132e+00,6.130196135846572858e+00,4.292221599424988376e+00,5.643152499015673840e+00,2.279663713977700734e+00
0.000000000000000000e+00,0.000000000000000000e+00,0.000000000000000000e+00,0.000000000000000000e+00,0.000000000000000000e+00,0.000000000000000000e+00
2.478266371068355234e+00,3.742701126661977185e+00,6.707387359390166282e+00,1.376677777611684306e+00,4.533752576545474255e+00,2.121371847220007822e+00
2.487519559873546893e+00,3.893915912061856499e+00,6.283899115846208083e+00,1.538972669333883658e+00,4.789096935027206570e+00,2.377181372332428655e+00
3.957080025138334900e+00,3.233156080365401142e+00,3.169046494979746775e+00,2.511658979562923832e+00,3.697321754980263275e+00,1.447352181414691685e+00
2.249017608870183871e+00,3.149793193996713647e+00,5.327688395506613439e+00,2.013650607335240039e+00,3.970018551185165556e+00,1.888271992911825237e+00
7.623926707658625901e-01,5.342234390790839171e+00,6.515635507987065367e+00,3.019485045136969248e+00,1.782430715492520079e-01,3.881429958921558843e+00
6.888452696931812724e-01,3.565591484482145912e+00,4.162908316464569047e+00,4.232923864248173018e+00,2.100860810154328906e+00,3.052002521719405781e+00
5.236909432797924424e+00,4.148586377700801187e+00,6.689191641766105256e+00,6.372131967433771749e+00,6.793284397535174435e+00,5.863698654293099999e+00
1.653001679615925701e+00,1.365175967491084608e+00,3.953115683679449432e+00,3.329853378949745313e+00,2.016575894792917989e+00,4.446395198609972788e+00
5.275667298807102057e+00,2.770087051073022444e+00,5.387455228706616417e+00,5.592915696994106511e+00,3.809694578136292531e+00,3.066150554429178055e+00
2.126809899378950153e+00,3.804992207383684821e+00,6.318489543168359646e+00,4.497779862493448633e+00,3.792053924188537373e+00,2.882588577992532208e+00
4.775990801753873249e+00,2.920745700062147066e+00,5.319519688567678095e+00,2.649778485881959078e+00,5.472157937528794314e+00,2.999187735892403506e+00
1.412808219297114753e+00,4.621834119563736465e+00,6.590495364861203242e+00,1.474982210279947026e+00,5.300482263395242200e+00,2.791867602036954388e+00
2.424720030016510819e+00,5.774542130785219385e+00,8.648486692304219403e+00,4.628668646536140407e+00,4.855094186480054752e+00,2.886576362618125113e+00
0.000000000000000000e+00,0.000000000000000000e+00,0.000000000000000000e+00,0.000000000000000000e+00,0.000000000000000000e+00,0.000000000000000000e+00
1.242240068890408056e+00,5.522290562633584088e+00,4.709610147572625749e+00,4.053574073420661783e+00,2.262541628230093416e+00,3.347269307706469466e+00
1.433198723871367264e+00,4.508551762081978609e+00,6.732398284358538376e+00,1.000150541075604860e+00,1.930347371022577585e+00,2.284549818627097384e+00
5.398243414910773197e+00,6.077500848952679391e+00,3.192653813358321102e+00,5.028968698489130418e+00,5.084724466415948108e+00,2.375534891631247092e+00
2.876289863942667502e+00,5.617736183839962649e+00,5.886417759941935834e+00,4.821145581139627545e+00,4.102288971118525751e+00,4.215335396099410659e+00
2.579972971203121634e+00,4.273817871744909347e+00,4.396452179326000298e+00,2.157871569045671123e+00,3.233692144310533756e+00,2.458860487813492313e+00
2.119076522936020890e+00,5.406590542272402544e+00,3.816534469897890247e+00,3.922494395267772660e+00,2.539545533333646965e+00,2.991973635466768755e+00
2.705694029766439357e+00,3.720400292546885979e+00,4.451505246795434800e+00,5.122739717437594820e+00,2.013419327121079405e+00,2.057982123228299542e+00
1.754487569759813681e+00,5.901635624309303552e+00,5.582871793045812048e+00,4.739175180064399306e+00,3.188909479985353457e+00,3.311413464459906031e+00
4.643099101155071295e+00,5.380505857550884841e+00,3.920032628714980927e+00,6.601231686874221793e+00,4.312234511157792660e+00,2.508176850111675016e+00
3.522670750296922115e+00,3.108559953766122153e+00,3.930948962477708974e+00,5.409797050068571700e+00,3.808437371225763535e+00,4.273351359913661440e+00
3.255081274920770706e+00,2.006902167969235151e+00,5.251906433960012777e+00,5.296770838844065743e+00,2.811401324310847549e+00,5.270559300846419326e+00
1.050142643094028605e+00,9.816604680405993655e-01,3.112913056840755033e+00,5.200409513147613794e+00,2.446440839470995776e+00,5.692128750841434659e+00
2.345894407617734601e+00,1.187261729063244786e+00,3.249169203240713344e+00,2.785068306902289237e+00,4.687462014198317206e+00,6.066895743429902232e+00
0.000000000000000000e+00,0.000000000000000000e+00,0.000000000000000000e+00,0.000000000000000000e+00,0.000000000000000000e+00,0.000000000000000000e+00
4.088493021576771191e+00,1.898194585608375951e+00,5.106732993452665959e+00,2.499596176755433330e+00,2.908017347925427210e+00,4.004737691759467921e+00
2.990822810886564653e+00,1.443705491509968963e+00,5.922632415715736620e+00,4.575285121945788624e+00,1.519083734143749753e+00,6.009498085848806070e+00
1.640462444293993016e+00,5.401165168126005334e-01,3.980112591867862371e+00,5.675713508142825603e+00,8.775096946632756634e-01,3.824577666169630241e+00
4.008386525285061452e+00,1.733303470368974253e+00,2.484565418032474771e+00,5.633255082373733735e+00,4.217218895810051826e+00,5.860373788053011346e+00
5.398602819923281615e-01,3.080628671541334462e+00,3.484317738040850543e+00,3.974391028193962505e+00,2.262936347659286529e+00,5.470795751183297639e+00
2.807585063403229331e+00,3.727723093780027863e+00,5.413659469106065991e+00,5.386981453111826745e+00,3.884975796804079451e+00,4.243233399300617492e+00
1.387225041695935079e+00,2.987399850003077617e+00,5.480616499006715436e+00,2.765566624117982375e+00,1.769415687228362399e+00,4.138245537041365552e+00
2.958042471477194901e+00,4.467974702597931724e+00,5.156166914740755836e+00,6.300631109575161481e+00,3.690752857098205109e+00,3.824318362992503051e+00
3.422154312316807001e+00,1.818455150924972674e+00,4.932746245354331371e+00,5.551580428370167297e+00,4.040357496024851613e+00,1.688035750218177533e+00
2.153435133570889892e+00,5.786730307398351592e+00,5.339883454677620378e+00,3.580942295448404256e+00,1.424646195216061173e+00,3.590502911930199659e+00
5.929035071903177467e+00,4.343104969883475164e+00,2.801281466745475957e+00,5.492859232178364692e+00,3.783237237673494846e+00,5.697024024807409326e+00
2.721068602892993571e+00,6.726450147356546339e-01,5.344892021383625291e+00,2.114968818866639566e+00,3.481605835295826790e+00,2.741590582344668015e+00
2.899010254570729472e+00,3.427705937732315800e+00,2.334557448112335454e+00,1.981492621395591680e+00,2.503366934835376423e+00,3.076543590646406479e+00
4.273482608138330363e+00,6.327543210152100528e+00,5.454212249322642592e+00,3.879780941810454298e+00,4.052047073780151720e+00,2.017268567719400885e+00
4.142078328271684207e+00,4.571894158938161645e+00,6.526939190543430414e+00,4.668016705417293188e+00,4.503241077432185158e+00,3.645994215167275065e+00
2.467745798891856968e+00,4.043941632759250560e+00,5.730115108613171415e+00,3.841084065168635764e+00,4.918219866446556843e+00,2.607340539257800405e+00
3.177740495880967408e+00,5.138511800921810924e+00,9.085649905737358978e+00,5.608750775107468556e+00,5.946512847032201066e+00,4.183089996186870607e+00
3.249854784279744280e-01,4.115567070068772537e+00,8.600531208573030995e+00,2.481252795653116738e+00,3.412321028015399271e+00,4.286499269794700417e+00
3.601883436818217987e+00,5.207427409489026715e+00,7.746819324996811140e+00,3.568380221803019836e+00,8.162357342594933840e+00,4.370302712405300660e+00
0.000000000000000000e+00,0.000000000000000000e+00,0.000000000000000000e+00,0.000000000000000000e+00,0.000000000000000000e+00,0.000000000000000000e+00
0.000000000000000000e+00,0.000000000000000000e+00,0.000000000000000000e+00,0.000000000000000000e+00,0.000000000000000000e+00,0.000000000000000000e+00
3.868061044921312419e+00,3.328523926933874666e+00,4.453048827516941088e+00,5.177047470258505868e+00,4.021449245370392056e+00,2.970339741692038515e+00
4.254537797820729939e-01,4.300228693441151329e+00,7.723767861092725617e+00,4.695277923045908075e+00,2.111448524018780137e+00,4.997771249955540895e+00
4.113421413801971127e+00,4.977607786539289592e+00,8.295384384458866833e+00,5.571624724539614881e+00,6.955052258310663760e+00,3.907810614847641251e+00
2.693113981930661982e+00,4.526593742629868800e+00,6.685363416295256656e+00,4.581531790317747266e+00,1.588942251955227647e+00,4.664327149149006146e+00
1.140094367986836943e+00,2.004158866025258057e+00,3.836663330697175134e+00,3.193033666324492259e+00,2.761523879333969589e+00,4.060643627312872539e+00
2.921234659760417074e+00,3.025747829782253095e+00,1.801198227352805326e+00,3.430227978520095533e+00,2.395435336333789245e+00,4.358241937474155669e+00
3.967724488895674639e+00,3.411824575195691711e+00,4.361763581972672554e+00,3.888462268891790252e+00,5.273692253647705108e+00,3.922299615291527264e+00
0.000000000000000000e+00,0.000000000000000000e+00,0.000000000000000000e+00,0.000000000000000000e+00,0.000000000000000000e+00,0.000000000000000000e+00
2.655692529082123610e+00,1.640684185173883369e+00,4.039818623021314004e+00,4.231686224777257976e+00,2.116410845127438378e+00,1.377121490422420713e+00
2.523812493413986058e+00,2.110211714566661012e+00,6.925124046117632659e+00,2.063306013533919181e+00,4.098571493276867983e+00,4.182057093486702293e+00
1.921309994649647468e+00,5.812667719629107665e-01,3.464518706450720131e+00,1.642454623846229644e+00,4.015645444372866635e+00,2.511570082325018216e+00
2.623085698643738972e+00,1.419455922076945820e+00,2.919071299004181608e+00,3.208212353892634816e+00,3.492943925098321412e+00,4.839717670789832837e+00
0.000000000000000000e+00,0.000000000000000000e+00,0.000000000000000000e+00,0.000000000000000000e+00,0.000000000000000000e+00,0.000000000000000000e+00
4.553953466040329801e+00,2.538070575333006396e+00,5.717574590698813353e+00,3.998696415072668930e+00,5.087920464965472789e+00,5.932160163307491629e+00
0.000000000000000000e+00,0.000000000000000000e+00,0.000000000000000000e+00,0.000000000000000000e+00,0.000000000000000000e+00,0.000000000000000000e+00
6.957785398094145091e-01,3.988111815081428091e+00,4.779464231949253517e+00,2.411486991624470999e+00,1.051803869033965277e+00,4.402617722214902329e+00
3.164475304196245009e+00,3.381239382311612029e+00,4.933457483784787989e+00,3.300147840015863920e+00,6.459776872170883699e+00,3.197129770227199685e+00
0.000000000000000000e+00,0.000000000000000000e+00,0.000000000000000000e+00,0.000000000000000000e+00,0.000000000000000000e+00,0.000000000000000000e+00
2.560726756111877833e+00,4.311668732001243676e+00,6.030038476592397778e+00,2.461321099017422576e+00,3.019500797649790069e+00,3.293651475372342485e+00
4.173268182441928431e+00,5.689498345191555728e+00,4.975547049092607921e+00,2.227454023300903252e+00,4.331889149588786125e+00,2.622083745303469549e+00
3.542116155517998077e+00,6.070363772173203998e+00,8.238163545335272175e+00,2.662357663821566689e+00,6.671483991415836812e+00,1.447597212588922488e+00
7.858005364479980770e-02,6.321865867038275688e+00,6.064897079785818157e+00,1.497289548361466327e+00,4.871429847561204340e+00,1.571433121585913639e+00
2.339758734464169265e+00,7.294093692550063679e+00,7.540332136624900095e+00,2.702491365257949418e+00,4.453116319926055056e+00,1.673887356017027095e+00
2.653121474818759484e+00,4.121966137038128863e+00,6.605872331539367259e+00,3.991988650215727574e+00,5.289878321229990910e+00,3.523669559924432981e+00
9.138832617918701828e-03,2.665517163803432954e+00,5.733609290004467063e+00,2.988658317858614133e+00,2.836595358641922360e+00,3.140198366675915675e+00
3.765335347933736365e+00,2.378897431210098556e+00,2.216203542340940746e+00,3.755728936216382596e+00,3.834207921360613724e+00,3.780147955032491236e+00
1.668386700202858286e+00,2.095420306878565953e+00,7.081748607467467593e+00,3.736150736998970601e+00,1.069646068694671825e+00,4.149213079472213295e+00
3.369419142698473202e+00,2.361403322636502544e+00,6.059968324417994268e+00,6.920259783423651001e+00,1.026559220309074760e+00,7.565294121413383088e+00
1.894600643404510842e+00,4.140792412443594195e+00,6.325652005851811310e+00,6.159056937711070212e+00,3.742418188740230356e+00,7.238940498743628993e+00
6.905770817248582105e-01,3.551140715665290770e+00,3.183004807881617104e+00,4.415998217319691221e+00,1.388495673949917242e+00,6.137710310956455473e+00
3.050060811800922700e+00,4.170013457507859123e+00,5.170560743417749627e+00,3.290631093916209782e+00,3.498970800741854958e+00,5.088976142225357435e+00
1.915419846216734667e+00,2.218866594344529375e+00,2.905763569796786960e+00,3.390901376718505666e+00,2.352740041767851675e+00,4.303883812453933366e+00
0.000000000000000000e+00,0.000000000000000000e+00,0.000000000000000000e+00,0.000000000000000000e+00,0.000000000000000000e+00,0.000000000000000000e+00
3.279179398266500733e+00,1.443434241758787095e+00,4.171945774780970950e+00,3.974631676525295809e+00,4.796174343391464312e+00,5.771040602589292412e+00
0.000000000000000000e+00,0.000000000000000000e+00,0.000000000000000000e+00,0.000000000000000000e+00,0.000000000000000000e+00,0.000000000000000000e+00
2.803892603167539299e-01,4.244072011697147317e+00,5.089429889401822393e+00,4.570173915447250934e+00,2.385157788200245932e+00,3.787856062363204934e+00
2.948598730069440954e+00,5.446329793870569702e+00,6.500161299228170542e+00,3.592389821379625037e+00,2.473709442908568867e+00,4.740383338218840059e+00
2.381397038538471289e+00,3.530225443911175986e+00,6.175487405667403173e+00,4.456992588982139125e+00,3.019619492809281436e+00,1.607379071074590993e+00
3.205798419329304316e+00,6.085798545285624250e+00,7.219825232595002973e+00,3.316490138659150766e+00,5.920947088263149638e+00,4.271101056034798837e+00
0.000000000000000000e+00,0.000000000000000000e+00,0.000000000000000000e+00,0.000000000000000000e+00,0.000000000000000000e+00,0.000000000000000000e+00
4.222178651736657962e+00,2.777341546002815242e+00,4.529102731639598645e+00,4.721155842815319303e+00,4.787994978581326500e+00,2.839924372750989967e+00
0.000000000000000000e+00,0.000000000000000000e+00,0.000000000000000000e+00,0.000000000000000000e+00,0.000000000000000000e+00,0.000000000000000000e+00
5.948542945090260936e+00,2.608147298708291650e+00,6.065832524626765476e+00,4.127515942911457181e+00,6.019808251088333506e+00,4.258455647517514819e+00
1.971361228501400387e+00,2.627236547971112834e+00,7.498967422225735646e+00,4.676090408218060546e+00,6.006474479272615241e+00,4.461329076714264374e+00
0.000000000000000000e+00,0.000000000000000000e+00,0.000000000000000000e+00,0.000000000000000000e+00,0.000000000000000000e+00,0.000000000000000000e+00
2.918569913441945829e+00,1.985256510250050788e-01,2.633869079379505873e+00,3.428073219031444019e+00,4.453607385898373572e+00,3.056762485576566046e+00
0.000000000000000000e+00,0.000000000000000000e+00,0.000000000000000000e+00,0.000000000000000000e+00,0.000000000000000000e+00,0.000000000000000000e+00
3.522173232006580612e+00,1.180636770508870281e+00,3.491875022016997399e+00,4.344349972491184708e+00,3.327803863574950061e+00,7.146899820218965971e+00
1.551613946039845260e+00,2.511711749279746719e+00,4.968499782289079292e+00,4.500963466410023983e+00,2.535328567538171818e+00,4.203544921484795083e+00
3.248491647295891127e+00,1.693028812746836476e+00,2.786859249500524882e+00,4.494045973102230640e+00,3.175825472517047832e+00,5.226012479713091352e+00
2.211774130525566484e+00,2.205454554884091145e+00,2.503027664087260629e+00,3.615104002035269382e+00,2.491812696451107811e+00,2.589656423140203501e+00
8.176486003143761394e-01,5.702920685437543824e+00,8.772942339510329646e+00,3.273692975869344046e+00,2.151408329584740819e+00,4.331848238369842896e+00
2.877099792737675799e+00,3.780002328895599728e+00,5.265258611272455980e+00,3.620096095142143700e+00,2.214452397724470334e+00,1.589472172478993528e+00
3.033929429938968525e+00,3.096197351150509647e+00,4.433162309815159574e+00,3.967194404409333686e+00,3.118682830246189752e+00,3.356727718064020927e+00
1.707457258034787095e+00,2.006307883392362434e+00,7.137472585681200243e+00,2.825231923358842323e+00,3.414661126139363567e+00,3.062849673705488662e+00
7.733355300862236881e-01,1.919039584654902653e+00,6.615314700970800210e+00,2.644281740285388871e+00,5.469937655813446042e-01,2.194859920400307196e+00
4.229901357918294913e+00,2.524331195802706151e+00,5.080590376283396381e+00,3.864700743789243997e+00,4.461337205230610614e+00,3.952815865290891573e+00
3.154156783764151761e+00,3.688078767894453769e+00,5.428821393304809284e+00,5.611363122608491238e+00,3.007802638298791909e+00,5.911805250287986091e+00
4.334725910374555014e-01,3.104561939332103115e+00,4.269607617898861562e+00,4.092569814689904995e+00,1.507104555829137382e+00,4.437918006159968343e+00
1.284722370138358993e+00,4.826986432053796960e+00,5.388362385373268282e+00,2.219538612881654327e+00,1.550868707262441415e+00,3.324397261504492995e+00
4.581902613117460277e+00,4.736375627338173189e+00,3.835496282025947057e+00,5.509050797424086099e+00,4.054541309581633612e+00,4.666933620571207975e+00
7.939154695767771663e-01,2.208410392018714141e+00,3.780409852058113973e+00,4.409801243545685701e+00,3.312808497415890230e+00,3.225886443932853176e+00
3.778134468572382332e+00,5.673369701305650992e+00,4.736447898729230666e+00,5.131195242157095215e+00,2.814256381407995278e+00,5.018318752801973481e+00
7.100938342149936133e-01,2.278348517204485280e+00,2.807845972271417523e+00,5.601722708331356770e+00,4.311181424507426030e+00,4.396019019622998236e+00
0.000000000000000000e+00,0.000000000000000000e+00,0.000000000000000000e+00,0.000000000000000000e+00,0.000000000000000000e+00,0.000000000000000000e+00
2.841938778876801575e+00,3.243947620170507307e+00,4.908066528936236850e+00,3.956214608063339799e+00,3.756079353268926280e+00,5.878832475550789027e+00
2.667752026539775834e+00,4.469411648482153332e+00,5.794540938032809230e+00,3.536481482883135907e+00,4.420946494241342783e+00,4.089281724104708360e+00
7.372074198219261021e+00,3.968522045890528815e+00,2.600231776621596769e+00,4.756929706686783277e+00,2.621649132434282325e+00,4.105103125088396254e+00
3.057326286934066939e+00,4.220983116750167241e+00,3.151509271103599019e+00,5.594360119899441486e+00,3.084920615219978846e+00,4.078293621585413753e+00
4.178247255015500983e+00,3.377728613654106038e+00,4.415805645680225489e+00,4.363129357033323608e+00,2.949101121647854207e+00,3.573892173454633614e+00
3.674288629816625296e+00,3.192805606319851996e+00,4.383371539566716990e+00,5.113960016055775881e+00,2.979625670034817819e+00,2.308617592685140885e+00
3.507498936954643654e+00,1.589286219138307255e+00,4.084623143807012191e+00,3.813924893189314602e+00,3.046180510054903756e+00,2.108883287385767247e+00
3.522717147497465895e+00,3.715180617006853314e+00,4.659321972904027831e+00,4.785851989538096873e+00,4.476726141521703894e+00,5.716828999283589674e+00
0.000000000000000000e+00,0.000000000000000000e+00,0.000000000000000000e+00,0.000000000000000000e+00,0.000000000000000000e+00,0.000000000000000000e+00
2.689060767616167080e+00,3.031857137580525219e+00,5.422614345000601688e+00,9.994738196636472338e-01,6.457861590271746444e+00,3.044515942808818654e+00
4.803879045215448951e-01,2.077798119798321963e+00,3.869695845593283945e+00,2.316252388444160371e+00,1.043308862349066501e+00,4.220504445529199344e+00
2.552024469625310044e+00,1.779354511236652892e+00,3.670745142988177001e+00,2.678932482683715754e+00,2.935651024882111493e+00,5.200381172655977657e+00
1.345536067833171590e+00,2.927238613206967877e+00,6.127760843508323063e+00,2.463797714798066085e+00,3.078720602147308583e+00,4.233618967502540187e+00
9.396828916132315968e-01,4.076267382192270361e+00,3.273899755731627614e+00,2.408920706967792036e+00,3.109633331727046368e-01,5.139768729555655113e+00
3.782712110676067496e+00,2.705139640224822895e+00,6.788823274772445515e+00,3.000236088441793125e+00,3.602003890485284021e+00,4.601048416521774875e+00
0.000000000000000000e+00,0.000000000000000000e+00,0.000000000000000000e+00,0.000000000000000000e+00,0.000000000000000000e+00,0.000000000000000000e+00
5.108984687226458377e+00,1.529338380661628083e+00,3.714060805662105835e+00,6.226637164415349091e+00,3.150402385466265720e+00,5.767905414456671487e+00
9.231861453804004469e-01,1.434623082537231920e+00,2.638599823217839369e+00,5.053708175723000906e+00,1.155982466019728427e+00,4.398086039106763323e+00
2.898586042138707963e+00,2.288217039149489818e+00,3.336549135297903312e+00,4.483530320919232537e+00,2.886516951468957259e+00,4.646217827362755237e+00
1.482648585692273535e+00,4.387515028850915044e+00,3.512886579194539838e+00,3.777952821593610011e+00,1.335463751034921431e+00,4.047001588565763086e+00
2.664041224610252279e+00,3.432621865026780572e+00,3.784305617251287224e+00,4.255842670319193388e+00,3.851230713766690350e+00,2.311552993214016638e+00
4.640730726561015373e+00,2.374021462450255804e+00,5.629105258568494641e+00,6.423122554380085170e+00,4.631152509004857976e+00,4.902334494402940557e+00
5.317073051197833689e-01,2.347686954680502147e+00,7.297388928823274057e+00,4.409271354885127892e+00,2.894120464305018903e+00,4.104887887378749767e+00
4.785274974769443190e+00,3.844115410123172261e+00,3.456606147030437892e+00,3.957575961159396805e+00,2.261395382257267439e+00,2.315814657958490841e+00
1.274937404668035290e+00,4.809472650804238469e+00,4.194434209329190644e+00,2.563456350202756973e+00,1.700187369089860123e+00,1.931818342769012098e+00
6.490889277000961854e+00,4.004164861530799868e+00,3.008138945856809521e+00,5.125754209814294526e+00,4.148092526154846027e+00,4.601657615159129300e+00
4.222930962030656765e+00,2.816193266268198769e+00,5.486983086359948025e+00,4.987779067833810309e+00,5.131797186490388185e+00,4.367056261060918487e+00
0.000000000000000000e+00,0.000000000000000000e+00,0.000000000000000000e+00,0.000000000000000000e+00,0.000000000000000000e+00,0.000000000000000000e+00
0.000000000000000000e+00,0.000000000000000000e+00,0.000000000000000000e+00,0.000000000000000000e+00,0.000000000000000000e+00,0.000000000000000000e+00
2.322376428810609461e+00,1.110622663130738097e+00,5.457216619121836310e+00,3.697631379877488023e+00,3.326433047060245229e+00,3.903394881780879455e+00
3.007672439249262197e+00,1.036640563940741666e+00,5.227025992477416949e+00,3.427390935761945201e+00,3.551501331414715246e+00,3.265529459232418219e+00
2.411830458107257158e+00,2.776725156872525080e+00,4.414829887573276324e+00,4.510676438077582340e+00,3.360069775555273530e+00,3.792896290296176254e+00
3.002920554665969632e+00,4.432583202524935651e+00,3.007277844940303702e+00,4.306099075216944350e+00,3.352493572798615151e+00,4.746511574671320233e+00
