VR1,VR2,VR3,VR4,VR5,VR6
3.830440484467556139e+00,1.809592487154393359e+00,6.723351058720737683e+00,3.586625069844535219e+00,2.843813266547796204e+00,5.633624776942944834e+00
4.184361892152335116e+00,4.098137117914188110e+00,4.336897113611456689e+00,3.897375927733610190e+00,2.249121130730865392e+00,3.776698328393124360e+00
1.911618929040938886e+00,3.419623217958690731e+00,6.430386151995574728e+00,3.798436731293234558e+00,2.293469309473868289e+00,4.448388085641230560e+00
3.083084684009440135e+00,1.233687391554638690e+00,6.409733596512487530e+00,4.472414164711290496e+00,2.827294089453964876e+00,4.576194161215226153e+00
1.284305865759881815e+00,1.636823295536502965e+00,6.547432148727764911e+00,5.502395210285714988e+00,2.738110679529709657e+00,5.612992802787064583e+00
0.000000000000000000e+00,0.000000000000000000e+00,0.000000000000000000e+00,0.000000000000000000e+00,0.000000000000000000e+00,0.000000000000000000e+00
1.296658455052164260e+00,3.561700210304675096e+00,4.716762551507614809e+00,5.172608341963350398e+00,4.217759374467521027e+00,4.555734494618112862e+00
1.513664189193886234e+00,3.660410024537530838e+00,4.470356193408742129e+00,2.135783243024220290e+00,3.713318998944547644e+00,1.861228424377420865e+00
0.000000000000000000e+00,0.000000000000000000e+00,0.000000000000000000e+00,0.000000000000000000e+00,0.000000000000000000e+00,0.000000000000000000e+00
1.796004267837872259e+00,2.745673386568849406e+00,3.446574389614351475e+00,3.198501945333581453e+00,6.309192852132213147e+00,1.841113333703499055e+00
3.461399242475537541e+00,1.341783271450344817e+00,4.815596068896491389e+00,3.777560586462803016e+00,2.377739791890892018e+00,4.024429693425371823e+00
1.615471308438871878e+00,2.923593948612539073e+00,3.718002639773459794e+00,5.385076229707705053e+00,1.529243710215243190e+00,3.743357449432031636e+00
3.349791263206699288e+00,2.741921660312546472e+00,6.876275752211181036e+00,2.309368475071014615e+00,1.297410942913547416e+00,4.883230281560899222e+00
3.927312466130744362e+00,1.777747645129728049e-01,2.852789448843871423e+00,5.166537098862339583e+00,2.278316773421424024e+00,3.777890900758938297e+00
3.550893792520019243e+00,2.238879297855425943e+00,4.488349901765142924e+00,3.562709191554639609e+00,1.812846104859576091e+00,3.524504218978989023e+00
2.753030651800107531e+00,2.194574916020548550e-01,2.565351820844611996e+00,3.679110556426584466e+00,1.389928115162436528e+00,2.249334929225994539e+00
2.779740903938646923e+00,3.947136361415725769e+00,2.737474587234554502e+00,2.406123045481394218e+00,8.071895951520731138e-01,2.169472342193061731e+00
2.363850905461408303e+00,1.700689775877830101e+00,4.236021197415317019e+00,4.232682314770147336e+00,2.292190165588769091e+00,3.551976632748810037e+00
1.243530017046536651e+00,3.221726233219333047e+00,3.668219248818279432e+00,6.179526077716177568e+00,1.308770740981047842e+00,4.164191296843378964e+00
2.656712929978880311e+00,3.595572725701169148e+00,5.101881116392410931e+00,1.261722297223815570e+00,2.860329418085739039e+00,4.571336640287505304e+00
2.513455732105704499e+00,4.486722891174308003e+00,8.675424435758724684e+00,4.190617326148558419e+00,1.102635024175601774e+00,5.993913729300750504e+00
3.634617253195774556e+00,3.631404374305221339e+00,5.186664479796945670e+00,4.615767432393989012e+00,2.492659890111745380e+00,5.141697468645015867e+00
3.809056744860885413e+00,1.533223032736060532e+00,7.246560772831187158e+00,6.215191738110052100e+00,2.150628956603951814e+00,5.544199371096111051e+00
2.939910944669434478e+00,2.689101966982713865e+00,4.595646634056554269e+00,5.538527336927676181e+00,1.380832465956486121e+00,3.649970988626375590e+00
3.330629211626356501e+00,2.342830594267905298e+00,4.851991328988493279e+00,4.388403241845854730e+00,6.543002693117392354e-01,4.342755351237727268e+00
1.206350723684018522e+00,3.325819427316169641e+00,4.491370345468364000e+00,3.276727331170326885e+00,8.571346301500275544e-01,5.434589753430623560e+00
2.317565410879385723e+00,1.091640821090205549e+00,6.598874160204218242e+00,2.074040928267058881e+00,1.143994035681978882e+00,1.860872652799692606e+00
3.339327322643262264e+00,1.243612463325053596e+00,4.625710454959597762e+00,1.813118425346367690e+00,1.071886020799400097e+00,3.963873982216310488e+00
0.000000000000000000e+00,0.000000000000000000e+00,0.000000000000000000e+00,0.000000000000000000e+00,0.000000000000000000e+00,0.000000000000000000e+00
1.366237801866028168e+00,3.827351627685991353e+00,5.063801730562056846e+00,3.494143771020313149e+00,2.441070349208541046e+00,3.619605921917560032e+00
2.178632022161570703e-01,3.772846584748121845e+00,4.148352659471186143e+00,3.376328403526264843e+00,4.274563338119680367e+00,4.025042409481922157e+00
3.532736840833048841e+00,1.296215217818131649e+00,7.115460357611366859e+00,4.366097716739421486e+00,1.955879654946936164e+00,2.999133039117019006e+00
4.033988813256433659e+00,2.144760331021884348e-01,8.328735861770720561e+00,3.839325344942314366e+00,6.842306717358859203e-03,2.425725235702069327e+00
4.058197893349595020e+00,2.290601887359542843e+00,5.402044598243221252e+00,4.051346963388123612e+00,7.652811946023385659e-02,3.918009259427031488e+00
3.595490775262564664e+00,2.989809584627534988e+00,6.564782119292360107e+00,4.205103816556850838e+00,2.602418414713021377e+00,3.939597540424003785e+00
3.263016381984256142e+00,2.032574415811096102e+00,3.865103233732501753e+00,5.334659475704006226e+00,3.160860645048354289e+00,3.309802603825152012e+00
3.343677907911809299e+00,2.060824367836470827e+00,3.939524253075715521e+00,5.016619310864138370e+00,3.260768481688337328e+00,4.446860565990786718e+00
2.684032645007394358e+00,1.368467972041155001e+00,5.392458333169914297e+00,6.938170430835217672e-01,1.920751457126665507e+00,2.586250051210055023e+00
2.056557853295435834e+00,1.141317844515218560e+00,6.032048960827606443e+00,3.206118360821230695e+00,1.864115214743959026e+00,3.890756346840837043e+00
2.373252667297536256e+00,2.047341865663079297e+00,8.021675353336766179e+00,3.752247973742385501e+00,3.640173062067652232e+00,5.545810746062429075e+00
3.496179726996124337e+00,3.162957175669783183e+00,4.110665486152479176e+00,5.032311466129704591e+00,1.945863289485905145e+00,1.352560104535060148e+00
0.000000000000000000e+00,0.000000000000000000e+00,0.000000000000000000e+00,0.000000000000000000e+00,0.000000000000000000e+00,0.000000000000000000e+00
3.921104531566335982e+00,4.506172192559882106e+00,2.128607913096104198e+00,5.957374495510928014e+00,1.145563389608371008e+00,2.750987563820141091e+00
3.058310168342126101e+00,2.605973713771955413e+00,5.311977061624288510e+00,4.157132713546224601e+00,3.761806591872111305e+00,3.374562935603499625e+00
0.000000000000000000e+00,0.000000000000000000e+00,0.000000000000000000e+00,0.000000000000000000e+00,0.000000000000000000e+00,0.000000000000000000e+00
7.329621077339654178e-02,5.073055048862413763e+00,5.215230095460462678e+00,5.429415523531342380e+00,1.043449107857304270e+00,2.823764783468110551e+00
5.763953854714562119e+00,3.989133504929284424e+00,6.992044001213752580e+00,3.940693246246645742e+00,1.773529803877763156e+00,3.472906684602878880e+00
3.915917585167018267e+00,4.189500495762674248e+00,6.549283084992372217e+00,5.246071765406420617e+00,2.895582781741511624e+00,3.670876876978381276e+00
2.743004743847607063e+00,4.087971494839568010e+00,5.072534667408861608e+00,2.155698974024760517e+00,4.528849997228847180e+00,4.440923111528864986e+00
2.443648426367742932e+00,3.892975849015881451e+00,3.327185824500621614e+00,6.586287660508169495e+00,4.333576487260649479e+00,4.296580895193538474e+00
5.597082226299887608e+00,2.513511887513570464e+00,6.383174826177802075e+00,2.241306953769672816e+00,5.239814703284454644e+00,4.692423663152711200e+00
4.324040255256390353e+00,2.494926285896826634e+00,5.484008922473275760e+00,4.752988904003900394e+00,3.493420624668317487e+00,5.555454041323473646e+00
4.709508476509816077e+00,3.558149862305794997e+00,7.091217377818470169e+00,5.600045533736009773e+00,2.242489006270925067e+00,3.574054147162466499e+00
3.885961614939370090e+00,1.808860040667777502e+00,5.470682585348535909e+00,4.300029412868253686e+00,3.087921077312433482e+00,4.083463358752323025e+00
2.545474744627607144e+00,2.831130168326277285e+00,6.460613152663794878e+00,4.295712149048624084e+00,2.406970188074273764e+00,4.742776804314281947e+00
5.415263540376143325e+00,2.403654780531030433e+00,4.577637069473491138e+00,3.684782028231985418e+00,7.924441915624331756e-01,4.400289131785871000e+00
3.636925127011400249e+00,2.669888316881555923e+00,3.900434383013366535e+00,5.127104177319010248e+00,3.439827304686716047e+00,4.168966542236730355e+00
3.961056301307540828e+00,1.711549417104617721e+00,3.596843313183115676e+00,3.264894760288866049e+00,1.857190696010170949e+00,6.570081295273391575e+00
3.325621166642464210e+00,3.814665994177812713e+00,4.949801410749898878e+00,4.839139261796639779e+00,3.646044353801807247e+00,6.081330877477527430e+00
1.584184762106661815e+00,3.188216082621620373e+00,2.390279659714424909e+00,4.718393204848679190e+00,4.099024612972223203e+00,5.365632257826613127e+00
1.366385357821660484e+00,4.516295460682899332e+00,8.916413840529415324e+00,4.305382155504638320e+00,5.233434907758415022e+00,5.128003655032426167e+00
3.377581526245212906e+00,2.423985267248649045e+00,5.227673598059631388e+00,4.320577282923387941e+00,4.304046634303016816e+00,4.098185946187109074e+00
2.693305631834602920e+00,7.944099582750210331e-01,6.350496202319689587e+00,3.404793205753183116e+00,3.139915498863103061e+00,4.548560784772780252e+00
3.938409917638586499e+00,2.142957851602331765e+00,7.520946351008957365e+00,3.514780358694828077e+00,6.760113765028448185e-01,3.233775928849295767e+00
1.966081561451434201e+00,3.416329778731741929e+00,4.586899969873876159e+00,3.961207478658664183e+00,2.106468940222786301e+00,4.261689150671399418e+00
9.289648483129451240e-01,2.652152017600197365e+00,5.836690744832316646e+00,1.244281647367983190e+00,3.354954294711116169e+00,3.640100948647107426e+00
1.512339325294354442e+00,3.966316404103895632e+00,4.738931738767442781e+00,4.601377237095618966e+00,3.831048943971035570e+00,2.559603665633809477e+00
2.733942427649007634e+00,3.598805812231286261e+00,5.001193417177434597e+00,3.031550379240517401e+00,3.645820323917854822e+00,3.746699270497683365e+00
3.720344048639658396e+00,2.137934249138444542e+00,4.678616470683237161e+00,4.206739830057878216e+00,1.726394872993892271e+00,3.888650020980103150e+00
4.801908683004602274e+00,2.511596134718908857e+00,5.096979220459741278e+00,4.118109339078485753e+00,2.535719846620459350e+00,2.582752597623167112e+00
2.010483599211342565e+00,2.457783878087068885e+00,5.463323271149842952e+00,2.946175815157278333e+00,2.271194536224627747e+00,3.563041753189524208e+00
2.795784080663578752e+00,1.585658318206730755e+00,3.689120790920774162e+00,3.193233895668748712e+00,2.665227295863967338e+00,4.414830650188063643e+00
3.073778035517924057e+00,4.254388034807569774e+00,4.295442915431531894e+00,2.661971810606684308e+00,1.687792262505379837e+00,3.712595681368681344e+00
2.442611594644907846e+00,1.592513653575291954e+00,3.537688169832126306e+00,4.844833423648929660e+00,2.878243332421362322e+00,3.404252630671867230e+00
0.000000000000000000e+00,0.000000000000000000e+00,0.000000000000000000e+00,0.000000000000000000e+00,0.000000000000000000e+00,0.000000000000000000e+00
