VR1,VR2,VR3,VR4,VR5,VR6
3.019115325884722978e+00,3.259959294381666872e+00,5.696269099626046994e+00,5.462039113381994326e+00,4.416808691647869267e+00,5.099751686286341901e+00
1.628415120322445286e+00,1.102054657474107469e+00,5.163903560768911660e+00,3.975836434295896282e+00,4.339849684059243984e+00,4.928006633071255749e+00
1.990152409420267610e+00,2.099818099042805475e+00,6.095143696559540913e+00,3.444134311793823677e+00,3.245401898722261258e+00,4.253329930500703959e+00
3.216082267937257377e+00,2.494010005707405497e+00,5.139547659107342348e+00,3.688470536038584768e+00,3.637914611904605522e+00,3.563259091148103685e+00
2.096945628993072130e+00,1.448868305248656840e+00,2.600932717292533614e+00,2.761545692067311819e+00,2.199193154223160640e+00,5.201793337999617961e+00
3.295054227457913765e+00,1.881920430454886439e+00,4.127961589957524602e+00,3.743929655610973128e+00,3.972461893156903123e+00,4.024395517843638359e+00
3.879344483662304555e+00,4.913183628587672658e+00,4.003134612598874043e+00,5.704613813508930598e+00,4.558129031151286981e+00,1.991437161515319243e+00
1.473953483301527978e+00,4.033744987410723404e+00,6.808046392362980370e+00,4.834342540696372481e+00,4.381147691155176105e+00,6.407165058418944348e+00
1.982981611790193721e+00,3.700448324500757113e+00,6.006247537149956628e+00,5.417903688022756015e+00,4.457043942544000714e+00,7.476845161406963314e+00
2.553243993550976754e+00,1.175493622298004803e+00,3.773931036225913971e+00,3.826140596042518549e+00,2.296270374616015353e+00,4.466265958660459390e+00
2.689811277162713843e+00,2.022796777811026736e+00,4.406733231203071810e+00,4.392728363041866757e+00,4.326502055407889458e+00,5.362660497150510075e+00
4.726927974675669830e+00,3.544247283957867367e+00,5.017366494727870219e+00,5.581973562226036023e+00,4.976298416937046554e+00,2.915889720258558082e+00
1.590872763278137647e+00,1.072023373909823496e+00,4.431255396080225673e+00,4.907133997828553973e+00,3.500659150231970607e+00,2.058949346686544057e+00
3.482189053483184082e+00,3.706108940929973894e+00,2.581260503886004365e+00,2.809035173749419911e+00,3.077620891814588866e+00,4.956671095855993414e+00
1.853168020067495370e+00,9.670729745185422388e-01,1.094278891097596240e+00,3.873203138073595397e+00,2.290315773558828205e+00,4.845676688127802834e+00
0.000000000000000000e+00,0.000000000000000000e+00,0.000000000000000000e+00,0.000000000000000000e+00,0.000000000000000000e+00,0.000000000000000000e+00
2.198875369408748615e+00,1.502255794829374880e+00,4.605203609238741613e+00,3.468249398271169515e+00,3.044931352965293048e+00,4.559845830139060752e+00
2.519008839821406109e+00,1.599684757699537885e+00,4.883187501121996732e+00,5.343925029805034477e+00,2.653128579641635287e+00,4.213803575502752530e+00
2.322646439800132967e+00,2.907755778642783007e+00,6.487793446727369684e+00,4.836996974226805079e+00,5.037186104462437974e+00,4.503864230404042601e+00
0.000000000000000000e+00,0.000000000000000000e+00,0.000000000000000000e+00,0.000000000000000000e+00,0.000000000000000000e+00,0.000000000000000000e+00
3.064361326875046920e+00,3.034341863476113677e+00,5.192325492594209280e+00,4.745525797506080501e+00,3.293952941912915211e+00,4.072444126633643080e+00
2.125756802883889129e+00,3.463930061357576307e+00,4.741345727996943538e+00,3.043328037821566134e+00,2.450270976418371216e+00,3.824664845141550362e+00
1.752652672641100917e+00,2.142951252455453481e+00,4.251248113616003188e+00,3.407129742466184386e+00,2.419842190644224900e+00,5.569879737142706233e+00
2.434866562635160214e+00,2.984944017928794491e+00,4.217434387534880535e+00,5.276480728061560654e+00,3.933646267487177717e+00,7.688466681056040919e+00
2.380113330824730866e+00,7.150388428282492548e-01,3.654931236776198133e+00,5.403378456600473889e+00,4.287774565500394708e+00,3.429632136855649271e+00
6.412865320958174298e-01,4.714701802298355560e-01,2.170674655859141211e+00,4.851698479966719546e+00,3.896596145741182848e+00,5.284732464480777381e+00
0.000000000000000000e+00,0.000000000000000000e+00,0.000000000000000000e+00,0.000000000000000000e+00,0.000000000000000000e+00,0.000000000000000000e+00
0.000000000000000000e+00,0.000000000000000000e+00,0.000000000000000000e+00,0.000000000000000000e+00,0.000000000000000000e+00,0.000000000000000000e+00
5.184360737596362512e+00,4.922439051917411490e+00,5.413289359841060744e+00,4.147004637945965300e+00,2.679536274819017905e+00,2.623476922435284298e+00
5.250826792796665643e+00,6.451903115356358853e+00,6.952658846123805247e+00,2.841086858762414291e+00,1.821120049526212759e+00,2.122874525018759506e+00
5.176241024940749114e+00,6.453537414701107977e+00,5.677561144180717001e+00,3.836920947286594163e+00,2.377212534269183664e+00,1.583369842709364317e+00
3.831434035485928646e+00,8.123639074703493890e+00,6.724821333753394192e+00,4.578303214879896110e+00,2.804181405847664621e+00,4.441636076762454977e+00
3.171608135052616184e+00,4.094013292440241258e+00,6.347973328203480925e+00,5.362375881199599625e+00,3.720430316940830817e+00,3.270508084602555599e+00
1.859633820297972751e+00,3.068061112114098155e+00,4.287506120327726045e+00,4.868856639112475904e+00,3.486622048489146586e+00,5.454318762543790555e+00
2.867412093426428665e+00,3.931497346568667339e+00,6.042868192533697780e+00,2.674066905178298370e+00,3.075763675959888754e+00,4.840005221154164872e+00
4.988023764187609288e+00,5.099977801496894614e+00,6.639074569031376605e+00,5.001732998064689184e+00,4.845371179843159126e+00,1.692980049807025988e+00
2.403631726687579295e+00,3.232329283218230209e+00,4.714497747694880836e+00,5.472142134785093148e+00,5.571270873176120908e+00,5.343284354108013723e+00
2.196991379525949917e+00,2.799965734934255046e+00,4.429229269055678486e+00,4.201266079007722531e+00,2.804264550444090176e+00,1.699908538248959378e+00
3.721235940967945410e+00,5.376676823752744028e+00,6.222548737684403086e+00,2.785000990001849530e+00,2.564185754003435402e+00,5.449087504298004703e+00
5.585140018742446699e+00,6.382047142604132084e+00,5.952172615818740908e+00,5.173874915040230782e+00,4.411378644106572544e+00,3.864016340265583160e+00
4.191985977742478831e+00,7.577249177737458652e+00,6.000844574816590615e+00,4.144748196955446495e+00,2.651686636449863244e+00,4.219309685186322767e+00
3.713721980871148354e+00,6.573935049039363321e+00,8.469693233179816261e+00,4.794825640784810439e+00,1.665370281909112959e+00,1.077399487357849406e+00
5.665381097180574699e+00,8.861747707517077188e+00,6.318691284206455983e+00,5.651406458866014226e+00,5.125871842112286636e+00,3.067022564634082293e+00
2.806678476205029416e+00,5.901781477435154244e+00,5.602959446639835583e+00,5.034233691850812598e+00,4.042445730517821190e+00,4.738592748446349034e+00
1.541092378634113302e+00,3.420200053105265869e+00,4.624454330668806179e+00,4.317818083861339140e+00,4.686731434868672608e+00,3.759540159757928990e+00
1.811156978115380678e+00,1.986308475958565412e+00,5.369947911659000539e+00,5.491307200167955926e+00,3.163044079003691778e+00,2.865591624706707918e+00
4.003195889001760488e-01,2.837002986665089210e+00,4.461421441464977100e+00,4.285318291442844263e+00,2.808410656283630846e+00,3.509084383385965289e+00
0.000000000000000000e+00,0.000000000000000000e+00,0.000000000000000000e+00,0.000000000000000000e+00,0.000000000000000000e+00,0.000000000000000000e+00
0.000000000000000000e+00,0.000000000000000000e+00,0.000000000000000000e+00,0.000000000000000000e+00,0.000000000000000000e+00,0.000000000000000000e+00
0.000000000000000000e+00,0.000000000000000000e+00,0.000000000000000000e+00,0.000000000000000000e+00,0.000000000000000000e+00,0.000000000000000000e+00
3.058919234810577592e+00,3.797707432715752063e+00,5.769708892476438145e+00,5.211878525021426789e+00,5.223905279692830916e+00,3.798068979227790187e+00
2.409239548446842072e-01,2.432734391213955405e-01,6.083334474821068483e+00,5.269000100589459556e+00,2.990879615911396172e+00,5.167620974091954977e+00
0.000000000000000000e+00,0.000000000000000000e+00,0.000000000000000000e+00,0.000000000000000000e+00,0.000000000000000000e+00,0.000000000000000000e+00
0.000000000000000000e+00,0.000000000000000000e+00,0.000000000000000000e+00,0.000000000000000000e+00,0.000000000000000000e+00,0.000000000000000000e+00
3.165170121630621836e+00,1.659661056625515885e+00,7.409311648174519149e+00,3.527859258110325857e+00,8.484567092120784970e-01,3.386149878940189595e+00
2.598062894793986111e+00,4.185279456079818772e+00,7.495393598255717826e+00,5.344012574936249038e+00,3.463110188116914401e+00,3.773260289845349558e+00
2.407931856014128513e+00,5.578174581148421574e+00,6.338157393133717399e+00,3.703812097427137573e+00,1.567359080575725816e+00,4.896921061270550268e+00
3.587140779859454565e+00,2.970377296109061760e+00,3.278658661277905395e+00,3.772297815516380659e+00,1.962900375879921722e+00,4.765923505311261188e+00
5.825808237999538619e+00,7.212045211286806534e+00,5.102724469411866970e+00,4.793717531778667329e+00,2.551452736572647151e+00,3.807552495019691285e+00
5.179879811798286937e+00,7.834378772602708096e+00,6.874071677041111883e+00,5.209928518915360129e+00,5.400752415500647885e+00,4.423051635976006146e+00
3.172873027123033651e+00,6.026068820125026093e+00,4.475915428452678313e+00,4.876970341797961517e+00,3.525744109783919278e+00,3.694929236793886851e+00
2.084417720953491759e+00,2.485650605642300448e+00,4.142931823749152365e+00,3.384434966917797549e+00,2.551290740971535964e+00,5.345867267646999821e+00
3.995088179893704350e+00,2.707292981199605819e+00,2.394407074652931122e+00,2.870044750935370814e+00,1.666941669248148683e+00,4.185512018374454968e+00
4.881198942815020203e+00,5.535108264160346181e+00,3.381928162915507574e+00,3.798828611511079423e+00,1.698183943740703583e+00,3.518070863314210595e+00
2.344368546640046347e+00,3.460685252680570478e+00,4.096995921985643108e+00,2.503043747905272731e+00,1.014700586166434881e-01,4.041221882959456835e+00
2.827463829360786995e+00,3.532803948473985933e+00,5.727571688705967112e+00,5.093561392714190283e+00,3.408703452535815082e+00,2.738520638525582918e+00
2.445007245920112648e+00,4.129242631573348810e+00,5.959226616354223793e+00,3.829684109707614859e+00,1.627341536192829397e+00,4.392946566670735464e+00
3.199410890936340124e+00,3.573112963190305802e+00,6.146903251274801860e+00,5.248185748450947763e+00,4.219549754642029527e+00,4.893298152216805974e+00
1.586520896544514780e+00,6.368955146408112888e-01,3.739927648063539500e+00,3.816844215428527587e+00,1.313591179883441207e+00,3.746075770639605285e+00
2.860556242985501818e+00,3.953450744208081069e+00,5.984849073358434524e+00,3.193061277604516413e+00,7.629565847711048399e-01,2.862120764916351590e+00
2.696493779194693907e+00,4.310098324166808936e+00,6.848261357343144340e+00,4.891175058302209777e+00,5.237301097702138364e+00,3.376136354892218083e+00
1.621407648875892615e+00,4.069527444443112429e+00,6.392934896531693667e+00,3.209398601614643187e+00,3.446755931148422381e+00,3.674872964774994255e+00
3.395368876010322889e+00,5.011634149657446358e+00,5.930041493840907840e+00,5.717462806160817479e+00,3.367725164792775505e+00,4.434199801690291487e+00
4.065331730651209341e+00,6.236570096731824719e+00,5.530842083008330690e+00,3.833159505836135850e+00,1.077144796893552581e+00,2.405212451611347113e+00
3.546918261601379463e+00,5.961727006513331872e+00,7.602016851048888135e+00,4.603183574734109662e+00,4.616905112152138280e+00,4.762751792998221489e+00
2.585246428181783074e+00,5.263959609066871437e+00,5.483615880667185749e+00,4.010445355794309386e+00,4.056132262571582103e+00,3.632595601905056704e+00
1.613972527852146399e+00,2.774149752703428451e+00,4.216012439750585372e+00,3.043281659502598657e+00,2.248641138812761398e+00,2.704707264610465955e+00
4.182507746035081020e+00,6.058979796204113200e+00,5.789564584330539887e+00,9.948609701576303088e-01,1.753894355205806388e+00,2.289060960191255489e+00
5.391081134377206041e+00,6.451503071166344583e+00,8.374157702804918557e+00,4.864060640410592384e+00,3.987669146108069551e+00,5.434677312347717226e+00
2.653944654981458484e+00,6.657282673159785169e+00,8.284646462052300819e+00,3.505286441432433175e+00,3.625442230239632302e+00,4.906507041098746136e+00
5.526708234986235091e-01,9.478538860281964240e-01,3.832701611664337094e+00,2.675983493109250766e+00,3.196713885906054209e+00,5.300850395592976660e+00
0.000000000000000000e+00,0.000000000000000000e+00,0.000000000000000000e+00,0.000000000000000000e+00,0.000000000000000000e+00,0.000000000000000000e+00
1.140152132848089250e+00,1.293744436257534325e+00,7.400394828361733346e+00,5.859223792255362717e+00,6.753666935029655427e+00,4.293186252353189403e+00
0.000000000000000000e+00,0.000000000000000000e+00,0.000000000000000000e+00,0.000000000000000000e+00,0.000000000000000000e+00,0.000000000000000000e+00
9.860636066521473175e-01,2.784594811937872727e+00,7.564522053274014723e+00,6.189648775359225752e+00,4.881712490892842204e+00,5.514926607572940398e+00
0.000000000000000000e+00,0.000000000000000000e+00,0.000000000000000000e+00,0.000000000000000000e+00,0.000000000000000000e+00,0.000000000000000000e+00
0.000000000000000000e+00,0.000000000000000000e+00,0.000000000000000000e+00,0.000000000000000000e+00,0.000000000000000000e+00,0.000000000000000000e+00
2.236432493528917931e+00,2.446075557853957250e+00,5.549449579837027358e+00,5.050189118024241530e+00,3.403335413958408218e+00,5.261408066045131449e+00
5.323448199937197423e-01,1.306659125397880317e+00,4.867733480196028140e+00,4.811030713540121795e+00,2.891071966970606866e+00,5.694709613606329768e+00
1.056734096194234862e+00,2.436852295865416629e+00,3.999499357363783592e+00,3.998594671320335525e+00,2.948242630236287187e+00,4.529354461098927587e+00
2.403037816968974116e+00,2.606512132943081816e+00,3.433603862395936179e+00,4.777967822917690732e+00,4.992108847102799452e+00,5.285643775323451976e+00
8.478563470596525153e-01,9.940856867211174119e-01,3.346408079229404642e+00,4.308282946540801461e+00,3.327465914918332324e+00,4.095874151520706441e+00
1.264095699530888073e+00,4.004686433621847286e+00,7.203983382233507982e+00,2.957844129080664963e+00,2.880430395736725657e+00,3.386989781752993700e+00
4.118609009939786070e+00,3.010483188678287902e+00,5.991925707862194805e+00,2.623276056605042150e+00,5.831739089862262304e-01,1.675949532497436056e+00
3.528086053575117731e+00,3.250734663023286952e+00,5.139972127815164882e+00,5.059112306097893530e+00,4.200367179913387261e+00,3.906212941187947596e+00
3.565873457423283988e+00,4.148859014145585888e+00,5.283505701388588882e+00,5.079751100246994611e+00,4.907227394115709629e+00,4.079428074229944023e+00
2.347420562718738779e+00,3.779369298329426918e+00,3.366843752844068227e+00,2.237864582934731228e+00,2.367780367763752558e+00,4.136266123274527473e+00
2.466497980230703213e+00,4.759156409438401347e+00,2.827472544681599587e+00,1.531362783679901529e+00,2.192919778395719721e+00,5.597203371505656833e+00
3.943056248849805545e+00,3.131755060263378798e+00,2.843372552726279423e+00,1.980779492471267833e+00,1.411691580457814732e+00,4.224036017932512266e+00
5.825459881363038939e+00,4.838061222084284907e+00,2.542810324247806619e+00,3.985171149123917012e+00,3.937203788955568662e+00,3.586815672178176317e+00
3.698070591090617310e+00,6.154006753364722471e+00,3.647891243549074236e+00,5.223247503342962617e+00,4.437062437455949748e+00,2.390466534224852779e+00
2.902335684702372021e+00,5.613956819146000754e+00,2.582426147708056785e+00,5.710906270079029845e+00,3.633593022462796363e+00,3.631940753923091680e+00
0.000000000000000000e+00,0.000000000000000000e+00,0.000000000000000000e+00,0.000000000000000000e+00,0.000000000000000000e+00,0.000000000000000000e+00
1.769998160452900482e+00,2.778516169105671452e+00,4.339735205361917814e+00,3.516938868834163401e+00,4.949306150378502522e+00,3.886836878378610027e+00
1.339429846903339882e+00,2.167903489117686711e+00,3.675504469087647497e+00,5.025361573979687080e+00,3.628330520057334585e+00,5.247078462515226249e+00
8.586102018866126340e-01,8.087702185344158856e-01,3.461781173686055535e+00,4.807756745601492909e+00,4.762544470088392323e+00,5.944271245115377411e+00
2.651187280950004777e+00,3.050747437340679546e+00,4.741632470008553923e+00,5.434647801313642113e+00,5.023830837731033228e+00,4.748585101861602098e+00
2.286545932887144250e+00,3.498049060740006322e+00,4.693327332630391702e+00,3.351638009863058265e+00,2.498850138183374536e+00,5.119767882370767076e+00
2.591115123588948688e+00,2.284697790830714226e+00,5.100696123258797066e+00,4.341303918653085070e+00,3.072963079319965374e+00,5.029334681425707387e+00
4.647585929870317045e+00,2.935076806525426463e+00,5.376591344754035440e+00,2.335194121226360942e+00,1.270911237826076734e+00,3.502739848630958885e+00
4.257629783312728122e+00,3.280020233116375916e+00,5.963446483018782551e+00,2.799148134251606912e+00,2.644500232208880419e+00,4.665791553684472959e+00
5.334571923570807783e+00,5.950368078353573509e+00,5.145262137452218276e+00,7.125767376689574384e+00,6.296390715226765522e+00,3.918064944599950028e+00
1.491570245934280559e+00,1.845451295799547697e+00,3.183611288740524792e+00,3.562000366510196692e+00,2.088522658471683613e+00,5.041173944139464957e+00
2.895779488109721633e+00,1.991008730440579022e+00,9.961029897048394588e-01,2.310513284981903226e+00,1.925814519809144754e+00,3.036300866523628184e+00
4.557287773446043744e+00,6.279592098699088965e+00,4.856168546027703314e+00,3.865728234651669926e+00,4.827738193684058210e+00,3.135113112829349014e+00
4.125223767221732452e+00,4.662868657138786510e+00,5.563785788555287937e+00,3.882627163610306464e+00,2.977858577980611265e+00,5.941492384664237569e+00
5.523713732082768502e+00,4.801201378771697392e+00,5.711821848141776847e+00,5.231630489791329275e+00,5.082502127401658854e+00,4.848212911193292562e+00
2.821453591942352457e+00,2.456185814797223088e+00,5.908175896244189040e+00,3.268766554182568118e+00,9.640196986024629489e-01,4.322075059280330755e+00
3.858683475596864643e+00,4.211683918127271831e+00,6.801375962406063458e+00,2.788285911516627635e+00,9.956498121742871632e-01,2.416967723568642867e+00
4.284555596059393956e+00,4.646812387109491738e+00,5.073025286866362116e+00,2.292035114006742091e+00,1.758068931269921809e+00,2.934654623628957459e+00
5.276847053042812874e+00,6.054599038393735810e+00,6.716913069834171246e+00,4.553275490266489811e+00,3.807343829670724045e+00,2.648006553186884382e+00
3.831342046378624744e+00,4.708428944833271679e+00,3.851623607707189478e+00,2.599299961658002811e+00,3.458732164527283270e+00,3.818878339188650717e+00
2.141635579772159126e+00,3.290473133926246518e+00,4.711542944726947901e+00,3.037994591679662015e+00,1.952831784468084475e+00,3.578311873338242854e+00
1.519487804939706699e+00,2.354785890815283889e+00,2.562354607251755567e+00,2.986541798906344525e+00,1.688325861702314690e+00,4.333170730642806667e+00
2.352493933636845114e+00,3.897882160860679512e+00,6.374965468298800175e+00,3.958855521015459455e+00,2.807862957131100234e+00,6.334455476986047273e+00
1.468291332045929209e+00,2.522937084120055129e+00,6.427607046054699680e+00,4.326587200924502774e+00,1.621478052367240519e+00,3.993319264676245872e+00
2.201047657599275453e+00,3.065071029610101139e+00,6.996563456307947071e+00,3.521336654447283276e+00,4.288149466028344570e+00,3.801903204560090899e+00
2.597893338116006312e+00,3.438912045156920616e+00,7.863295391932842548e+00,1.695174901918239829e+00,2.329632673616646166e+00,4.055189621708554348e+00
2.545987102450375072e+00,3.809466454001412927e+00,7.724490881880809567e+00,6.041393094540037367e+00,5.652512804912570132e+00,4.988611561770258440e+00
0.000000000000000000e+00,0.000000000000000000e+00,0.000000000000000000e+00,0.000000000000000000e+00,0.000000000000000000e+00,0.000000000000000000e+00
0.000000000000000000e+00,0.000000000000000000e+00,0.000000000000000000e+00,0.000000000000000000e+00,0.000000000000000000e+00,0.000000000000000000e+00
0.000000000000000000e+00,0.000000000000000000e+00,0.000000000000000000e+00,0.000000000000000000e+00,0.000000000000000000e+00,0.000000000000000000e+00
2.637859372117209666e+00,1.965765455520262828e+00,3.588136311275051060e+00,3.039896763900412857e+00,8.476594752063504323e-01,3.738558825228675442e+00
2.923097526879844033e+00,3.616849200711556023e+00,5.418671066530968083e+00,4.053618498669109727e+00,4.283531730817929706e+00,2.855965146328255155e+00
3.439011415460170085e+00,5.173660825613104031e+00,5.473803016575684133e+00,4.022801693478156970e+00,4.563473101176644064e+00,4.209546908435100043e+00
0.000000000000000000e+00,0.000000000000000000e+00,0.000000000000000000e+00,0.000000000000000000e+00,0.000000000000000000e+00,0.000000000000000000e+00
3.794166992089547108e+00,4.709223216758313235e+00,5.483837576489690946e+00,4.492144627987642913e+00,2.538621510908698031e+00,4.179023765657651879e+00
3.111733898193826953e+00,4.695283217339101256e+00,7.129081963305490710e+00,5.800869768148187333e+00,4.063711197706280309e+00,3.562916443367210029e+00
2.751212267271108125e+00,4.765331685905511705e+00,7.873826553179991805e+00,4.585672613543446019e+00,2.435900353199341950e+00,4.434747065816542211e+00
2.574698454586143104e+00,2.736757383456788428e+00,6.820209140655520308e+00,3.407464729633890244e+00,3.585240367093581959e+00,4.421877023093327530e+00
3.389859882144794057e+00,2.127109388471370544e+00,4.956085096405057122e+00,1.568739420061787015e+00,1.722891469064971037e+00,5.721594540066499590e+00
3.326539052589152057e+00,3.570397136365265567e+00,6.845700608952766331e+00,4.028430566964950721e+00,4.232978497454856992e+00,5.157135419181752667e+00
4.136386728366241883e+00,6.346217156433695550e+00,6.798906731295842221e+00,3.495128328065126855e+00,2.304228798315444138e+00,4.319664901668224033e+00
4.401666410424146747e+00,4.805438097811085107e+00,5.898862886712461062e+00,4.043494855368911622e+00,3.315077487003166290e+00,1.627626391288492069e+00
2.085901929126907639e+00,4.484314495021640923e+00,5.628190984388176332e+00,2.987439403840057128e+00,3.171954993731000982e+00,4.207550508326812100e+00
4.201284433514883787e+00,5.834002201786069541e+00,6.697034822356954464e+00,5.365457445500369182e+00,6.137224039861303382e+00,3.308688785320778258e+00
3.860843181373818211e+00,5.627510411490042053e+00,4.943080584549682577e+00,5.140941690371659156e+00,4.839871345903191902e+00,6.188788607914471385e+00
1.768525550920247547e+00,1.990579744257206629e+00,2.056210595241350525e+00,5.296467721099867632e+00,3.419692897018658861e+00,5.753216149278968850e+00
3.059696388585338322e+00,2.170021034018851047e+00,4.998951570300275371e+00,3.525757641006936005e+00,3.252522155202083098e+00,4.454839527707625813e+00
1.003969351277019362e+00,1.055489478874809484e+00,3.057212881362429524e+00,2.881075192210712732e+00,1.586173424180383984e+00,5.255993088179197414e+00
