VR1,VR2,VR3,VR4,VR5,VR6
3.223561392181400365e+00,5.207630167300104418e+00,6.492127428161794001e+00,3.995316953470676058e+00,3.520393297672030464e+00,5.223833048303955451e+00
3.192810282017179535e+00,3.767317346970243008e+00,6.133149379970380011e+00,4.805631807248345488e+00,3.378342341805530502e+00,5.273380344201155978e+00
1.837625530657066797e+00,3.182997336399674637e+00,3.574504981078501231e+00,3.542379428260793883e+00,2.132610541718400032e+00,3.986250643391678228e+00
4.344520496831012046e+00,5.531593455143243077e+00,6.413891149638759615e+00,4.100358635606253799e+00,5.297472089213110635e+00,4.395083330438930957e+00
2.537553440356271839e+00,5.053841902454255575e+00,4.331255367882212326e+00,2.097600662368768631e+00,7.649123662492702813e-01,2.929316208390797094e+00
1.615727521115030818e+00,4.711153382954021751e+00,7.217775398094449457e+00,5.342437905669676468e+00,4.015003199437366277e+00,4.262867043949060353e+00
1.746446800962281998e+00,6.129133184074660790e+00,6.220613973572744371e+00,5.290244670723232900e+00,3.532164548981053809e+00,3.439608844955422740e+00
3.583834240882273647e+00,4.466021633227850174e+00,1.402666067728717714e+00,3.122683681126279254e+00,2.740329002511572298e-01,1.115206138083369325e+00
2.558674545075410922e+00,5.000961107014940232e+00,4.804183045165136612e+00,3.082508735967695479e+00,1.391884394514435686e+00,2.758134361128376622e+00
2.164424481126759670e+00,4.422736580540330031e+00,5.171011008063397973e+00,3.418800497052032483e+00,3.430394891477841490e+00,4.235843672106416768e+00
2.050383655656812909e+00,3.914598797573411115e+00,3.359689708256096363e+00,4.164469648706599969e+00,2.942877577772320841e+00,6.966566670173803821e+00
1.045354073146245177e-01,2.519317944911221296e+00,6.025878569962840992e+00,6.187129766923185059e+00,5.319466396363420557e+00,5.511354134957478834e+00
2.269819588194680993e+00,3.655188663442429320e+00,2.752973827555677655e+00,2.973763921467223348e+00,1.999831886928065128e+00,5.048426459879692629e+00
1.691655018077157679e+00,4.921377295278763775e-01,3.469519168708853574e+00,2.743078810690422920e+00,2.889388061549942766e+00,6.350616306119132304e+00
8.990921321667844079e-01,2.447479673728670591e+00,3.866227606732669297e+00,4.046552953264951569e+00,2.587480414769034009e+00,7.299363863088677462e+00
3.424317130692616562e+00,3.875228268989336922e+00,3.380575254585196365e+00,3.606269118449243472e+00,2.168374325277734105e+00,6.421404499497840312e+00
2.164559909751091027e+00,1.119657189854534884e+00,5.946170711893067562e+00,6.144450772720537302e+00,6.503623538562194994e+00,7.670813605015144532e+00
3.353619323046469702e+00,3.006230253570807420e+00,3.789461552833176761e+00,5.832293009742906875e+00,1.794583013024690477e+00,7.001230940677007908e+00
2.192723040446540317e-01,3.559653132608391335e+00,5.374767970107773074e+00,6.306825420321540143e+00,3.687299051180505050e+00,6.108928692394384186e+00
2.235407196866562085e+00,3.629044179303445805e+00,5.318491873051120145e+00,5.783683766681672722e+00,1.089665127513215204e+00,3.521567102934865190e+00
2.932823071931231595e+00,4.121680327306613378e+00,6.188415623048929781e+00,6.145571785526738218e+00,3.793368438520417829e+00,3.975545388043796091e+00
1.575137170803406317e+00,3.175671672178133509e+00,5.871207951124270075e+00,4.204102541964136464e+00,2.411327662731534538e+00,3.905526936520797410e+00
4.729415084356272114e-01,2.879945014616275500e+00,3.746336684613098100e+00,3.282942824339351695e+00,9.787684977662700625e-01,3.946242726000343648e+00
4.933697394181546514e-02,5.334576131540829991e+00,4.884830761338163185e+00,4.988116119808981175e+00,2.665172963409224494e+00,5.059350431262554793e+00
2.589929650320616616e+00,4.688426328509244456e+00,4.986292547730625024e+00,5.266110708673807039e+00,4.005198084641213185e+00,4.816350695238557300e+00
1.461114397251674468e+00,2.541509199185983725e+00,4.544154603846938478e+00,2.333814520307704310e+00,1.755813018959729632e+00,5.252238956670948866e+00
2.139378615485823421e+00,3.835303333174430840e+00,5.275255659594414226e+00,2.968864871749743450e+00,3.985111686574742684e+00,4.116020246174042718e+00
2.698402027340841336e+00,3.510856730962749861e+00,5.395796785156205644e+00,3.247270982431816666e+00,3.193836222846326844e+00,4.151310869074636756e+00
4.862343489082228132e+00,2.204916539591345259e+00,4.224761829023266912e+00,2.270537139438301821e+00,2.784632203284863827e+00,3.107338107793535364e+00
3.413737646954553284e+00,2.574715175063625239e+00,8.484429633812936800e+00,5.386616288772029471e+00,6.383316406371127627e+00,4.486497223315391913e+00
2.405218107582460796e+00,2.056550353613365356e+00,2.600166148294486668e+00,2.733069407065471523e+00,4.683849348045905359e-01,5.240930934340465086e+00
9.389377766156725702e-01,1.895753317074767796e+00,2.837603292112872655e+00,3.155416833075570526e+00,2.646381926428113207e+00,3.429142261384281909e+00
0.000000000000000000e+00,0.000000000000000000e+00,0.000000000000000000e+00,0.000000000000000000e+00,0.000000000000000000e+00,0.000000000000000000e+00
2.644510580919442688e+00,9.461563541076087880e-01,5.872364805585264413e+00,4.674568417673332199e+00,4.976518789636590334e+00,3.119921029948352853e+00
1.529288717363089134e+00,3.476434723281277783e+00,5.263025726866588982e+00,3.406014648054330518e+00,2.663888692341676467e+00,4.720653076550452631e+00
1.647931855302575910e+00,2.456249069949214103e+00,3.350513534933529769e+00,2.711975923836488001e+00,1.347337834618051788e+00,5.139993968568513871e+00
2.289326672990987355e+00,3.469958188527602960e+00,5.032094238162343025e+00,3.904724688458864001e+00,1.366091248897623345e+00,2.141968424706013785e+00
2.793045736617456143e+00,3.941663458852987301e+00,4.872651343683280345e+00,3.052293948092335452e+00,2.065813320318818480e+00,4.053219712710919964e+00
6.498077557337060828e-01,4.201310374458989472e+00,4.759719321212351417e+00,5.831562207264591180e+00,6.128321801650887579e+00,6.939329188014061955e+00
1.723496820353207282e+00,3.184040227346740970e+00,4.644445529072908307e+00,4.970775340022545841e+00,5.437579186978808821e+00,8.148331450103082574e+00
2.469109981828755629e+00,1.952634968530634119e+00,4.397693367605305603e+00,4.117909899792970840e+00,3.180375246996420824e+00,6.845432523990854889e+00
5.571245436204224077e-01,3.086714076176329868e+00,2.123703913059928894e+00,2.980507250912503903e+00,2.514394742885277978e+00,5.563741336292959971e+00
2.963957821916568314e+00,2.093331726472993815e+00,3.512568812554557773e+00,2.945847828280372394e+00,1.921102456022322436e+00,3.233176114017391356e+00
2.004565960601123908e+00,1.516011916735362508e+00,3.889463740423148685e+00,1.633349633789594968e+00,2.145819124849340120e+00,2.916955870142561302e+00
2.425821563861599639e+00,2.080584049731349694e+00,6.673945330378190377e+00,3.771545677376048289e+00,6.233203088496054534e+00,4.345752201662706149e+00
1.542987693879173561e+00,2.353667944252846311e-01,5.479336694737247271e+00,1.802611421431983274e+00,1.187036323802693083e+00,9.962615100227325549e-01
4.919408191673033670e+00,2.223796976076157783e+00,4.754693297506760175e+00,3.682948662976135434e+00,3.173809850580259440e+00,3.044591214736132923e+00
3.857950849860330766e+00,2.235121376959875228e+00,7.080226550328861279e+00,4.202015783473258992e+00,7.579560804079380709e+00,5.695169084913455748e+00
2.319422647625025036e+00,1.635632013357969150e+00,6.703460858313133208e+00,2.919689428229037986e+00,3.119127536465912343e+00,4.392519124555048116e+00
6.884019563881405013e-01,2.879990198267550650e+00,7.042972705277609435e+00,5.484489702592659555e+00,3.042441969337738250e+00,3.121888206258399912e+00
1.312934273530077078e+00,3.990452032068863897e+00,5.399325937640558237e+00,4.550048228383155369e+00,2.759930086074162237e+00,4.674288023762672495e+00
1.626256474762419080e+00,4.166548905802084590e+00,4.713304349845337526e+00,4.823248226178662890e+00,1.078727715976235402e+00,4.200472875154231289e+00
2.373087929157672971e+00,4.419374961495741161e+00,4.431191665427998139e+00,4.667798174777296083e+00,3.179999495696479439e+00,4.036875594847085580e+00
3.053932584913007897e+00,6.242316103826222928e+00,6.480206548547956302e+00,3.322177863363945605e+00,4.113334505031001953e+00,4.909834227769994897e+00
1.316319128424232821e+00,4.217191747850768557e+00,4.963452888316671086e+00,1.515086351800281061e+00,2.229548120131941147e+00,4.819521073527829991e+00
8.360877844172787121e-02,5.174678728978322262e+00,3.740748415122151727e+00,2.003893704479021931e+00,1.186135944071272874e+00,1.988560236081298616e+00
2.683144901931868276e+00,3.525687936258992572e+00,4.797638588740071874e+00,3.854319436990858883e+00,1.909640359421749700e+00,2.424207387438749528e+00
2.675917141561929391e+00,4.521221639087489308e+00,3.752501411079077087e+00,4.045819782698269584e+00,3.360664934938589088e+00,3.845227754937573295e+00
2.264457430526384929e+00,4.659198071665185736e+00,4.839675668274013631e+00,4.943191340185137506e+00,4.049176561357663573e+00,4.592273864392748095e+00
1.823163481595283297e+00,4.313628150023077090e+00,4.089313156810508332e+00,3.446154208651141637e+00,1.451672736908459882e+00,3.354589950300893797e+00
3.224156285184134330e+00,5.429900080991367339e+00,3.414238344591674412e+00,3.463549160373290192e+00,1.769368373149554197e+00,2.709461508996705792e+00
3.948068452208428614e+00,2.360682759126771391e+00,7.665335089669863322e+00,5.394805876887353691e+00,3.080064249939303611e+00,3.854609445769693998e+00
1.944247682279037992e+00,3.367750427180173922e-01,4.744223976974024204e+00,3.761868305565895021e+00,2.628380128218573475e+00,4.955716606981279249e+00
3.535223600166113478e+00,1.996506564839398035e+00,6.437349200073281708e+00,6.043478227541994485e+00,5.137546422902550702e+00,6.432606068591570470e+00
3.333107263478540361e+00,2.960741410607757196e+00,3.136125915891984750e+00,4.929796249832731903e+00,2.969230788743084659e+00,4.605241330670941657e+00
2.602265048924782054e+00,3.244980817919798088e+00,5.305790854396857270e+00,5.040975128613563783e+00,1.992979504491331877e+00,3.467517489656670282e+00
3.553152442510657316e+00,2.547339330725028272e+00,4.394765506384440634e+00,5.424448290857484700e+00,5.858581253862436000e-01,2.584363183392735408e+00
2.731739375860570807e+00,6.621282633350298319e-01,4.667095359035330127e+00,5.805970497847789957e+00,2.547300031533725750e+00,4.352257287532889762e+00
3.722971369157269894e+00,2.054471548483762344e+00,6.571870161214596884e+00,4.606035671296041301e+00,2.481212499911406688e+00,2.930253111379828912e+00
1.537382123449330562e+00,1.728026389964601339e+00,5.050236719677484665e+00,3.798181574662054416e+00,3.559540923044404614e+00,5.124210123551885765e+00
1.335753203106780695e+00,7.637651750597824751e-01,3.677829452885517991e+00,4.459616361736713941e+00,3.346839659179098092e+00,4.377151095843793804e+00
1.445207298821552300e+00,1.210796136313171179e+00,2.963738592083307921e+00,2.964835806765887760e+00,1.226069783370428823e+00,2.032416152966678879e+00
3.721236748630241564e+00,1.185624471311105044e+00,4.825830480866914129e+00,3.188974336808590326e+00,2.015600873512902069e+00,2.687950039570093708e+00
3.120398746916128729e+00,2.116809610853250589e+00,4.449728101833798632e+00,3.261067585277376502e+00,2.602065068132425107e+00,3.336500924350667141e+00
3.152399186559853739e+00,1.482853495191118753e+00,3.994091311704194958e+00,2.536106855700533735e+00,8.107780648730695816e-01,1.724903510112152816e+00
1.635769017963010885e+00,1.241936031569626397e+00,4.241607868840103990e+00,5.306576595121100581e+00,3.063869908728798830e+00,3.410728366915061649e+00
3.053447246723354436e+00,1.786804542953779551e+00,5.124019490665835619e+00,3.190921314728321967e+00,3.149864869909222431e+00,2.278364850431880306e+00
3.577055928289708753e+00,2.725187132795235279e+00,4.954278904264596939e+00,1.834628886189233477e+00,1.844037411362602796e+00,2.219490395150211182e+00
2.243648971619881305e+00,3.202003142464826979e+00,5.670698013572420315e+00,4.270141996302969645e+00,4.505144881934014300e+00,5.151793884465053708e+00
1.608953240256250083e+00,3.408929389257874476e+00,6.002790161819024917e+00,6.290028309462920575e+00,3.997649171922792899e+00,5.495125745845421683e+00
3.956261844122117566e+00,3.570400215968887458e+00,3.493671873625218360e+00,4.383057818148580864e+00,2.357133469029927042e+00,4.094165662222260416e+00
3.374573440724249807e+00,2.987365897737899623e+00,6.968950415927475106e+00,4.353313532585783463e+00,2.793073910385989844e+00,1.826809427344076475e+00
1.256141440152776401e+00,2.233886662741935147e-01,4.670203177981361975e+00,4.265264533078387821e+00,3.377452290180272154e+00,2.872470511726156417e+00
3.560640534476712027e+00,1.894266628745529646e+00,2.497718885613481099e+00,1.040188092063649705e+00,5.140962269732063383e-01,2.899352563796652849e+00
1.177948733509538659e+00,1.210153197015495508e+00,4.684154581646604143e+00,2.890305752436693076e+00,3.704840027612114284e+00,3.168542003007597252e+00
2.917338275726601093e+00,3.226603706313792674e+00,3.305754165156350233e+00,1.140428676709648315e+00,2.156776461271154854e+00,2.354722827909172089e+00
3.470380891706724036e+00,1.492300406976018623e+00,5.016257167134153150e+00,3.113595966035352269e+00,3.260547092921017409e+00,2.348439847471124331e+00
3.607346331793998218e+00,2.071906333479307527e+00,4.015659164298472916e+00,2.402280045964200639e+00,1.895426312445924744e+00,1.247331842798534041e+00
3.658115778534540841e+00,2.523995497383795250e+00,6.259136764939329467e+00,3.937085885712666489e+00,4.458491186395871608e+00,1.816406199370238728e+00
4.134548173902727441e+00,3.587787332128347551e+00,6.204652955310503870e+00,3.979611476749003174e+00,2.523386685004513907e+00,3.661760962469453151e+00
1.885663426495761463e+00,4.385897799966046229e+00,6.323876141034446619e+00,3.027819508916861579e+00,3.632482805178332885e+00,2.296992260531333763e+00
3.977209450123738499e+00,5.012251270152402682e+00,4.652704872636224565e+00,3.506852953515393168e+00,4.541280687406008099e+00,5.307147410429593926e+00
2.639580203222097854e+00,3.708081883361836972e+00,6.452353173290823918e+00,4.929666997634559067e+00,4.747555333750787199e+00,4.361397275750945823e+00
2.984386994644539826e+00,4.400041963879455231e+00,2.985321795187133809e+00,3.877148921355208167e+00,4.469438351944654997e+00,5.940340195011051705e+00
1.971136999535063605e+00,5.247589882034262132e+00,5.015279981179030067e+00,3.411394175166864606e+00,3.532949792481902218e+00,5.276970103350079100e+00
3.605622484231667535e+00,4.956433665101622310e+00,6.336236898443400989e+00,5.162765185948623881e+00,5.782556696778608618e+00,4.587471279989653539e+00
2.435955483193854576e+00,4.075672254956975493e+00,7.896920746098915700e+00,5.906881714352431700e+00,4.860431509146154738e+00,6.426892821858340099e+00
3.623194166949132988e+00,2.193685848031963648e+00,5.186228951241082186e+00,4.645024313725087950e+00,3.658363933905961485e+00,6.775298019929183901e+00
8.001659330436163842e-01,1.221973735132267036e+00,5.362113818423262401e+00,4.905023217817735315e+00,4.659220753964365969e+00,6.321776192527380545e+00
2.616895423411957466e+00,2.207010633179993686e+00,6.484554207018550898e+00,5.226270022226289669e+00,3.659545673147787337e+00,5.588392094193071813e+00
2.835888120987227978e+00,4.456663591319896867e+00,5.899376328440700590e+00,3.656306086475349382e+00,3.851196779886584043e+00,5.851673495113766776e+00
3.892243283275868659e+00,5.113964337798003967e+00,5.009076617252271824e+00,4.469473430678680970e+00,5.247288752608047169e+00,5.852084480988844817e+00
2.432366998904548883e+00,2.793126751982483391e+00,7.772089881066200689e+00,4.140834425744613689e+00,4.838693012304267071e+00,5.114075190664727266e+00
2.152438258636667268e+00,1.068947499028694015e+00,8.369284571134098627e+00,6.067241498347742734e+00,5.416355618922027659e+00,5.815412870435736181e+00
1.060110994168196541e+00,3.556109915532146282e-01,5.389601569520767299e+00,5.031299427549124736e+00,4.421358697183960018e+00,7.213794157917196692e+00
3.847813875470179390e+00,2.084375238977359324e+00,7.030673354832718047e+00,5.349923623879302426e+00,5.444490337856322526e+00,7.847860712742793510e+00
2.509953097352838114e+00,2.363105432599610811e+00,7.369958484088181550e+00,4.263205156052519484e+00,5.118511696195012561e+00,8.217883903859721784e+00
1.990466697292319287e+00,1.457282431089652386e+00,4.909239348737298947e+00,3.016186492221875071e+00,2.076988073473874596e+00,5.885770487664816031e+00
0.000000000000000000e+00,0.000000000000000000e+00,0.000000000000000000e+00,0.000000000000000000e+00,0.000000000000000000e+00,0.000000000000000000e+00
2.019539713314804974e+00,2.880604527925906488e+00,5.227428408687085692e+00,4.497799283073583787e+00,3.960755664926884023e+00,5.243823094922384520e+00
0.000000000000000000e+00,0.000000000000000000e+00,0.000000000000000000e+00,0.000000000000000000e+00,0.000000000000000000e+00,0.000000000000000000e+00
2.052171978057449664e+00,3.199859637730940065e+00,4.236440356154480114e+00,3.755114162603754302e+00,3.903997363386637609e+00,6.945269091307402221e+00
1.984371755227974710e+00,3.526825379299057595e+00,6.389138476870455108e+00,2.965694325643232432e+00,4.800393128739060877e+00,5.025444861766568572e+00
4.575904342982436646e+00,3.865178013261687084e+00,4.762927851499330956e+00,1.553414347721296718e+00,2.941208783140249139e+00,3.565065620893577147e+00
3.306144162508580564e+00,5.823884924834315413e+00,6.550493636376723217e+00,2.425399354200652002e+00,4.826547486872915016e+00,3.526358738302495688e+00
2.915846764533379432e+00,5.186268302706071864e+00,4.549300377020533581e+00,2.563853527010962807e+00,4.173722116810229643e+00,2.650464379668850068e+00
2.598334746764581649e+00,1.861573316464861572e+00,3.409919478654513281e+00,1.783287623988117687e+00,1.600118559947397046e+00,3.621334622678311632e+00
3.447827971299671113e+00,1.451212495193023866e+00,4.003875463939512436e+00,4.331126483949853778e+00,2.934184335777564545e+00,2.655833107076802868e+00
2.974507084548497104e+00,8.675890958923910823e-01,5.745234099159004515e+00,2.572903997857852509e+00,2.166916381058122010e+00,1.552479403073128594e+00
2.538934397303141743e+00,1.443721162987214424e+00,4.288413064085993653e+00,2.465703595936504566e+00,2.509120262862485351e+00,6.436278024684871646e-01
4.373679409416560304e+00,2.704829222018409141e+00,5.286641056422208607e+00,4.428911594278869934e+00,3.271702217889267850e+00,1.766460001677368830e+00
1.324360813235259782e+00,1.400155289592022623e+00,5.464705774677447891e+00,3.934503845733113181e+00,4.655208053905802501e+00,5.253535365503166688e+00
1.849102413426767288e+00,3.328398476342851797e+00,6.480308098836342623e+00,4.167921881903047243e+00,5.230889631334387779e+00,4.981387567731401234e+00
4.106461791543637219e+00,3.520540062394194702e+00,6.538337148957618084e+00,4.210140141472246356e+00,3.853982842573606238e+00,6.467515440715477126e+00
1.381462607960726174e-02,2.101251953392847760e+00,5.725639972674002820e+00,5.467837027614778300e+00,3.020173815671913342e+00,7.501441955580408383e+00
2.451830726570789487e+00,1.908835645010313220e+00,2.653772398022245849e+00,3.710646973696601680e+00,9.245555047506419655e-01,6.369323565297301926e+00
1.544034128442576925e+00,3.352419682006917867e+00,5.436410408307748909e+00,5.706452314520027436e+00,3.948246122767446131e+00,3.414268947166745782e+00
1.689051151081788493e+00,2.779980853289539144e+00,4.998852103067560115e+00,4.227407827411101771e+00,3.407277171511259972e+00,3.973101802584341424e+00
3.228835559584090298e+00,5.847021616065104510e-01,6.218848089795063316e+00,4.463982958660272615e+00,2.381652485101176886e+00,3.058226921064007620e+00
0.000000000000000000e+00,0.000000000000000000e+00,0.000000000000000000e+00,0.000000000000000000e+00,0.000000000000000000e+00,0.000000000000000000e+00
0.000000000000000000e+00,0.000000000000000000e+00,0.000000000000000000e+00,0.000000000000000000e+00,0.000000000000000000e+00,0.000000000000000000e+00
2.465272538295185889e+00,5.411680622828192178e-01,4.256553245651152118e+00,3.332027335766871268e+00,2.512462636497462931e+00,1.437266169129082449e+00
1.554027593740953783e+00,2.631226319502461219e+00,3.658906697908844485e+00,2.330209344996729826e+00,1.877426813659844873e+00,3.097603526283146280e+00
3.964892929495801521e+00,4.015800505112958163e+00,6.210153057186080794e+00,4.835150091344710077e+00,4.518745940918591941e+00,4.098669423701823078e+00
3.544090190714867639e+00,3.364012053829497084e+00,5.009530175380627171e+00,6.310942612546577735e+00,4.516436998746724996e+00,5.726512748701360067e+00
3.116837661615165178e+00,4.836913359816715996e+00,7.041124067666324038e+00,4.466556101644854060e+00,5.160607623043212300e+00,4.961340608394237961e+00
2.057797053520313391e+00,3.080583807849892164e+00,4.753191224604320197e+00,2.920506762008028723e+00,2.902355469790297793e+00,3.510077943454692484e+00
3.913434929749569857e+00,3.878525242103253223e+00,6.984345671616238427e+00,4.523925764630661206e+00,4.902497739003252697e+00,4.084569422541799888e+00
3.274115401406491710e+00,3.796239031092064842e+00,3.839940553982305715e+00,2.067479711386765562e+00,5.776322810789640272e-01,3.459067824164329341e+00
3.000338229506561927e+00,2.468583103470379569e+00,6.497572353032866843e+00,3.685253034132148553e+00,4.606605927691641789e+00,4.097627651948904770e+00
3.685080969551171926e+00,1.664078419959061694e+00,4.507713271649300246e+00,2.986420154541125527e+00,1.289149034775623592e+00,3.853036104575913168e+00
1.521465024676288857e+00,1.202113887492147981e+00,5.026591266701764482e+00,3.397590789427477276e+00,2.547983091490554131e+00,3.196566663794575547e+00
2.372504060015400817e+00,2.359090072765603452e+00,5.533105005246307329e+00,5.662907761725452183e+00,4.057272792115964144e+00,5.336390648950147586e+00
2.289296587782453596e+00,2.708754652748582181e+00,3.639557612557743571e+00,2.979974973204612798e+00,3.610391669977848661e+00,6.983697708023041351e+00
8.934569858129419728e-01,1.608281480032645039e+00,6.419524926875475934e+00,4.107022826083384537e+00,3.870189026935872079e+00,6.050801842718717793e+00
1.969327581252438231e+00,2.596442323551038989e+00,5.462656846136941802e+00,4.113299264744940231e+00,2.803705427283427198e+00,5.410279250050045619e+00
3.469070722318929878e+00,3.971317334280135114e+00,2.738698092443620613e+00,4.143694988623917830e+00,7.813500648300379936e-01,4.006939449408283060e+00
1.965775712397155317e-02,2.613185611948454223e+00,6.247954146612489268e+00,5.156577748998640409e+00,4.197915204790404253e+00,5.735658035129239884e+00
1.541503838902256618e+00,3.079871727923642499e+00,4.293172484001262390e+00,5.732649978929627466e+00,3.535563241683021829e+00,4.881536522133164802e+00
2.003225253386998972e+00,3.676212441378769569e+00,5.664704813290331487e+00,6.781485330889188923e+00,4.665970530250785231e+00,5.952856070075886130e+00
