VR1,VR2,VR3,VR4,VR5,VR6
3.239767439831200857e+00,5.541716395020287678e+00,4.208591795571345884e+00,4.952255805101985153e+00,4.656110224019553101e+00,2.889345346267069736e+00
2.368275420477711002e+00,2.904685728689178070e+00,4.818979610136553404e+00,2.072075530767040874e+00,4.011860546080463052e+00,2.933330934329400286e+00
3.229892092426072114e+00,4.055197431714629985e+00,4.149995583246338882e+00,4.952187539230080482e+00,6.156781206762793168e+00,3.404491122957027383e+00
2.718219732328084337e+00,4.590183749755272657e+00,5.187672152451528795e+00,3.674438712747543079e+00,6.959488403252005462e+00,4.938264808660470351e+00
9.328494365676287536e-01,1.590954076661294847e+00,3.726516838416881860e+00,2.384094504228379208e+00,5.799490650153621196e+00,6.149838606716311773e+00
0.000000000000000000e+00,0.000000000000000000e+00,0.000000000000000000e+00,0.000000000000000000e+00,0.000000000000000000e+00,0.000000000000000000e+00
1.229529988344536306e+00,4.519318877821730140e+00,5.588437896839142383e+00,3.776208539796281016e+00,5.070364767174774911e+00,4.115775127222581098e+00
1.647639632445394575e+00,2.859072908148649894e+00,4.634434005165399384e+00,3.761762347558877284e+00,2.841179865620468092e+00,2.167937391436403072e+00
3.566267276115746121e+00,5.241031543074848642e+00,7.243382309733439328e+00,4.462078173616524701e+00,5.014174100365708320e+00,3.619446121579177778e+00
5.095161484583792699e+00,3.845101578848957757e+00,4.637484195092692829e+00,7.282633865679551732e+00,5.276647199639208807e+00,3.291339859503593424e+00
2.739655278862291432e+00,1.410035581192301324e+00,6.441951503285373803e+00,3.732409313376155779e+00,2.892562115740974882e+00,2.422488528099424610e+00
2.616466342590532790e+00,3.608985371044741708e+00,6.943145214528332332e+00,5.012517751542529432e+00,3.350210966126168977e+00,4.608751803982381823e+00
3.323791133897143979e+00,2.893084953454633457e+00,3.999837226034290261e+00,4.457903774845861200e+00,4.016045883732678234e+00,4.463796864809405740e+00
3.689411708406726387e+00,4.452183659249099534e+00,3.865755481341734523e+00,4.964452185737948220e+00,5.579804596448703080e+00,2.770047275935453079e+00
4.103949050403530308e+00,3.905160524566230862e+00,3.790202167999597638e+00,2.180298232962615934e+00,4.829833653845409636e+00,2.532792754547565472e+00
2.538849691114847040e+00,1.015559464067763873e+00,1.045060002295701729e+00,6.259252851917674221e+00,4.184757982109102770e+00,1.870403585083284526e+00
2.962449294004663614e+00,5.051440351322723288e+00,3.578349834157609877e+00,4.148080999376428935e+00,3.738266873888680397e+00,5.455418052802329498e+00
2.217257380530678113e+00,2.766973514381781296e+00,8.920363682561021079e+00,4.197492540127614191e+00,1.983290672155841872e+00,5.978275889491770911e+00
1.095012925951253990e+00,1.462985988901398970e+00,5.519223572893850793e+00,2.831917512160899264e+00,3.841342033053954275e+00,6.166311246652364630e+00
0.000000000000000000e+00,0.000000000000000000e+00,0.000000000000000000e+00,0.000000000000000000e+00,0.000000000000000000e+00,0.000000000000000000e+00
2.516095573689447029e+00,5.187766044536790133e+00,8.958801461922057285e+00,3.933529713721114263e+00,1.835894139515719559e+00,4.835934343582023232e+00
3.436111243403281446e+00,1.640190961178546125e+00,2.114372634921941163e+00,4.431423289505421081e+00,3.358239387238915796e+00,4.939515862038604155e+00
5.615010814698440100e+00,1.893183718436185714e+00,4.691004162002075262e+00,5.050522382758992457e+00,3.489322970198184937e+00,4.397831129838614572e+00
4.895556707377158645e+00,5.793725489943337692e-01,2.859633148426584448e+00,4.645853577532847112e+00,4.041465933664870391e+00,5.770848732782177137e+00
4.970564712519626838e+00,3.051845835672839513e+00,3.269731835748797444e+00,6.702897173214124038e+00,1.803897330818903910e+00,4.302921950950986840e+00
4.359165158129915341e+00,2.565081620539712670e+00,6.681571560407997268e+00,4.751925967068437728e+00,4.699408346592465868e+00,4.693797318515510852e+00
3.598979274930319328e+00,3.611829459430087041e+00,2.157863742926954043e+00,6.460564869704819912e+00,3.051359520371260015e+00,4.458045529433724674e+00
2.244324545756887446e+00,4.788659247819984977e+00,4.228909765876226245e+00,5.546560313336341252e+00,2.074145242007100265e+00,2.948781162119769927e+00
7.944711062762757070e-01,8.822824351834825940e-01,3.865083078364713653e+00,2.440788066488275732e+00,5.387775922374838267e+00,2.722682053674055247e+00
1.042210900205940094e+00,2.739849296581799987e+00,4.427641372209312642e+00,4.079059725079811294e+00,5.237345099848548458e+00,3.824424398669110214e+00
0.000000000000000000e+00,0.000000000000000000e+00,0.000000000000000000e+00,0.000000000000000000e+00,0.000000000000000000e+00,0.000000000000000000e+00
1.162446085504910354e+00,2.453416096140221381e+00,7.210211349077716214e+00,2.900535137718033063e+00,3.493224493218441307e+00,4.618143798082654072e+00
2.285797248015993599e+00,2.394187582846474260e+00,5.456809961452976587e+00,3.765242475262819966e+00,3.607193374883965298e+00,6.531634908594151412e+00
2.940646611606754668e+00,3.892793040428165874e+00,3.982020920885582349e+00,5.240662836795699775e+00,4.193759899585489670e+00,5.720551711132531914e+00
2.206206537683599311e+00,1.890602664335121030e+00,6.435014182831305440e+00,3.602874620174008058e+00,1.690145018147981570e+00,6.006654407974256316e+00
2.245991621611592493e+00,2.491915251571495293e+00,4.352968697596071301e+00,4.919488360701055107e+00,1.799079024804850491e-02,4.641448945381572599e+00
3.942102769383486471e+00,1.703149046854869564e+00,5.435768045257522552e+00,3.168838361659221725e+00,1.646896918817724709e+00,4.368268527663938805e+00
2.943746636520414128e+00,2.569138438015437398e+00,3.178523233773447476e+00,4.165629772671182174e+00,2.335960007247429360e+00,3.480614995012749180e+00
2.409940660534247048e+00,7.847831170555545910e-01,4.485705064056466185e+00,2.282256956149955940e+00,3.551174581256677065e+00,3.526032641841520210e+00
0.000000000000000000e+00,0.000000000000000000e+00,0.000000000000000000e+00,0.000000000000000000e+00,0.000000000000000000e+00,0.000000000000000000e+00
1.910398160724444461e+00,2.488716753941184301e+00,5.363343901999373387e-01,5.069434756047709101e+00,1.915513176806347140e+00,2.707040732470345823e+00
4.183554024228949508e+00,2.196125218916457733e+00,7.459979646124466512e+00,4.321976791592922140e+00,3.862456034244250880e+00,3.533541952003907305e+00
2.017838146553575296e+00,3.444102005576157310e+00,6.329500743203604785e+00,4.326848019207607976e+00,2.406270785309006399e+00,3.854809117503418481e+00
2.648150480535816698e+00,2.910095527620585543e+00,5.691965712149141154e+00,5.772680249226960214e+00,3.142036376199678571e+00,3.602992695212975605e+00
1.748571335885003464e+00,1.289424521371061783e+00,2.459113719722728408e+00,2.891076640874324255e+00,2.743811589540858797e+00,2.545888130992695508e+00
1.797104455918793864e+00,2.506326258531200057e+00,6.820097081702946262e+00,3.003908339755691603e+00,2.714107925152503320e+00,3.404484824971018675e+00
5.564886596482248038e-01,3.172513677775672392e+00,4.341520079298713419e+00,5.879806505781074222e+00,3.316308400692143277e+00,5.321976068314894448e+00
1.921260929860380440e+00,6.561395027956398174e-01,3.764810710768075719e+00,4.620417551619473429e+00,4.239228418542120735e+00,5.421273343895661512e+00
1.051142407126253620e+00,3.693345019119760320e+00,4.691239694963531548e+00,4.367923466229119533e+00,3.655245029739923712e+00,4.879049222378065487e+00
1.934086373444290796e+00,7.261337520936352874e-01,4.762166857081939320e+00,3.270226109123106184e+00,2.626447368446931385e+00,3.422665985176305270e+00
8.239356764245431286e-01,2.401137871984397876e+00,4.818092402970195920e+00,4.094252672466637932e+00,4.316073396046162358e+00,3.514670059960016246e+00
1.532028603667218380e+00,1.498523300647220280e+00,1.474272647162219840e+00,1.876941392873094472e+00,4.177976620977280398e+00,4.284782861046343427e+00
1.871850248651720783e+00,4.012275020760445621e+00,4.504464555219229283e+00,3.799464968863630610e+00,4.458574527987376968e+00,4.591351557444908416e+00
3.628318065697661687e+00,3.999136156283961796e+00,6.672858428524533814e+00,3.867440263153112401e+00,5.639811877801551354e+00,2.733173461330507426e+00
4.224627475878513394e+00,3.848808970422557429e+00,6.850463138404990104e+00,4.798797850928036013e+00,5.908636085570503127e+00,3.064412201107390210e+00
5.171837212554595276e+00,4.452088953766457635e+00,4.608832576053308649e+00,5.901706604584696869e+00,6.068209820753634354e+00,4.214195785484740497e+00
4.567071881764982244e+00,3.110519293589840917e+00,6.372702343413253701e+00,6.590998592762452368e+00,3.783019401440467000e+00,5.797950290047111821e+00
7.992479199414357360e-01,3.370475349675108756e+00,2.836549196934817996e+00,2.070902963781891870e+00,4.820596350796011009e+00,5.688284918715749150e+00
1.328780349100133540e+00,3.143854305003190408e+00,5.766531497540558604e+00,2.986307473316436756e+00,5.233025576299219495e+00,4.396696977786206162e+00
1.888570965399934742e+00,1.841521399686963489e+00,6.628215965225026096e-01,1.557269836126174756e+00,4.317322961968820039e+00,3.506508295939428255e+00
1.542825118571609089e-01,2.269027349158569962e+00,3.232168995147738144e+00,2.962309017078900819e+00,4.305938355189470101e+00,3.416030830036722588e+00
3.420713638382810728e-02,3.972213235511564022e+00,6.558693652916527839e+00,2.953100208613973265e+00,3.767053511566601287e+00,4.696096367952903528e+00
0.000000000000000000e+00,0.000000000000000000e+00,0.000000000000000000e+00,0.000000000000000000e+00,0.000000000000000000e+00,0.000000000000000000e+00
0.000000000000000000e+00,0.000000000000000000e+00,0.000000000000000000e+00,0.000000000000000000e+00,0.000000000000000000e+00,0.000000000000000000e+00
0.000000000000000000e+00,0.000000000000000000e+00,0.000000000000000000e+00,0.000000000000000000e+00,0.000000000000000000e+00,0.000000000000000000e+00
1.302406240443132468e-01,1.742198124067042331e+00,4.630103569852269452e+00,1.964298598225934889e+00,4.435252843909584186e+00,5.900859278538053587e+00
0.000000000000000000e+00,0.000000000000000000e+00,0.000000000000000000e+00,0.000000000000000000e+00,0.000000000000000000e+00,0.000000000000000000e+00
1.711780161187494098e+00,3.801741253752304317e+00,6.146714781101866976e+00,3.992677509649909418e+00,1.093749333604516760e+00,2.907787066173650459e+00
1.353820100240821223e+00,3.388769432893260269e+00,8.170462371570124560e+00,3.483285704567907537e+00,4.813632029167997928e-01,4.332924093997124082e+00
0.000000000000000000e+00,0.000000000000000000e+00,0.000000000000000000e+00,0.000000000000000000e+00,0.000000000000000000e+00,0.000000000000000000e+00
3.967686125521188600e+00,3.787265605475678587e+00,6.208375832253079096e+00,4.121621397521839647e+00,1.705464978882489824e+00,2.671300914508777158e+00
2.322547391790755089e+00,1.885816549856175861e+00,3.613663512627316443e+00,3.318418633185586053e+00,4.146922354280644818e+00,4.179153091189551361e+00
2.956608728579511958e+00,2.508131577152219904e+00,4.936132569071729925e+00,5.318972301081117848e+00,3.501759853220311136e+00,2.953955697194785124e+00
2.814343602501812924e+00,3.573428869078726589e+00,4.872693452049177587e+00,5.286438678165950478e+00,2.808098293874225160e+00,3.675302578014933097e+00
3.317495078968816458e+00,3.934798702431486106e+00,5.966580799219057596e+00,4.960583554706148313e+00,3.382284341822950680e+00,4.718486233777892558e+00
