VR1,VR2,VR3,VR4,VR5,VR6
2.796482152281934752e+00,3.249341700755166595e+00,3.433756849904396002e+00,2.275009416738418722e+00,4.401997365365369674e+00,3.801812121749789775e+00
3.575830926756519812e+00,2.030235663502184540e+00,4.123406757786332477e+00,4.646060946122766211e+00,3.589174190986609503e+00,5.803973929545612087e+00
2.503393591446079647e+00,3.394229004243801917e+00,6.675125877690533116e+00,3.787481911848646909e+00,4.993408430367852091e+00,4.821115125198670803e+00
6.616009750975639925e-01,3.278302453078407286e+00,3.521170303892769748e+00,4.315598420240155164e+00,3.397140218349406382e+00,2.299243344711485282e+00
3.717246134075450126e+00,1.714043147030665182e+00,6.401702652125772275e+00,3.738892212491886635e+00,2.032959968364384640e+00,5.976927827365514645e+00
1.770744799487999677e+00,3.029260352268552836e+00,4.659794231665287612e+00,4.001493791550005952e+00,6.062846649001121691e+00,5.504824102628738558e+00
0.000000000000000000e+00,0.000000000000000000e+00,0.000000000000000000e+00,0.000000000000000000e+00,0.000000000000000000e+00,0.000000000000000000e+00
4.324471170520924446e+00,2.837541215348223567e+00,2.656641985232216285e+00,3.413107887845904465e+00,4.729583203619240450e+00,3.392349567244377972e+00
3.615519508430414142e+00,2.851070943312217665e+00,3.516995867080231264e+00,4.981213924403757431e+00,4.481386122061551625e+00,3.964056298118197930e+00
2.884713937904600733e+00,4.805010213680850129e+00,3.834698139891546731e+00,6.096477569246815165e+00,3.717214964782662889e+00,1.932573778981665491e+00
3.210418990571934472e+00,3.732641217497597363e+00,5.258473123245487102e+00,3.411539614241150709e+00,3.584348303897689547e+00,4.995924175375452414e+00
3.176961252050742424e+00,1.258710174685147898e+00,5.337993592049058655e+00,3.150332181450088864e+00,3.652261663980790551e+00,2.567971353911898902e+00
3.199279248507872708e+00,5.432257417814763123e-01,3.743819108373716009e+00,8.333554756188199519e-01,3.128006192748243208e+00,5.793122161163584138e+00
0.000000000000000000e+00,0.000000000000000000e+00,0.000000000000000000e+00,0.000000000000000000e+00,0.000000000000000000e+00,0.000000000000000000e+00
2.952332668871787913e+00,4.465222130363030395e+00,5.251231299508527961e+00,3.960402984437290996e+00,4.422384892340189388e+00,3.536890671010517462e+00
3.247178447224233544e+00,2.590660004378567027e+00,3.814850145617963761e+00,3.412826392012117349e+00,2.597850897818951843e+00,2.495917996361325830e+00
1.802203129066696219e+00,2.503365471307170242e+00,3.936089122148862529e+00,9.578282450220267918e-01,4.124081904313826819e+00,3.782533600158789699e+00
1.295744703894741834e+00,3.188962312319755465e+00,4.854397336236661253e+00,1.484457478154208143e+00,2.841917049254854444e+00,3.947089218514240549e+00
0.000000000000000000e+00,0.000000000000000000e+00,0.000000000000000000e+00,0.000000000000000000e+00,0.000000000000000000e+00,0.000000000000000000e+00
4.768393634329566311e-01,2.192333033895820460e+00,7.640379191914732360e+00,3.660122627981649668e+00,3.617003272068696429e+00,3.610922053090217521e+00
1.379842336987763263e+00,3.374636760141083158e+00,6.640214453501849690e+00,4.446313200353371187e+00,2.061996790907400179e+00,3.385876234910647931e+00
1.636292866848010341e+00,3.358369294000705274e+00,7.564553594890651489e+00,4.000703389581138580e+00,3.283003529329972636e+00,5.285296619856751477e+00
8.828384801128896786e-01,1.665934739225473971e+00,6.671993342873108190e+00,4.488398100342915420e+00,3.932844405300842006e+00,1.661523203033284712e+00
3.938296216549530104e+00,2.741265076246705235e+00,6.037393688236375233e+00,4.365325194507888362e+00,3.670973532060893607e+00,3.729640657432006456e+00
2.377196330454910633e+00,4.160568605141885534e+00,4.691558654597559830e+00,2.275778175388639468e+00,4.397854097833307385e+00,4.685439240364753566e+00
2.649163252988430362e+00,9.038521900709435286e-01,6.385318550060573806e+00,1.829716651543851214e+00,3.733866160793299471e+00,4.260893972133261265e+00
2.432019004532555595e+00,3.858395369998246505e+00,6.259829214640339146e+00,2.013436743417431618e+00,3.307117046464781662e+00,4.989591444285164101e+00
0.000000000000000000e+00,0.000000000000000000e+00,0.000000000000000000e+00,0.000000000000000000e+00,0.000000000000000000e+00,0.000000000000000000e+00
3.169797355104055914e+00,2.099537697306171680e+00,1.008465444003751443e+01,3.294242861982309201e+00,3.553883604442182431e+00,3.907304641510919385e+00
7.258286360081787070e-01,2.004351219095803049e+00,6.997738122558742724e+00,3.954763508082514978e+00,4.828359375226997763e+00,3.303406418823296775e+00
1.451776971390881688e+00,3.457082011052457382e+00,5.105851543803424875e+00,3.252223797266275529e+00,5.857301310487658341e+00,3.596875607604524294e+00
4.447727179413196730e-01,4.145553150110712792e+00,4.920753178296073393e+00,4.590346497838269535e+00,6.100176567097845393e+00,5.363183960728726163e+00
7.706577146816224744e-01,3.840291275771395618e+00,3.374551967814171327e+00,3.407565078238907752e+00,3.605651966016623522e+00,3.106638126170689240e+00
1.290329629444344040e+00,2.658793033286666940e+00,2.493859357063707538e+00,4.560538196128289812e+00,5.247536898138632111e+00,3.498688736627002527e+00
7.514727595745271937e-01,4.231143223811706378e+00,3.400455394266537645e+00,4.930060273259007531e+00,4.525919963195941698e+00,4.089463018745985501e+00
1.921981010898404341e+00,4.892579608055984686e+00,4.398189945761207476e+00,5.273894104452022447e+00,3.395290732641020881e+00,4.948986366525327973e+00
8.337430306941366887e-01,2.061577148323746833e+00,1.498368923574667555e+00,5.902186926844725789e+00,1.978639878309345290e+00,5.664977050356967858e+00
1.931612674928505413e+00,3.516290817294006388e+00,3.512282826217844711e+00,2.777012327941527303e+00,2.565366162743955236e+00,3.467694283508571562e+00
2.154565101695461671e+00,2.091352037176032574e+00,4.641741678702917540e-01,1.453791563787353525e+00,2.601682982916068365e+00,3.976885938611976812e+00
9.212819008345096705e-01,8.286407734329941377e-01,6.850458865882099957e+00,2.725635160904879228e+00,3.674793864100936780e+00,3.236221174703975745e+00
5.537066525032660280e+00,1.971365392953212670e+00,9.408268744114284488e+00,2.781368066765201430e+00,3.149923186688036836e+00,6.646482186165570738e+00
1.989584917401506781e+00,3.394513334925660430e+00,5.605007194291223627e+00,1.097037448281916294e+00,4.227117309282135693e+00,4.051319327906232282e+00
3.347390733270465990e+00,1.896769447412771203e+00,6.096635138821717703e+00,1.883643426037009405e+00,4.019177173933674574e+00,3.710695988413410973e+00
3.376371924196210905e+00,1.926145730931453137e+00,5.705767339803039739e+00,3.189242425988846108e+00,5.783836295885420142e+00,5.213199907359533647e+00
2.879751313822369596e-01,2.045358937263610954e+00,6.083269797428178194e+00,3.264227132051623403e+00,6.821270619826880655e+00,2.349527145414635143e+00
3.514340482832584822e+00,1.253235340936131648e+00,6.563117713903885431e+00,4.773517371360863848e+00,4.262657080949584731e+00,4.301959790695290664e+00
2.339656917822609206e+00,3.274144073633320495e+00,6.360881798557959321e+00,4.819537579730019061e+00,5.050064899759001413e+00,2.856586554510045062e+00
4.005664331324338079e+00,3.316123977472721585e+00,5.211979654696128783e+00,4.992306000156117030e+00,4.449100109933458391e+00,4.215706683959429490e+00
8.681600686590293936e-01,3.482117529828941738e+00,5.802241594167749206e+00,3.857964589721641246e+00,5.643214404324110589e+00,3.677423372375065114e+00
1.347989129526785179e+00,3.672152945908460975e+00,5.980769280014941458e+00,6.244356830813946324e+00,3.757478420138971487e+00,5.010189277657191909e+00
4.826789553016626932e+00,3.186865246209657609e+00,5.245525021092015905e+00,5.215613313002429585e+00,1.853177268341243522e+00,3.578284191955569682e+00
5.552753685614941759e+00,2.239450227576147423e+00,2.983321205489363415e+00,4.415886997366587075e+00,8.835372690066685131e-01,6.326696778778152286e+00
6.974622825801577441e-01,2.651349996261503250e+00,5.602146760735015718e+00,6.247381193618545048e+00,2.673805996339054136e+00,4.717184188979676840e+00
5.042847654835552973e+00,4.039494314787133611e+00,6.002385001257131592e+00,3.850071557341805395e+00,9.832081757485626738e-01,6.945181408832741710e+00
4.556142677386390005e+00,3.128194564905077968e+00,5.266183463302956724e+00,3.667844712231408177e+00,2.163682502295005250e+00,3.458354834620567697e+00
1.965944578268861154e+00,7.100567344643353707e-01,5.113048746518394694e+00,3.961295780336542283e+00,3.190249925285000288e+00,4.323823161202054344e+00
3.262544307701325419e+00,3.735054637345226247e+00,6.258542479018171178e+00,3.880635564472634691e+00,3.118523088246413000e+00,4.973715204499870701e+00
2.809877214534453937e+00,1.485234919892751249e+00,5.580511406457073775e+00,4.195778898689258796e+00,4.645749742926772896e+00,5.558720745443332945e+00
6.385460941841909488e-01,1.054645732510711476e+00,4.296130966166186838e+00,3.788482098203206583e+00,2.719719247921196903e+00,4.098252706782685273e+00
0.000000000000000000e+00,0.000000000000000000e+00,0.000000000000000000e+00,0.000000000000000000e+00,0.000000000000000000e+00,0.000000000000000000e+00
3.988590831198079556e+00,5.413557862076817884e+00,6.426655877068483846e+00,3.702457959597980519e+00,3.209208320407190840e+00,4.518517052567911030e+00
2.976481857323596270e+00,3.844714905453007425e+00,6.166931768299328098e+00,5.554850117374190432e+00,1.575001850282759186e+00,5.817191832370946614e+00
2.540491666823605499e+00,2.493310242128907284e+00,6.826716106581632637e+00,3.560034220933560256e+00,3.201666215291937512e+00,5.443974104445875817e+00
6.486213196349071008e-01,4.121795780669121001e+00,6.192991117898608344e+00,3.764999110301642027e+00,4.906103235120136574e+00,4.030802826294749508e+00
2.082045851627353006e+00,3.067949479871445284e+00,3.101993675142728613e+00,2.972865874146317200e+00,1.054715072614788252e+00,4.690916063918671775e+00
2.312778490891219896e+00,4.782486212628916711e+00,4.602489208241977714e+00,2.194198579126743098e+00,1.995989728450422218e+00,2.471051530177084565e+00
3.683838700724737070e+00,1.138239313855092139e+00,4.466844969434362156e+00,2.830915210574771468e+00,1.162256297671315330e+00,7.172480556122765805e+00
2.078622252063171860e+00,3.065442518929369697e+00,3.498096830568863780e+00,4.677465858196221404e+00,1.986523653172225679e+00,1.313904390234335473e+00
3.760927169121923264e+00,4.647883020616807137e+00,4.322790334325372186e+00,5.909504624367808212e+00,2.650948688752518212e+00,2.109384882687251217e+00
5.685425481908785272e+00,4.052602181357987554e+00,6.681569424158137593e+00,3.799942048978857567e+00,2.489248489916578766e+00,5.468292942654937150e+00
3.254537864247855516e+00,1.307756664399833957e+00,5.063214671601375727e+00,2.533185797857547161e+00,4.554027747895315947e+00,4.969287106812856791e+00
2.251096318479037794e+00,1.467689134963653386e+00,7.049905358119925580e+00,3.022512589824100537e+00,4.564141613587126223e+00,3.531499614338811099e+00
2.561228619955697283e+00,2.238105690949645066e+00,4.927120328845425945e+00,4.948645403266501930e+00,5.577956302880583195e+00,4.868487193949769143e+00
2.996581649151722537e+00,3.651632003682882655e+00,5.486212733194920865e+00,6.379245958338989553e+00,6.353252898032737406e+00,5.339690434127934537e+00
1.121555854313537104e+00,2.740807678575068795e+00,4.668405082695572972e+00,2.731577149854604869e+00,4.696016133320581432e+00,4.358680442258296317e+00
2.288422136666070639e+00,1.977819328184697190e+00,5.373008356983467237e+00,2.166564250833791228e+00,3.932396244399154028e+00,4.801035920532637391e+00
3.992505158100789764e+00,1.023766312603155981e+00,5.821431191317357978e+00,2.449235248219649996e+00,4.123314015008119782e+00,6.220962762152392855e+00
5.209455714625277345e-01,5.310438653802318498e+00,6.546813665591100673e+00,3.154929900343774740e+00,6.216539542871848845e+00,5.287112681521540125e+00
1.667725661657685432e+00,5.761066675662547709e+00,5.515913003143673166e+00,3.491522479819838765e+00,2.059895663623247941e+00,2.145109382919196950e+00
2.224403645870300927e+00,4.202003249134706131e+00,5.184899681861735665e+00,4.066951906188340793e+00,2.021117492303686092e+00,3.696978968388146214e+00
3.288718412397019009e+00,1.244090458959787426e+00,3.421205314573153800e+00,4.388284801174321181e+00,2.066765800698109778e+00,4.113699842998210343e+00
3.498424485314266086e+00,4.728278559250222557e+00,3.949506311948414172e+00,4.390000584997875599e+00,1.417968333297227046e+00,4.236938385734818624e+00
3.962032712832119330e+00,3.228281059394184194e+00,2.531094712085111720e+00,5.346699172287579849e+00,2.545100992105227000e+00,5.057779082254946879e+00
1.832492096543094640e+00,3.262092486130470093e+00,7.836505535788532484e+00,8.427562088516218353e+00,1.996607708457436292e+00,3.208810528182755917e+00
3.322616291096378571e+00,2.550829370275247143e+00,5.698602466118099841e+00,6.928123767149346079e+00,1.153908476272436978e+00,3.806882363630893273e+00
0.000000000000000000e+00,0.000000000000000000e+00,0.000000000000000000e+00,0.000000000000000000e+00,0.000000000000000000e+00,0.000000000000000000e+00
3.022156295944118387e+00,5.232047492994894355e+00,6.249313104344706993e+00,5.824572467021573274e+00,1.607822314455036317e+00,6.455011710147801729e+00
2.521713967547958735e+00,3.414407737278029931e+00,3.681890842464279334e+00,3.781652344749856454e+00,9.679427751587850182e-01,4.696701085788342667e+00
2.983132522577429668e+00,2.849399085519953356e+00,3.530146400605150614e+00,2.858182045529102933e+00,2.041538423570598226e+00,4.193982318055111236e+00
1.645986819844042603e+00,2.784064954607585296e+00,2.876314151532005869e+00,1.839698818781276390e+00,5.068252852523789542e+00,4.026739204589660837e+00
2.214791622323637910e+00,1.914267437826131957e+00,3.654992369071449421e+00,1.894368474808682645e+00,4.408881022965305263e+00,2.372911387065748556e+00
2.052235263109230878e+00,1.991163849564666855e+00,5.141910465979320222e+00,3.386547588696105837e+00,5.517158588310648426e+00,4.175374479124754679e+00
1.216803807662498738e+00,4.104289947026091845e+00,5.969402630548619193e+00,5.843763408141295912e+00,4.247039133831401969e+00,3.365506003166730320e+00
3.199468412057797195e+00,6.074356162132483306e+00,3.276496768833704998e+00,5.028345060041189640e+00,1.189573489060672618e+00,4.927700819089966267e+00
0.000000000000000000e+00,0.000000000000000000e+00,0.000000000000000000e+00,0.000000000000000000e+00,0.000000000000000000e+00,0.000000000000000000e+00
2.089485252869542453e+00,4.289977927298216365e+00,3.614668305445902341e+00,3.942649115727480780e+00,9.137870325559287465e-01,2.104210136836032419e+00
4.855212026970772143e+00,3.386229099661770103e+00,6.526101672162393008e+00,4.382409062534819100e+00,1.517257412884688961e+00,4.112102152206064787e+00
1.483176196526672097e+00,4.455257212716590587e+00,6.519200120303968227e+00,2.853191617377271783e+00,3.235253989139895481e+00,5.115475894541861024e+00
1.497387520701492836e+00,2.049330092985449880e+00,3.483123483014983535e+00,2.853801505201058131e+00,4.352816033125634476e+00,3.570156659219604567e+00
3.235108583352455103e+00,4.252173657986624278e+00,4.196747415404778359e+00,2.224878309233231821e+00,3.020218082830921968e+00,3.294457161915559151e+00
2.016802667942262595e+00,2.210287131131908556e+00,1.836254180136646319e+00,4.501319256187578333e+00,2.496843128173537707e+00,4.027756766853872072e+00
3.414782378297574361e+00,4.657777796399724224e+00,1.100151871254112734e+00,1.848797452378167172e+00,4.040572510114695426e+00,5.150312000620599129e+00
3.544620711738977192e+00,1.324935516242344624e+00,3.322410283180934343e+00,3.740844542264475159e+00,4.006476368560817569e+00,2.672616303820209982e+00
3.546807554512623639e+00,4.676824343140532747e+00,6.092441052211691854e+00,3.330399462122869192e+00,5.198741896052448297e+00,3.507925704498416675e+00
1.887812772293271379e+00,5.453751630375490045e+00,4.902270907429921110e+00,2.678467836062540464e+00,4.248466502791874433e+00,4.021096051627996104e+00
2.913851459119520371e+00,3.610097303850727357e+00,2.189103453129725985e+00,4.953469970488262319e+00,5.116394310658475497e+00,3.327955486778723326e+00
2.048147724070117359e+00,3.434338397686267808e+00,5.401407634948514058e+00,5.607421472496760373e+00,8.211460393357405962e-01,3.298344400576687541e+00
4.558592047312052919e+00,6.806519151737917994e+00,5.216051464055705189e+00,5.678006015972508536e+00,4.732503883281058421e-01,4.308493174860477559e+00
0.000000000000000000e+00,0.000000000000000000e+00,0.000000000000000000e+00,0.000000000000000000e+00,0.000000000000000000e+00,0.000000000000000000e+00
4.682975340252370167e+00,2.705513910260172850e+00,3.754156687792328473e+00,2.997729074949924577e+00,4.728718871261277101e-01,4.012115913231460773e+00
1.755152282106110961e+00,1.525538713899527776e+00,3.774094789241240200e+00,2.509131337096080827e+00,3.485957561731908072e+00,4.858473534459140097e+00
5.603732564767307522e-01,2.887076511090171493e+00,2.400801367416502519e+00,3.422077980831602417e+00,4.814185800348050215e+00,4.560445696553571793e+00
1.965054463662656570e+00,2.514629787566229790e+00,4.113988815859332959e+00,3.611686262270021430e+00,6.193896488400355338e+00,3.378573283409975758e+00
4.029710402412074899e+00,3.106841912580898146e+00,3.998536594834058100e+00,1.784297367756946695e+00,5.174825928900367522e+00,2.077413127311646512e+00
2.049204427869271594e+00,1.607627311822734884e+00,4.041093197643506052e+00,1.243710767072617962e+00,3.619319671590405019e+00,5.242886307430713266e+00
2.622585815895072781e+00,3.522919809503370470e+00,6.786482527268830722e+00,3.178002197660970474e+00,4.172374454706210933e+00,4.051520768649887749e+00
2.230886721063425338e+00,4.434585681783724809e+00,4.974186317920813671e+00,4.028393581926246192e+00,3.258966491304678748e+00,3.262417551341258992e+00
2.783139566740373994e+00,1.654351675064451799e+00,4.697061381647941403e+00,4.899753973529032081e+00,1.777147679768017685e+00,3.718114660862829712e+00
2.032381114223501317e+00,2.803059715414495390e+00,5.728075869950169263e+00,5.259148459484984883e+00,2.479917606480368075e+00,3.725859463504356484e+00
4.997958010138908946e+00,3.134213534419943770e+00,5.788184474696794091e+00,4.840246802266843673e+00,7.287579071244225659e-01,5.010782693949633604e+00
5.151768920639200111e+00,5.709416703726240883e+00,5.770738461541385256e+00,4.834030643645172098e+00,1.051330470540986717e+00,6.154014348225748776e+00
0.000000000000000000e+00,0.000000000000000000e+00,0.000000000000000000e+00,0.000000000000000000e+00,0.000000000000000000e+00,0.000000000000000000e+00
1.690504375199987752e+00,2.390007103891833573e+00,6.557382401410177586e+00,4.609471966780792407e+00,3.756925748303491464e+00,3.995021817079781989e+00
1.619852228466189148e+00,2.391440962666281145e+00,6.407217787601345194e+00,4.244589266318319787e+00,3.566111812551528537e+00,3.335333691053278038e+00
1.324741205581337455e+00,2.627428384165481745e+00,5.032710051774117233e+00,2.524884462064882484e+00,4.765930151378109159e+00,5.331377320618518212e+00
8.637663479890393958e-01,2.158574991758363204e+00,3.849512974662503417e+00,1.876562950412901998e+00,4.823934476897859369e+00,2.656481309376066413e+00
4.020186421635477458e+00,1.307186356350122036e+00,6.037688102248902844e+00,8.967136410099705301e-01,2.107296616207389839e+00,5.569781335036876335e+00
2.358565065668519978e+00,2.166730607182415280e+00,7.250551046816949174e+00,2.846375759237657732e+00,3.986545013794911885e+00,5.010163627940732667e+00
4.107901207147110156e+00,3.310258965730264791e+00,5.667766229591022942e+00,2.812563089055596155e+00,2.777941341797358632e+00,6.143548770102185586e+00
1.129347484035940541e+00,3.411699412115701158e+00,6.258857457958460380e+00,5.753007408412633694e+00,3.938436315500337237e+00,5.355009454046521178e+00
4.401399148071688749e+00,3.061633975108522865e+00,2.915163971521887110e+00,4.834972694460590859e+00,1.528921578901136114e+00,5.594671086341352684e+00
1.216250956554436602e+00,3.220397686594079545e+00,5.391825176359201777e+00,2.720166797261432734e+00,3.346551628887040053e+00,2.873377340108083988e+00
4.249884882710145639e+00,1.164798187077731306e-01,7.289197447975896083e+00,4.330012120810729392e+00,3.114606121289142937e+00,4.303482407455224035e+00
2.088726778320499911e+00,3.633902738612716288e+00,8.332318429487274969e+00,4.230441000904381355e+00,3.615979247401459595e+00,6.327446432066766491e+00
7.468235540581771303e-01,3.563257523958882622e+00,5.194404354957055325e+00,4.297936281914655154e+00,3.220193570065700062e+00,3.401168908129296398e+00
2.212178532131482633e+00,3.095734746942434779e+00,4.084880830754809011e+00,2.458488323539113285e+00,3.540594117827267517e+00,2.847569123636152000e+00
2.662653308707251476e+00,3.358239986393443122e+00,4.399900047494130995e+00,3.755121140858116657e+00,3.534184180650006724e+00,2.897666120525683731e+00
2.624310640613420897e+00,4.150738902803487562e+00,6.018366240629643649e+00,4.600226510940422564e+00,4.396671620239778200e+00,5.530180565634699619e+00
2.105095960465183325e+00,4.773373888335323834e+00,6.378209366327332930e+00,4.979405669286670388e+00,2.513712720819056390e+00,3.850121694060724131e+00
2.307972082452244500e+00,3.414045907140179636e+00,3.976391975816055968e+00,4.149817959413301338e+00,1.272386171370933239e+00,3.974435991184873451e+00
3.405212467651519859e+00,7.463392766514500565e-01,3.189658936774180109e+00,4.361175830829592037e+00,1.049606410216558317e+00,4.484759428399342163e+00
4.790915197626402389e+00,3.322083903805921334e+00,4.144717156600449925e+00,3.678834783756158355e+00,2.357160639550244241e+00,2.783906905979226742e+00
3.250476508697214051e+00,2.457511441457538304e+00,8.579672877732415159e+00,4.761843386724216032e+00,4.000549277054707531e+00,4.630628337908195391e+00
4.056262316026128190e+00,2.477728800450822888e+00,5.843451539715732501e+00,5.646884327381863855e+00,2.946864942428188971e+00,6.481640689139241296e+00
0.000000000000000000e+00,0.000000000000000000e+00,0.000000000000000000e+00,0.000000000000000000e+00,0.000000000000000000e+00,0.000000000000000000e+00
2.549893710259102164e+00,1.294529763966157931e+00,5.064083772720277210e+00,3.508289143859931070e+00,3.988185471855745678e+00,3.584768372781897749e+00
2.859240778536390248e+00,1.851666612247824695e+00,5.564077026344015131e+00,4.447956847290061688e+00,4.384755852751800020e+00,3.981476394934951646e+00
3.469555687402162025e+00,2.616959280111093467e+00,4.794987702923912742e+00,4.612110627496697646e+00,1.938967872932773062e+00,2.359564461323876650e+00
2.533512953722244276e+00,3.205139955404324503e+00,4.750838371654625192e+00,4.180239316046532316e+00,3.881006430260089957e+00,4.830079233164777719e+00
2.061461416003444569e+00,1.423995342871011927e+00,2.348366701694333258e+00,5.359138946911320645e+00,2.961334689109968110e+00,2.100750112393342306e+00
