VR1,VR2,VR3,VR4,VR5,VR6
4.273985393674673894e+00,3.456563756306247015e+00,5.314940979429130685e+00,4.450456116702665277e+00,3.980833350170458029e+00,4.537553081653514120e+00
3.879891964971807550e+00,4.678162397550947205e+00,3.699180014005098993e+00,2.706789738513873278e+00,3.558861213964607195e+00,5.153811808492852364e+00
2.562569154083333522e+00,2.867245463668048444e+00,5.020367027209390542e+00,4.121246714210119677e+00,4.757339056552948975e+00,5.204433791464525783e+00
4.299546110243431585e+00,2.917119320657597825e+00,5.068261161304181250e+00,4.096573211197608977e+00,2.630178548573481656e+00,4.826736941696777805e+00
1.147413779391085464e+00,2.323239337475741184e+00,5.564014428011940794e+00,5.024307205250114094e+00,4.712222569026152108e+00,2.950771736996191663e+00
9.187433203405475091e-01,3.842887073009891630e+00,6.120537345776284610e+00,4.700289331397822679e+00,6.006437345401874239e+00,5.802183610358739863e+00
1.885255013459027351e+00,3.022014736358687781e+00,4.884975380738746153e+00,3.824827172661797725e+00,4.435539347963425527e+00,4.413406910588498100e+00
9.044192215970636717e-01,3.618389073095332087e+00,3.667317055628366518e+00,2.470347378786753367e+00,5.033527801600115481e+00,2.386814618534395471e+00
2.761615085252775437e+00,2.664751582105020944e+00,7.012438342397091517e+00,2.113013481560831686e+00,6.671673271821017437e+00,6.075318458405430277e+00
1.399214281942696703e+00,2.233319817956265219e+00,5.029556288786664275e+00,4.415929252433447694e+00,5.938772261991806189e+00,5.922069698682978611e+00
8.231556576015572890e-01,2.975853986813740804e+00,5.608532946971929611e+00,5.767567228956998804e+00,6.096119671722378008e+00,6.055122902340285052e+00
3.903226167205940733e+00,5.447374629205432583e+00,1.904971724439135539e+00,5.878793712315856013e+00,2.884288488310078336e+00,4.589605462014867854e+00
1.764995254875888708e+00,4.056532436415174914e+00,3.377915104862225792e+00,4.134133845699891729e+00,5.135990981333311112e+00,5.287969840619438422e+00
6.814290461742178451e-01,3.353906489677374481e+00,5.936744209613484813e+00,5.629609121501006896e+00,5.485845757263763112e+00,4.544484372350555468e+00
1.937330378921636731e+00,2.175577601136345685e+00,6.153607799283199675e+00,3.773983555538207746e+00,4.278667119235239902e+00,5.800042378745180471e+00
4.143353681104520625e+00,2.736936196786596387e+00,4.279322540807440234e+00,2.437627805007135606e+00,4.411416125068240213e+00,6.975987460018604480e+00
3.555428151778956103e+00,4.545524817437458509e+00,3.722725519258514026e+00,5.320837571285342626e+00,5.198790208774530797e+00,7.688676045801331682e+00
4.007978720013467111e+00,4.142842325860411457e+00,4.947282402654276545e+00,6.174420594127440154e+00,3.915125307071907201e+00,3.732423825884164437e+00
0.000000000000000000e+00,0.000000000000000000e+00,0.000000000000000000e+00,0.000000000000000000e+00,0.000000000000000000e+00,0.000000000000000000e+00
2.059358243060691152e+00,3.739957214137825225e+00,6.704925566233185918e+00,5.006895754776585328e+00,5.866756417636368681e+00,4.551417170550235092e+00
0.000000000000000000e+00,0.000000000000000000e+00,0.000000000000000000e+00,0.000000000000000000e+00,0.000000000000000000e+00,0.000000000000000000e+00
2.563574559156618804e+00,4.402416998249927715e+00,6.255201152194787895e+00,5.406608423368434835e+00,3.093874543206052152e+00,2.515273368248025054e+00
2.634094400751496146e+00,2.554380549297640801e+00,5.619981326881867467e+00,3.450939286937634964e+00,3.445105825999831506e+00,6.304420275355110626e+00
3.735745901844600425e+00,2.750613617041417047e+00,6.817259592987836569e+00,3.392271304931760767e+00,3.064949534555551303e+00,3.161431583949567248e+00
8.299594612304213026e-01,2.169627872394502610e+00,6.615808608419354364e+00,3.723766966741649309e+00,4.512578855824367352e+00,4.581932547394347743e+00
2.292999311211131985e+00,5.240530553734275010e-01,3.262237244144131854e+00,3.008906750565126131e+00,3.807671689780004254e+00,4.833911440771958112e+00
2.611374857903485225e+00,2.505637365600330568e+00,5.844238335936321249e+00,3.931872653917397376e+00,2.186784017386794510e+00,2.842169887315254329e+00
2.707911344130083275e+00,3.029602828871139408e+00,7.680638250071641693e+00,3.438190215920695625e+00,4.152244104445616202e+00,4.898748268258928285e+00
3.531586057012462199e+00,2.733059610487593272e+00,7.141695499354399956e+00,3.106952142354790336e+00,4.978395717229421535e+00,4.545741502246641197e+00
1.352414726796762778e+00,2.265358672705448662e+00,7.383229561814371067e+00,2.929497314262848651e+00,3.383007536974846907e+00,3.557217517455441680e+00
2.874257313754449150e+00,3.386237564367709840e+00,5.846815221983885813e+00,3.665960472742599396e+00,2.681482083771083325e+00,2.572869127266469658e+00
2.318418728552105179e+00,3.097592005451439867e+00,6.421434750366582733e+00,3.136731686309197631e+00,4.113517486798523137e+00,6.071134072764271750e+00
1.283494180578310218e+00,1.229903510080250228e-01,3.964785396722883881e+00,5.009997217583001650e+00,3.942282463641563872e+00,4.524626514185187354e+00
2.051045176582972918e+00,1.773785914015590937e+00,6.527376157005429391e+00,2.711509406370771202e+00,2.235657657227005046e+00,3.916490768399051969e+00
2.231573042614584779e+00,2.688924577155562101e+00,7.479425188322795570e+00,3.113933294592787782e+00,1.523047548507221460e+00,3.914239344208764404e+00
3.851502019017359224e+00,2.284801808267252099e+00,5.385985988432806515e+00,3.836084121396665214e+00,4.822611378774963597e-01,4.774046005758525446e+00
3.296777976882707684e+00,3.280735757842271560e+00,6.989310477709695490e+00,2.489843842216560077e+00,2.292958070276093441e+00,4.228640136291442531e+00
5.081368322521944592e+00,1.876812843844481549e+00,6.809221606951299854e+00,2.407063707744169889e+00,2.508613984149141274e+00,6.046301472071405669e+00
2.146102567467274014e+00,3.522799665730421026e+00,2.862412930320080040e+00,6.080697742818767182e+00,3.031574040331612263e+00,5.514297797105620624e+00
1.705690209623591080e+00,3.755851859420578975e+00,3.234977398226528855e+00,7.117255480003453094e+00,3.575631519367940214e+00,2.408621412281305219e+00
3.638063283426509642e+00,4.753705837488742425e+00,2.949914802534729485e+00,4.758746960890950284e+00,2.862766667078930904e+00,5.544942026696308979e+00
2.645917589112811275e+00,2.765665279669078824e+00,4.124768628191024078e+00,4.242374456189836884e+00,2.474268617917489976e+00,3.661161438511593147e+00
8.740444544918859471e-01,4.922852129809054844e+00,4.736572897445866737e+00,5.142002079137704129e+00,3.054051575691039133e+00,2.357662325621148636e+00
6.023716778355862722e+00,5.188791810539054694e+00,8.070315034392033127e+00,4.019509195297292337e+00,3.505415346440373447e+00,3.671197509422182925e+00
2.570435799896103379e+00,3.216616681692251678e+00,6.014102805082061742e+00,1.338692325543876738e+00,4.818220414179829270e+00,8.230098632430516759e+00
1.149579835354384905e+00,3.214607104450844410e+00,5.128141550381266178e+00,5.794481829588378652e+00,6.474586347973951383e+00,5.597444566101614782e+00
3.931756031658440786e+00,3.936864311376151448e+00,5.667870431396931252e+00,6.456153752576234695e+00,3.998645109849443102e+00,5.554189099412900177e+00
2.139041804240953581e+00,3.734797572462084769e+00,3.394928148598488349e+00,8.366847536928030848e+00,4.104997949614150876e+00,6.275138348470060023e+00
2.842800955797900819e+00,4.534037635557827350e+00,3.252977007061597980e+00,4.983116738594397077e+00,2.087666923942540720e+00,1.315705637240947468e+00
3.236438422364805945e+00,2.357232438703117161e+00,2.561546482932929969e+00,2.721941437711929090e+00,1.980498577859676868e+00,1.795179721982077758e+00
1.688148168019260265e+00,1.169319031627609640e+00,3.950981316959158551e+00,2.643589644277799522e+00,3.036456075817583589e+00,1.892821731937792684e+00
1.441468875417548645e+00,1.360749079602400879e+00,4.662573372332681210e+00,2.403072463490165678e+00,3.277324235827494547e+00,3.003284096663541014e+00
1.564969049098507980e+00,3.497230273584372995e+00,4.506983076146360290e+00,4.261463248753960542e+00,4.753236793496906643e+00,3.740007871453981281e+00
1.937458009522358360e+00,4.708345194419838009e+00,2.830964638083068419e+00,4.617780389298355992e+00,3.846036261575573878e+00,2.767645049159257908e+00
2.905173245155002970e+00,2.044281567995927862e+00,5.224516184139718078e+00,3.393485312413179855e+00,2.742224852550565029e+00,3.037429941813944545e+00
5.693549480614048530e-01,3.052025305079827167e+00,6.414018918329910335e+00,3.994408195348198021e+00,3.546621309532424604e+00,4.048341916333678014e+00
2.874398826475169422e+00,4.764466469517579128e+00,6.224522199096713670e+00,3.102771869847842368e+00,4.768133459640286453e+00,5.730984429530306734e+00
7.664183549506489168e-01,4.779745932844415179e+00,6.788838850349534937e+00,4.069959420028206765e+00,6.293386008347888527e+00,5.759276052610246666e+00
4.996128222148041864e+00,4.966499863376115265e+00,5.083420949280200496e+00,5.321929095244951391e+00,4.119489046083939066e+00,7.880286246076442680e+00
2.536852273437965266e+00,2.670831259983799111e+00,4.618561655864044546e+00,5.195036434648722334e+00,4.009208876889513995e+00,6.768580605130358308e+00
2.372516653946695975e+00,2.400069552094641345e+00,3.612147921306836817e+00,7.688946840307833597e+00,3.683497290217491837e+00,4.595741773224524707e+00
3.371886931496058448e+00,6.303378313150528101e+00,3.512587322864659356e+00,4.675609844382064395e+00,1.928120225754653694e+00,2.493364181579172723e+00
1.192058853628348736e+00,4.185244323119295728e+00,3.989793404520046494e+00,2.116760641982048163e+00,2.941636517784488092e+00,4.081698927088778461e+00
3.543190646392726961e+00,5.671616714073797638e+00,5.837391619582610325e+00,2.943091629484751781e+00,2.833150462367567624e+00,5.019970533274108249e+00
1.554098764098329255e+00,1.545312378677634157e+00,5.484218559394270720e+00,3.313473416737900301e+00,1.205752939568574433e+00,6.491968394725632585e+00
1.474624258636784813e+00,3.226993890682245070e+00,2.950690209479269299e+00,6.472471088278719087e+00,3.869097693424169648e+00,5.626148446456486596e+00
3.192000307865337838e+00,2.811153836183357235e+00,3.819510007603866164e+00,6.818059663495244394e+00,5.547771210967177069e+00,4.478066189836965805e+00
2.783164991014265510e+00,5.025116367087717251e+00,7.641401072723369658e+00,6.357603322817150016e+00,2.299354453086339234e+00,2.737560723747487934e+00
1.221246902816606195e+00,3.150755462371402249e+00,4.546089630232417633e+00,4.896602339660118375e+00,2.494029187446975548e+00,7.200327781744887190e+00
2.986185438754249688e+00,3.604043811236170569e+00,2.473695995070998688e+00,4.713431912230390708e+00,3.617391171691069829e+00,2.674233657500627359e+00
2.626135940726312512e+00,4.573961985584472423e+00,5.092449029315941900e+00,3.518685731603521383e+00,5.447912558149343276e+00,4.884289858750466173e+00
2.444332814606910986e+00,3.193736494682249294e+00,4.556746421469822117e+00,3.892415890474212326e+00,3.096275805489561606e+00,3.810086148819161078e+00
3.925562580339900798e+00,3.792091556334009184e+00,4.785492256783354215e+00,3.573624177303302396e+00,1.034617979323289916e+00,1.084109079881617532e+00
3.366774583089291006e+00,2.149861659531151492e+00,4.478555456781611710e+00,2.605572545592833578e+00,1.718554696124324321e+00,2.614067878950783186e+00
2.680093069131755268e+00,3.512833703214234493e+00,5.658658055036301704e+00,9.740196399522629278e-01,1.048895357223591507e+00,2.392665569342915077e+00
2.444755321265738246e+00,2.719401831316878848e+00,7.354673663556912544e+00,2.069160830142656060e+00,2.874051323429235971e+00,2.570410341288164258e+00
1.101785563555099268e+00,1.927879272564330115e+00,7.200697946697424356e+00,3.435879494126552025e+00,3.078541189030824299e+00,4.185753971258762363e+00
3.271360864177248473e+00,7.279104074367035437e-01,6.085910131536765633e+00,3.288091981089106053e+00,2.859619736712764038e+00,3.392292167823215632e+00
4.454753495310696643e+00,2.589262448072359835e+00,6.913756472423019162e+00,2.168563422448190003e+00,7.559679901991267492e-01,5.239503730816378990e+00
2.909311057567427028e+00,2.374162147780236598e+00,6.292424451658376050e+00,4.448587077871219542e+00,3.002233360934896567e+00,6.449553782782148303e+00
3.399203943098197733e+00,4.049824475476864194e+00,5.524481935516561748e+00,3.965108075723866143e+00,3.307931413752615235e+00,7.089061543181874647e+00
2.548511325320657495e+00,2.223652554368884982e+00,2.813483451398048452e+00,4.825883467965919493e+00,5.333762514917822273e+00,4.765125593668610549e+00
2.521514590362900154e+00,4.282125092044646308e+00,2.681331884337362581e+00,4.849905234430456957e+00,3.966098341288170293e+00,5.172405578641323665e+00
2.976918759431430583e+00,5.721380184276187109e+00,5.541823443995975040e+00,5.085728164335991508e+00,5.807941524636492048e+00,4.581724252794180607e+00
3.313307217784122294e+00,3.657563028799083682e+00,6.238374934814752137e+00,4.119676959493522084e+00,3.329008684681943109e+00,4.325891283186786396e+00
2.081908153760913205e+00,8.140226780909229909e-01,5.897124528372509111e+00,3.747205901218792601e+00,3.463352276321006062e+00,4.623616265754470156e+00
2.909479367175360487e+00,5.363019871496490509e+00,3.984471732416270839e+00,5.948568256866868076e+00,4.011367755798318058e+00,7.426161490093627471e+00
4.416459962310588239e+00,5.669211460453810858e+00,5.912752284343840259e+00,5.452172788521357560e+00,1.334615618243832458e+00,4.781627751872355780e+00
2.083699239952218285e+00,1.748056320545900322e+00,6.862205719460385822e+00,3.756280205903118397e+00,2.605735282714961354e+00,4.559336602227152646e+00
4.496198608600717961e+00,4.613534064322149852e+00,7.486624569698301812e+00,4.075264204553798564e+00,1.897775953884063949e+00,3.757861942990385451e+00
2.404491354760998512e+00,3.781444916264084632e+00,6.702106719816127267e+00,2.255252166395874447e+00,1.382172202577944820e+00,3.830680337967907079e+00
2.317549690567424658e+00,3.775592317986287139e+00,6.870392774402458436e+00,4.438974930867749080e+00,3.475408925519428038e+00,5.287886649421842833e+00
2.120659911439981560e+00,2.100612971011479146e+00,5.006151454331220663e+00,5.035021198438225376e+00,4.677779593140630965e+00,3.816587790655051382e+00
4.273495868675697196e+00,2.450962850659590408e+00,4.733356881499494406e+00,5.038276175832347548e+00,3.142638901798921580e+00,4.210751301592146945e+00
2.652703869100786260e+00,3.769193146015254570e+00,5.073026344267727694e+00,4.999298313787297943e+00,1.459323339325404145e+00,5.192550175124822864e+00
3.934764280183695284e+00,2.687302981608979735e+00,3.950773806943032262e+00,7.010457471714456545e+00,1.631649090202281549e+00,3.542928567656575822e+00
3.800917431134076097e+00,4.675583915866202922e+00,4.964157202307855954e+00,3.863941707163931483e+00,3.415307842695425755e+00,2.213975899971754480e+00
5.832387719058976572e+00,3.956576381699997924e+00,7.681462536697351240e+00,2.243383229911664500e+00,1.642382688655828593e+00,2.425497181261462298e+00
3.376164198157076690e+00,3.637984854333836893e+00,3.490640295325753151e+00,2.445067271504705708e+00,3.035397160052299537e+00,6.320294475539289358e+00
1.337534474557714237e+00,4.061162294171256626e+00,4.553227618336244120e+00,4.630688391602218346e+00,5.151790896403568354e+00,3.437592889385455042e+00
1.944559168022571116e+00,2.290377779788790313e+00,3.626303092977813503e+00,2.860753947602139746e+00,2.352660330705149239e+00,3.792927685781397606e+00
1.371481703876411995e+00,1.251713542556804892e+00,6.491838548628858341e+00,4.442392693748050014e+00,3.723016723537709183e+00,4.821276448700151818e+00
1.911927815526834218e+00,1.582709221356695117e+00,6.888961289160769219e+00,4.161789037930685886e+00,1.523151213156021200e+00,3.756925847343953961e+00
1.635653680532146215e+00,3.177693449204098908e+00,4.559619709903847351e+00,5.879545085947938787e+00,4.151929302007028255e+00,7.336899056947473241e+00
2.647707499392034869e+00,3.910419005267517178e+00,4.853393120535534955e+00,5.280405805529127861e+00,5.285962535605500001e+00,3.909028966871528787e+00
2.455660017266807493e+00,4.182050147301426435e+00,5.802935018166279768e+00,2.686207133559259663e+00,4.779957714809398794e+00,4.230623499821585476e+00
0.000000000000000000e+00,0.000000000000000000e+00,0.000000000000000000e+00,0.000000000000000000e+00,0.000000000000000000e+00,0.000000000000000000e+00
2.814409890616694998e+00,3.582718986799662719e+00,2.864447627939980201e+00,3.687398844496243555e+00,2.394553763750062458e+00,3.952433058563134871e+00
1.529047830583730949e+00,1.583394083358895088e+00,3.605587622461159825e+00,3.258725835784556768e+00,2.536464213558933700e+00,2.409028650114178660e+00
1.740089131877178286e+00,2.610409851125549352e+00,4.892185583393857229e+00,4.678321308795043265e+00,3.468078781638280095e+00,2.887765485275859856e+00
1.383496268984081290e-01,2.914003116131751892e+00,5.012027130606509395e+00,5.652973234214501375e+00,1.998355625876037767e+00,4.394876623055053777e+00
1.355809654561156208e+00,2.290684659078196184e+00,5.569000329555455764e+00,5.133286811420870066e+00,2.791010016401772376e+00,4.460649112432436780e+00
2.325179848952769301e+00,9.074787117554841132e-01,4.867893866616678444e+00,3.588118417239583025e+00,3.868935329364624032e+00,5.160319640160381915e+00
2.351310770238964842e+00,3.839840162631020348e+00,4.268884170050328386e+00,3.593226284743128662e+00,2.085715124587419922e+00,3.482897941893909888e+00
1.041782821340127674e+00,1.199976892972550502e+00,5.282356953222022256e+00,4.242171183017825697e+00,2.400811631164409654e+00,3.831812693596653219e+00
1.535885009062935236e+00,2.592404210448597812e+00,6.617248316484711346e+00,5.658354076710562452e+00,3.348964724752210298e+00,2.062472684716181615e+00
1.955283963824611781e+00,3.286670498225725101e+00,6.337900102985464912e+00,3.305590146303647892e+00,3.356041117382149608e+00,3.758311877933128820e+00
7.978132098174839371e-02,2.622201369593359921e+00,6.399793944868050311e+00,4.220703275340475180e+00,5.312117151490877376e+00,3.785826943114230847e+00
6.850349981539052280e-01,1.518591154106982311e+00,5.411452305082196546e+00,5.061165263312918050e+00,4.014617480734806954e+00,4.751181857328695912e+00
2.373569120124623844e+00,3.401195100989454989e+00,5.233316308745094680e+00,4.409378348153502714e+00,4.872026124338686870e+00,5.488899582854368298e+00
2.052727057078580497e+00,3.567806978648270899e+00,4.850031651603756266e+00,6.135686669481391853e+00,2.506730832883047544e+00,3.690189419526316073e+00
3.089456704830539913e+00,4.328495929288235011e+00,4.497121634896135589e+00,4.120205338590710475e+00,1.029344694428698137e+00,4.202360905328121454e+00
2.803793468102022679e+00,8.518231503599680288e-01,5.553389925888522427e+00,5.795489850774507623e+00,1.497102790790063587e+00,3.014640909987214901e+00
3.204150458577334160e+00,2.674051964794507796e+00,5.424553556762541362e+00,3.273349746771266666e+00,2.223409385488513301e+00,4.978368619788984262e+00
1.308567935589109332e+00,2.651556669490275908e+00,1.417218078036143858e+00,1.325009751205792341e+00,3.558606921453417726e+00,4.258093444899273550e+00
4.989757437993589395e-01,1.637360042855356523e+00,3.522738181082589293e+00,3.907255586790361335e-01,2.625870119958762849e+00,3.373821854771009487e+00
3.066937748636487271e+00,1.424462287005643590e+00,5.098045509223689820e+00,2.356562387379595780e+00,4.972361943116847982e+00,3.557607165987712872e+00
3.979232146373217205e-01,1.093742684234219498e+00,3.482935141090540476e+00,3.062167299689950717e+00,5.979733607965535214e+00,5.659030245900864564e+00
1.818430458443952125e+00,3.101427302124155627e+00,4.595512498001370183e+00,4.485353865150474739e+00,3.834850948130227088e+00,4.847091231292051106e+00
3.523087396929362569e+00,3.354232637618799195e+00,4.254411130830759724e+00,4.260106227424514280e+00,3.565801642957961537e+00,3.730465828328014766e+00
3.546611622509898254e+00,4.511414302132689791e+00,7.490967369191061209e+00,2.830264149227737835e+00,4.335132248058392257e+00,4.494771255917348718e+00
2.271555461434718648e+00,4.263969706153486250e+00,8.435284569836804636e+00,2.825426446105830269e+00,4.579595928925745518e+00,6.296083003006039291e+00
0.000000000000000000e+00,0.000000000000000000e+00,0.000000000000000000e+00,0.000000000000000000e+00,0.000000000000000000e+00,0.000000000000000000e+00
2.077526563311252072e+00,3.079752522646847179e+00,4.336088599410050648e+00,5.053951184481524805e+00,5.975453105684220390e+00,4.769758754252486632e+00
0.000000000000000000e+00,0.000000000000000000e+00,0.000000000000000000e+00,0.000000000000000000e+00,0.000000000000000000e+00,0.000000000000000000e+00
2.251970803741931704e-02,1.368346389181205769e+00,6.462524002111188715e+00,4.464944851521030600e+00,6.015536033944923311e+00,2.705419627127792825e+00
0.000000000000000000e+00,0.000000000000000000e+00,0.000000000000000000e+00,0.000000000000000000e+00,0.000000000000000000e+00,0.000000000000000000e+00
0.000000000000000000e+00,0.000000000000000000e+00,0.000000000000000000e+00,0.000000000000000000e+00,0.000000000000000000e+00,0.000000000000000000e+00
4.151672100414431910e+00,2.805513177667010805e+00,3.832171871031689214e+00,6.368010398057221799e+00,2.063627900661458181e+00,3.645089911266223837e+00
3.045555905246475348e+00,5.255925948204171583e+00,5.130836187724938213e+00,5.071533825085868585e+00,2.357619050108916259e+00,3.769899775002842013e+00
4.597646641097157705e+00,3.344406309519141640e+00,2.386556347630874875e+00,5.309110304386255308e+00,3.395173176006231586e+00,3.914271601875675799e+00
4.957128496644182647e+00,3.269019124835008228e+00,4.087694876042504255e+00,5.018240363032570706e+00,2.556404235888129595e+00,3.703300291564108004e+00
3.180056754179437561e+00,4.160431189729589363e+00,4.312437010803839676e+00,3.142432793779599720e+00,1.879583125718755632e+00,4.327144278262449184e+00
3.284438055093244380e+00,2.668165924397438715e+00,4.543815348953712530e+00,4.212210151037909078e+00,2.143503653274722698e+00,2.328300829973013908e+00
8.363991739576301931e-01,3.583448945415935061e+00,1.990743456589036953e+00,2.274506871913443362e+00,3.043894677220546185e+00,6.695945580213832571e+00
3.051467555462174186e+00,4.132379819781304420e+00,5.903179447637008970e+00,2.896330723772319260e+00,2.575044180577955810e+00,1.894066185783066736e+00
4.906623336540528513e+00,4.145932833599817791e+00,5.637921904070378964e+00,1.329343523572720898e+00,3.040056968735739051e+00,3.892820026352051599e+00
3.337266089848305306e-01,5.120982093844363980e-01,5.053839585523399514e+00,3.151871815542660826e+00,5.781570458921058808e+00,7.870394448828632150e+00
2.758699710403316185e+00,3.020828582828950726e+00,4.358537705645746385e+00,6.302985754600051393e+00,5.206584931626547785e+00,3.303260104114232654e+00
1.683027070974903561e+00,4.854069510907790708e+00,4.149623172204234045e+00,4.132767682192581837e+00,5.319321802096352414e+00,5.503859626090472190e+00
