VR1,VR2,VR3,VR4,VR5,VR6
2.712265711830046833e+00,4.121437248085328520e+00,5.762182085770385598e+00,2.691523696150260658e+00,4.079371231408956966e+00,1.823247244149994284e+00
3.497311610243915680e+00,2.378482420720828827e+00,5.333792006791176377e+00,3.644440470022843215e+00,1.492736683031483658e+00,6.646298907278845647e+00
3.330766674422489082e+00,2.857758801774989976e+00,4.474240591651951426e+00,4.923919792598666412e+00,3.945341678190585011e+00,5.236991291337728782e+00
2.199587924759053958e+00,1.257461006521013447e+00,4.952855017296663220e+00,3.710620825683062840e+00,3.889339796954628170e+00,4.478501967861555855e+00
1.537571306155446571e+00,1.472118012407367393e+00,2.484468705959991919e+00,2.142206797775024985e+00,1.438548471076838586e+00,4.174082654455709473e+00
1.469489945724584024e+00,3.205438456919891266e+00,5.243908763605404921e+00,4.159307522506658472e+00,3.035633604924569351e+00,4.908291529058903535e+00
4.325264396144225643e+00,2.609696393112931112e+00,5.724819771179315175e+00,3.650927575420345406e+00,2.281380914585801278e+00,5.599561172517603325e+00
3.377755622006792358e+00,4.521451211249094548e-01,7.574472205718297602e+00,4.675911697742595408e+00,2.531678621955596675e+00,6.441313547713637178e+00
4.956925115293316253e+00,3.566762784722632418e+00,7.476589204824858115e+00,3.584142416709159562e+00,3.427354493528379287e+00,7.185864137438498389e+00
0.000000000000000000e+00,0.000000000000000000e+00,0.000000000000000000e+00,0.000000000000000000e+00,0.000000000000000000e+00,0.000000000000000000e+00
1.190561079399265809e+00,1.932110438439769151e+00,4.246928213156652809e+00,6.870235360644137756e+00,2.380576878458136925e+00,5.998847750810167412e+00
9.928693136747648307e-01,4.379950437352118087e+00,2.527623676317945378e+00,5.741182546303444489e+00,1.285069070196127594e+00,5.744072635029557006e+00
1.416045736932137533e+00,3.579261601354105871e+00,2.337300865884475609e+00,4.809630947256478883e+00,1.172060865474179536e+00,3.961009085813443242e+00
4.152965283390934736e+00,3.890041262433383551e+00,5.227822991466135605e+00,4.808407739446919571e+00,2.912847238451255372e+00,6.671045858805443984e+00
2.047205259947709521e+00,1.869413091962399243e+00,4.822154998800759707e+00,3.678456071693631646e+00,5.817027214437118232e+00,3.451831776055627188e+00
3.344540145772655571e+00,2.923878861688562480e+00,6.896288792349821506e+00,4.286218332893982463e+00,3.157201102099445045e+00,3.772547541507892621e+00
1.256550356063780516e+00,2.690959258329457704e+00,5.228543947036134121e+00,4.599547088044173115e+00,4.137664704722113562e+00,5.482899232497486786e+00
1.623649880162005621e+00,3.779405658152202196e+00,3.270657047132874418e+00,4.692225295493774873e+00,4.347550899176887640e+00,4.763374126308480783e+00
3.683474122219727143e+00,1.966518582893308942e+00,5.064568973173509292e+00,3.298620521022401775e+00,4.598134085687434869e+00,2.708116630872283270e+00
5.083826497787562460e+00,2.555238197521735977e+00,6.455304692564093116e+00,8.347524143105127692e+00,5.865106518098545330e+00,3.837025375825108497e+00
3.736718924549328413e+00,2.982880691554947283e+00,7.044999321309594720e+00,5.618845699190824661e+00,5.679523457096943950e+00,5.199095127119003124e+00
1.514355130570055330e-01,1.798193893228513307e+00,6.043060181336969094e+00,5.664894279891382389e+00,6.400817169202539958e+00,5.606639524096044269e+00
2.397413739883413886e+00,4.403081494843104515e+00,6.036577663595671162e+00,4.426934043094813198e+00,4.722051903819720842e+00,4.790816447269188316e+00
0.000000000000000000e+00,0.000000000000000000e+00,0.000000000000000000e+00,0.000000000000000000e+00,0.000000000000000000e+00,0.000000000000000000e+00
2.019017497220420232e+00,2.327223007661006093e+00,5.570891147949149413e+00,3.839854507876794720e+00,5.330132037522549382e+00,3.833851321645992627e+00
1.632754496127893251e+00,5.064008608268048661e+00,4.979458003115275311e+00,3.851341253492126526e+00,4.736439046341986980e+00,5.660974100599080572e+00
1.079967587022727438e+00,3.125773113659670699e+00,4.779267674930808063e+00,4.184530738913360359e+00,4.400721941771207568e+00,5.950642054234258183e+00
5.419656703218111105e+00,2.665391372014625837e+00,5.040852071704905235e+00,5.241275023441322567e+00,4.620994737611607839e+00,3.288491869413620261e+00
4.325643651704069725e+00,4.543780325673889564e+00,6.446268782556538568e+00,5.887152453720247536e+00,3.404126381610914187e+00,2.948002252294526837e+00
3.987527504605896667e+00,6.675201411958030739e+00,7.751485173796818451e+00,5.077905036491879187e+00,3.718501540229279811e+00,6.195766734896899663e+00
1.165479274787823982e+00,1.544043774643661937e+00,4.138344237423721594e+00,5.311772087809173648e+00,3.535546792357595169e+00,3.746347257954230514e+00
3.701886692949474700e+00,4.205737810035030222e+00,4.702009740676071026e+00,4.841208619627527909e+00,7.154138714886069117e-01,3.234774305364108926e+00
2.733606199588813901e+00,2.365292432347880336e+00,6.418358942312531568e+00,4.185190458243105205e+00,1.699331864277099813e+00,3.068076646577558186e+00
2.952327547958308429e+00,2.404210967520881148e-01,2.951564829848918770e+00,2.874679283828367460e+00,1.952538734180291780e+00,5.794553085039217066e+00
1.342471183155379055e+00,2.555441021980809690e+00,3.506642764539432910e+00,4.946729094793917980e+00,2.388771678582381597e+00,3.830263626436981816e+00
2.006053143487137813e+00,2.539402832110281061e+00,4.573913137990604838e+00,4.271898743341378868e+00,3.585797169735468692e+00,4.522463262188860078e+00
2.796809109986681197e+00,4.118368376852210133e+00,4.517138444867005553e+00,3.425427366745124935e+00,5.381726504490045748e+00,3.875868330650082072e+00
3.142953445929347112e+00,4.034967354619599433e+00,5.130704713621494051e+00,2.683194498167683850e+00,4.193116449080386943e+00,1.083620551522948006e+00
7.727134132126705079e-01,4.740157970809018018e+00,3.812636489045340582e+00,2.062086187167887275e+00,7.763229126501478561e-01,2.957604360787346121e+00
1.597284954498586540e+00,5.642036870288076322e-01,3.175149462676476908e+00,3.442616534937817718e+00,2.582182402057027204e+00,4.922926172317951377e+00
1.548124253010236151e+00,1.821257790991671843e+00,2.607741333639994608e+00,4.426453177587114318e+00,3.729368187089541209e-01,4.068496887854587740e+00
3.493387650200911132e+00,3.446946628541332380e+00,4.962953737757723083e+00,5.491153674475178548e+00,1.691478175707586740e+00,4.316447230301540650e+00
3.463916008255099488e+00,4.637459694839979107e+00,7.158600821412944626e+00,5.439986391057700210e+00,1.082023110718993042e+00,4.228314609115973788e+00
3.099297048468409699e+00,4.253111285754097359e+00,5.035258212294722036e+00,5.754294836594638696e+00,6.800297484654969082e-01,3.131141783654998179e+00
0.000000000000000000e+00,0.000000000000000000e+00,0.000000000000000000e+00,0.000000000000000000e+00,0.000000000000000000e+00,0.000000000000000000e+00
2.981696470962400980e+00,4.183594662313338652e+00,4.651171413862996040e+00,3.570000323711535195e+00,1.310475962006083073e+00,4.053839881187737859e+00
1.882253901287591624e+00,3.310479306786175968e-01,6.305918465562376340e+00,5.251417753528121679e+00,1.295478278331200883e+00,3.594260233581502373e+00
3.894016395229027427e+00,6.580961378578436438e+00,5.361020128317164790e+00,3.783171304690570835e+00,1.967120330150770702e+00,3.771621172170013914e+00
2.863470722525454093e+00,4.369510342238373646e+00,4.531858327922697605e+00,5.224431196445786796e+00,1.878518755920864924e+00,1.533248287777974284e+00
3.912827972194576009e+00,6.681730901754557195e+00,5.399385887238074666e+00,3.426993218823060516e+00,1.855470798525461706e+00,4.340242081455583545e+00
3.446540826359917986e+00,3.405171305416701433e+00,4.702644394742880429e+00,4.219573754874198279e+00,2.871069375823987357e+00,3.694026829247107013e+00
2.701248317641267604e+00,3.400848121736901319e+00,6.060426755984804181e+00,4.813851794833112763e+00,4.808003407177373845e+00,5.250852226381446108e+00
2.495050019610253411e+00,3.125259978341294875e+00,7.374303029583678892e+00,4.010206465826781752e+00,4.427708527915514836e+00,4.062435971913639143e+00
2.208116010878938607e+00,4.456708066544184277e+00,3.600429732558867890e+00,3.166579077838029832e+00,6.795599227062627534e-01,4.585611870212720653e+00
1.657118151693530494e+00,6.618939754209711701e-01,2.871033456666418182e+00,2.739261001059050571e+00,2.632645002489506947e+00,1.917365123726876952e+00
6.943203125848309565e-01,3.284025810571922221e+00,4.172772976602397321e+00,3.889030025818677849e+00,2.777209644151025003e+00,5.006748430315038689e+00
2.546790489439919369e+00,1.117560585729580502e+00,3.754513364457699343e+00,2.056972298020667722e+00,2.369787256064518122e+00,4.389384361983161398e+00
2.465899218499853607e+00,2.366468165339104424e+00,3.916225674164533821e+00,2.925560785707829847e+00,5.670475712506741317e+00,3.401340186454161252e+00
4.523006091432539844e-01,3.512397758601064179e+00,3.274860627576182459e+00,3.255173687391089921e+00,3.631011230788392830e+00,5.026942321352812826e+00
2.237742796640520559e+00,1.631220703106723624e+00,3.848895702735086299e+00,2.271509203133192045e+00,3.523953115601726083e+00,4.629576836114208227e+00
1.113102866746432440e+00,8.472669326555850589e-01,3.100383994886522387e+00,3.377300629582736136e+00,1.446313907576866065e+00,2.771858762554733957e+00
0.000000000000000000e+00,0.000000000000000000e+00,0.000000000000000000e+00,0.000000000000000000e+00,0.000000000000000000e+00,0.000000000000000000e+00
5.112065215794565631e-01,3.915330933927761770e+00,2.436045353969137572e+00,3.038560481687202497e+00,1.207213180140710218e+00,3.938347942990140904e+00
2.063594921676227933e+00,1.636987133029451869e+00,2.145168631355012678e+00,2.499385201852116101e+00,2.090214242859777194e+00,3.383347566678092111e+00
2.647728330568038579e+00,1.590496424831046474e+00,3.999364263854865875e+00,3.162199353939763924e+00,2.914780050328875216e+00,4.083188333376112311e+00
3.856075958191310438e+00,1.771764519893141321e+00,7.060736875230205989e+00,5.414517984676389339e+00,4.631052542599721988e+00,3.538615711256977381e+00
4.113742525967386321e+00,4.362895521115090602e+00,6.600007361754945734e+00,3.756237862253200444e+00,5.015440552752354009e+00,4.342396120141914118e+00
1.225704458345122649e+00,4.601625930959688304e+00,6.510196862949883645e+00,3.939352610984097058e+00,4.433858922859551299e+00,4.126656735247806296e+00
2.101161885012595487e+00,3.125670187294452340e+00,6.257662805156792629e+00,3.645437964920501539e+00,2.314457287904183591e+00,3.601826706015572643e+00
3.674373578990488554e+00,2.258324103107519853e+00,7.050673953287327045e+00,3.874234152692082489e+00,2.127998299992329034e+00,3.693057924026945216e+00
3.125673383703769126e+00,3.716133976289227814e+00,5.430377488235775374e+00,3.519309946026849989e+00,2.956177210875369887e+00,6.568341139518599547e+00
0.000000000000000000e+00,0.000000000000000000e+00,0.000000000000000000e+00,0.000000000000000000e+00,0.000000000000000000e+00,0.000000000000000000e+00
2.296518815583995732e+00,1.060256092790438753e+00,2.285337754225521323e+00,4.038808498720157125e+00,2.954630072466190693e+00,4.743422217371489502e+00
0.000000000000000000e+00,0.000000000000000000e+00,0.000000000000000000e+00,0.000000000000000000e+00,0.000000000000000000e+00,0.000000000000000000e+00
0.000000000000000000e+00,0.000000000000000000e+00,0.000000000000000000e+00,0.000000000000000000e+00,0.000000000000000000e+00,0.000000000000000000e+00
2.266090175852383481e+00,2.337079843040892335e+00,5.497236699027880036e+00,3.216721560138323888e+00,5.589898575976514294e+00,4.528194497091399207e+00
1.138762709725478439e+00,3.536698552763825276e+00,4.303018556942610040e+00,4.296314405632619682e+00,3.789709583808488880e+00,6.048454947774979829e+00
1.098606374200009617e+00,2.930242187084035166e+00,2.565207474767138951e+00,4.893759546728029264e+00,2.343526010862383657e+00,3.622684836688292442e+00
1.331103037799523880e+00,3.481632736425849473e+00,5.429261139957844762e+00,4.593449168381116721e+00,3.007402812367570011e+00,3.376689510195716171e+00
5.591893142584719811e+00,2.339016668861494175e+00,5.273224364808054787e+00,5.133766534820777494e+00,2.000541886089563626e+00,4.583860067006457761e+00
1.819240173708539299e+00,3.741481471925605096e+00,4.097970929789279459e+00,5.429861352131213792e+00,2.582724543027044906e+00,4.142015106958920612e+00
4.512970367901308677e+00,2.125156026746289673e+00,4.279743310811833013e+00,6.641494346624908118e+00,3.677724739451064817e+00,3.734989050206936501e+00
2.541720807152366035e+00,5.341110598836142920e+00,5.241695567797498789e+00,7.369113291137495914e+00,2.884321053639455457e+00,3.058579629313423531e+00
2.944069644717629775e+00,5.685596522716598322e+00,6.400949322089138249e+00,6.878242612422321045e+00,2.678032201534712442e+00,3.933666596138226002e+00
3.935930620278885073e+00,3.998045636908263756e+00,4.809750270125904947e+00,4.526025786211189228e+00,2.604961265711581042e+00,3.983318980364169093e+00
4.888108939021178934e+00,5.636077560048503798e+00,4.485819783404242145e+00,2.873532174988331356e+00,7.550880511816493446e-01,2.586133996266470447e+00
1.280577524857586802e+00,2.299952792142609947e+00,5.054777025059903117e+00,4.606314724727379684e+00,3.114440009136833165e+00,1.988607626338485090e+00
5.580218228063671404e+00,6.250010443691133233e+00,5.651357431558325928e+00,3.866235865751289857e+00,9.471120687762804025e-01,4.702550416903172881e+00
2.421535470551174019e+00,2.218041572430608177e+00,5.420391702505356513e+00,4.016347614780608311e+00,3.326810915709826233e+00,2.771644807458336857e+00
3.848946088340734040e+00,5.323154673757867883e+00,6.920278097383667060e+00,5.625293019620324131e+00,1.826279520190480232e+00,4.957990265884548720e+00
1.127585860752974289e+00,2.912688240964440567e+00,5.251608658160831666e+00,3.923405517357916761e+00,3.264502017042262061e+00,4.152985936431309533e+00
1.516869017617604731e+00,1.794997690518442823e+00,4.728024388780309728e+00,3.417559012437235921e+00,5.091887399998464403e+00,3.623292947078531778e+00
2.497173597357673636e+00,4.316015945333413484e+00,4.503539867607262437e+00,1.574335759382882838e+00,3.931555054336983268e+00,5.897917325579795644e+00
0.000000000000000000e+00,0.000000000000000000e+00,0.000000000000000000e+00,0.000000000000000000e+00,0.000000000000000000e+00,0.000000000000000000e+00
2.204120875086534870e+00,2.966545951626036182e+00,6.978656739144666332e+00,3.029088192840155180e+00,6.409523410266844579e+00,5.238139727603412510e+00
2.671668894985752107e+00,2.007928187177190793e+00,9.653181194812406218e+00,3.951705672750034815e+00,6.009658108900771012e+00,4.284712132549731933e+00
4.274365502495632185e+00,2.298405190379974261e+00,5.393659569081398431e+00,2.755199382339311054e+00,3.933779939910447609e+00,6.557472113834333705e+00
0.000000000000000000e+00,0.000000000000000000e+00,0.000000000000000000e+00,0.000000000000000000e+00,0.000000000000000000e+00,0.000000000000000000e+00
0.000000000000000000e+00,0.000000000000000000e+00,0.000000000000000000e+00,0.000000000000000000e+00,0.000000000000000000e+00,0.000000000000000000e+00
0.000000000000000000e+00,0.000000000000000000e+00,0.000000000000000000e+00,0.000000000000000000e+00,0.000000000000000000e+00,0.000000000000000000e+00
1.088526338897195078e+00,3.865452764178488820e+00,6.191983673518311804e+00,4.567100878384292351e+00,4.064856104383971491e+00,4.162294669493019406e+00
1.680836180459130080e+00,4.913333265130600758e+00,5.904879120359364464e+00,4.585213744706442718e+00,4.931072663625018393e+00,3.993761293247742650e+00
2.154312021757674778e+00,2.638196928558499188e+00,8.249015835662497409e+00,4.398981728020712190e+00,4.779223981784120667e+00,2.769843183161923683e+00
5.119945848700790947e+00,2.216605602734076808e+00,8.708091365822838270e+00,5.077660394665746146e+00,3.965011563730189259e+00,5.462317263219981456e+00
3.280120377543978449e+00,5.224347935459822345e+00,5.741875024665874960e+00,3.417282325491224348e+00,2.006957078790987836e+00,4.967959441282249422e+00
2.882184984609509115e+00,1.227956696786359991e+00,4.891343203435465803e+00,3.727793120816409456e+00,3.813294147381089516e+00,3.374198272307300073e+00
2.925277413757136902e+00,3.893242558319526481e+00,4.420715016819301901e+00,4.150566255836256602e+00,5.519519824385483275e+00,2.376090045217894797e+00
3.992136574475880106e+00,7.083278089342989858e+00,4.849482887646589191e+00,3.333922388785024893e+00,2.625196644346049268e+00,4.430381330960296182e+00
1.976100556727524937e+00,2.389560559434116271e+00,7.538667744319825559e+00,3.307962310654413152e+00,2.811483841133705752e+00,4.316993349814653769e+00
3.425234358016285618e+00,6.628434252075670052e-01,7.073266003162159699e+00,4.142105226889874814e+00,3.616960618937599126e+00,6.074626477394112101e+00
1.701565267885689403e+00,1.780421162153712267e+00,6.746167704707465518e+00,3.782367897820784641e+00,3.908919930664449538e+00,5.815585354457751599e+00
0.000000000000000000e+00,0.000000000000000000e+00,0.000000000000000000e+00,0.000000000000000000e+00,0.000000000000000000e+00,0.000000000000000000e+00
3.970056266071000373e-01,2.352710256978967962e+00,2.511626092004879851e+00,2.839755147219110931e+00,2.839423221257854735e+00,5.066812642607031236e+00
2.601200158956167741e+00,1.414852603024296052e+00,1.394646482851656710e+00,3.037145090106817769e+00,8.463064288463368889e-01,3.054446765856851265e+00
1.954617371248041469e+00,4.320123786970158974e+00,1.053200273991308222e-01,3.125883520292875417e+00,3.360260927124989472e-01,3.930253346272165604e+00
2.463637896247834469e+00,2.249478202741583388e+00,2.840802424261216874e+00,3.891376066682268764e+00,8.723016540019878917e-01,2.783112533923803866e+00
1.226817489871393940e+00,4.709162880015179908e+00,4.039823566966474822e+00,4.153458211381151344e+00,1.393549000789976233e+00,6.480638265076095195e+00
0.000000000000000000e+00,0.000000000000000000e+00,0.000000000000000000e+00,0.000000000000000000e+00,0.000000000000000000e+00,0.000000000000000000e+00
2.463168740223368403e+00,3.743448234388779383e+00,5.255426180226003829e+00,3.065265687571200104e+00,4.469689940647550763e+00,7.098798754894303897e+00
2.218905529638858010e+00,1.065020219889964981e+00,6.293733376166831484e+00,6.461984150421937301e+00,2.052593999529232160e+00,5.378913184721671570e+00
2.695776378600771128e+00,3.533085529174035955e+00,4.265090152517567290e+00,5.007887011928518817e+00,2.786605205203922075e+00,5.497587379545374020e+00
7.124502957853899865e-01,3.713938092657486756e+00,4.968536683986747526e+00,3.944877981631387254e+00,3.269619094338540144e+00,4.773545262001060330e+00
2.738985909341120184e+00,2.781160011453303937e+00,4.517865138624067356e+00,4.346206252255079505e+00,2.050560397338759167e+00,3.913574874464526676e+00
3.077689026350511448e+00,2.554942460429114437e+00,4.500252023203731078e+00,3.797964555114356600e+00,1.885321001008616548e+00,2.800918733978377873e+00
1.506876305362288893e+00,3.981148867385150503e+00,5.436171420031195467e+00,2.244212775210959521e+00,2.923654055825074760e+00,3.238136455315057560e+00
3.449765609354997764e-01,2.750210088879923020e+00,1.528211067315516924e+00,4.097285767398710199e+00,3.150876366760494651e+00,3.470463427198640538e+00
1.103938831406206411e+00,2.393653695697963713e+00,2.260217178731909193e+00,5.432955699080848966e+00,1.995866448501546486e+00,3.009625695760576036e+00
5.823857382138335481e-01,4.208740933543023033e+00,5.515647147568579101e+00,4.332203848304856386e+00,3.804479423755950940e+00,4.647727987579612474e+00
2.222807022455251413e+00,4.076748282246061450e+00,4.531580627294212960e+00,4.612029527993882994e+00,2.806578086829380592e+00,1.495420459669764224e+00
1.098866701539607194e+00,4.048775378423936644e+00,5.492178374486528014e+00,3.086260172250236522e+00,3.213712251789442753e+00,5.770796731374890243e+00
2.281729274589889833e+00,3.315807427325980328e+00,5.048667384437958816e+00,3.926701013854802191e+00,2.949025394305248682e+00,3.507420390658280596e+00
2.391418757568998021e+00,4.468398586026447461e+00,4.807880470396368011e+00,4.383708260363559539e+00,1.729616277031803762e+00,4.797725437486192845e+00
2.898744645968120537e+00,1.538834650471597065e+00,5.316448829929405484e+00,2.116294251053444597e+00,3.129957750561843000e+00,2.762785474506406658e+00
2.949469034865509265e+00,3.024414804117059763e+00,6.644083469344419512e+00,3.717958223778579985e+00,3.501125419036482445e+00,3.878922733401682255e+00
2.157592460160578707e+00,2.833314152829891075e+00,7.755452573004545158e+00,5.747421671483968098e+00,4.121935267443876505e+00,5.802760367212854931e+00
2.688180899513201716e+00,4.484327934847406993e+00,5.146375197409303048e+00,4.109249089520026210e+00,5.546651494802841142e+00,4.100093949012963535e+00
1.561692728186640622e+00,2.960653363431189788e+00,4.433151225666804862e+00,3.812965475114870273e+00,1.539833582827758951e+00,5.482801596281591472e+00
4.457232470063944518e+00,2.137263272787812696e+00,4.500188857742872806e+00,3.584534876739611686e+00,2.814860414212756456e+00,3.780053739641862975e+00
9.383339259766361184e-01,4.247912301629081178e+00,5.035325453599835299e+00,3.161041805001933103e+00,2.796037911765327788e+00,4.126650032208173613e+00
2.180652409813846226e+00,1.957726138368025115e+00,6.255558563785617920e+00,3.561186008668161040e+00,4.256187946320070026e+00,1.964742334443558391e+00
1.868315528895145405e+00,3.246759076011799028e+00,6.486945002050868325e+00,5.956619661903554075e+00,3.370151614614684377e+00,4.239541501335359897e+00
3.224418367791852980e+00,1.814705650960519501e+00,5.423215942071772488e+00,4.201183241201005281e+00,2.299608522521900067e+00,4.195524674699099066e+00
1.640133667495261793e+00,1.288027968140227353e+00,4.037828140839539337e+00,4.869571251954694979e+00,3.139723112057428267e+00,5.455617186291204845e+00
1.035501445754063443e+00,4.402790575020802066e+00,3.507816372236614022e+00,4.987524367892083532e+00,2.286976241948581290e+00,3.994837602854519609e+00
1.114637110651356400e+00,4.652664498336108068e+00,4.056419008851941399e-01,5.094723564744863431e+00,1.523114164750745125e+00,2.680671538667793730e+00
3.445777799553145115e+00,5.579094229610690903e+00,4.294504453004522659e+00,5.527649060492864308e+00,7.089020259081202369e-02,3.425044540691217776e+00
1.139834828701414171e+00,2.271390115804913457e+00,5.486952501762990764e+00,4.557683628866548986e+00,2.326014892784265875e+00,3.778004992233526593e+00
2.489191336823812772e+00,2.840387493212049641e+00,4.177000905113105844e+00,5.591351753090402887e+00,4.458515926473069158e+00,3.731979063438071176e+00
3.022352103242639032e+00,4.429234593551755417e+00,6.229558999454688717e+00,4.282939791628155746e+00,4.521928241238696522e+00,5.545167970548410707e+00
3.520875248971308658e+00,2.523863931771747726e+00,6.128124837555821713e+00,2.895899040684593473e+00,3.691186899625030993e+00,3.955190007660874585e+00
