VR1,VR2,VR3,VR4,VR5,VR6
9.278229530346759901e-02,4.191659329614192409e-01,3.673104355394860576e+00,3.622660556567190326e+00,1.331368675391186418e+00,1.782607932222534775e+00
1.569835897611154607e+00,2.776933995545207257e+00,5.032615011588493559e+00,4.475460544245580152e+00,2.991120351037295233e+00,3.573150996213153796e+00
1.072404234105304610e+00,2.108611224858593314e+00,4.170904987801844044e+00,2.964002286919382723e+00,1.117347046600371208e+00,3.739489565264123350e+00
4.135149822769399464e-01,3.274062321224711081e+00,2.921600438560138180e+00,5.344904392363012846e+00,3.022645274834353746e+00,1.555164496112878325e+00
3.242899632346317063e+00,5.973815735696872409e+00,4.959662864765849832e+00,5.844723317025263931e+00,5.695523753262756728e+00,4.747777440186093045e+00
1.994536417742764911e-02,1.567776617649998538e+00,4.201503671585112620e+00,3.219586690190701983e+00,1.703898484502241573e+00,4.854916954514010285e+00
1.063533647671539795e+00,3.736059062199467373e+00,6.933598878868278526e+00,4.870518706088053484e+00,5.529058649422733396e+00,6.504080349705115616e+00
2.010094014387976635e+00,3.086637982516367895e+00,6.284073451466409388e+00,2.519021609625987423e+00,1.613995716201620745e+00,4.535548227234308172e+00
1.088192795896898879e+00,2.692100750430313383e+00,3.055977247891678239e+00,3.734454691811279314e+00,2.392806183704454526e+00,1.988895726874619019e+00
4.698313389079892488e+00,5.468028802943562638e+00,4.620700971881434249e+00,6.810069657466247151e+00,7.026124648404639572e+00,4.691156125864098136e+00
2.624707547926616868e+00,1.171485871484538421e+00,3.717223380174182079e+00,3.013839843573414612e+00,1.183670363736041065e+00,4.061143527751885252e+00
3.285462629960338887e+00,4.554755712401528100e+00,6.277433892717839470e+00,4.868269494857434765e+00,5.768868415610727496e+00,4.555467789495676989e+00
0.000000000000000000e+00,0.000000000000000000e+00,0.000000000000000000e+00,0.000000000000000000e+00,0.000000000000000000e+00,0.000000000000000000e+00
2.211112376742216057e+00,2.027325098664625180e+00,1.692655953155257631e+00,3.427411759293619742e+00,1.853638235013127522e+00,2.214993523355421434e+00
1.536179323807947084e+00,3.551788872327428681e+00,4.987862724682403659e+00,3.912267349695159435e+00,3.077514468168981665e+00,4.267913652537631997e+00
2.926501034380753818e+00,1.328934595522027085e+00,4.637888978314772537e+00,3.696521573067701461e+00,1.573370577923389302e+00,3.467754712061605016e+00
3.424311451937245288e-01,1.616150981706343082e+00,6.936696070467276876e+00,4.066967942261080715e+00,8.687774580035654282e-01,5.424106193418465338e+00
0.000000000000000000e+00,0.000000000000000000e+00,0.000000000000000000e+00,0.000000000000000000e+00,0.000000000000000000e+00,0.000000000000000000e+00
3.519452337677142495e-01,4.714820359664807725e+00,6.174413364004502469e+00,4.088026494021104185e+00,4.132065992856779779e+00,2.999503378744699411e+00
7.167246152524189284e-01,3.946974694776553605e+00,7.071742345046002853e+00,4.328616674716029955e+00,5.860025865316265126e+00,4.945234544268109822e+00
1.054442693369713302e+00,2.993658056034997905e+00,4.705374608591141872e+00,2.207505356445389921e+00,9.827203231790946347e-01,2.886660466243722301e+00
1.610449421035132556e+00,2.042324979865597356e+00,6.031590542410264710e+00,4.096746707034880863e+00,1.102786963398863840e+00,3.329010596376100306e+00
3.746551525894946888e+00,4.614239315687634679e+00,7.659789952871086882e+00,4.908621208870206587e+00,4.799914094772958606e+00,5.346017111701385716e+00
1.572775367750391506e+00,2.303503350154000540e+00,5.378868247948356718e+00,2.965768820961931063e+00,2.175621236420719029e+00,2.005005597145637974e+00
3.770769495969266139e-01,3.178391606050370299e+00,3.932466501717661878e+00,3.348524702569235068e+00,2.700639270623262256e+00,3.626475916608761452e+00
2.196356424974691635e+00,5.438331791678324478e+00,3.861471286672556236e+00,3.733455006342441873e+00,3.422851058675548508e+00,4.070086619378207260e+00
3.570269236596677054e+00,5.605346273681767855e+00,3.903667215420182579e+00,4.463817704421093602e+00,5.403198491391853153e+00,5.003702087578689728e+00
9.412509149020382715e-01,2.144330386934860222e+00,2.988000925559584964e+00,1.837494043393799625e+00,1.616464671104220763e-01,3.105932337369969432e+00
2.872492482824674731e+00,7.168810142194045554e+00,7.143526092650374970e+00,6.153016624417567471e+00,6.153146225595945040e+00,5.517031421837009120e+00
3.135361348814023508e+00,3.603056983865239538e+00,5.251992286361091722e+00,2.691698879334368577e+00,4.272956707123540809e+00,3.374799033196148823e+00
1.667705249995848238e+00,2.616591431441464444e+00,3.807694884044207306e+00,2.993791520530067807e+00,1.649475168671248548e+00,3.586074593333219873e+00
1.432346356779770957e+00,3.035377786407065237e+00,4.921314332534818980e+00,4.358171027381994023e+00,2.474668218909602313e+00,3.890375284555882995e+00
1.946668341187393736e+00,2.451266660370034600e+00,6.243486888767532328e+00,4.990470049086507487e+00,2.963636048793331756e+00,2.417682365613969431e+00
2.158379648316951283e+00,3.797320797478791921e+00,4.253922093077704858e+00,5.685134831770971786e+00,5.157156193636295072e+00,3.545196527062907776e+00
1.461437114101573620e+00,2.703765259182311809e+00,3.603795366974733128e+00,5.831885759851092033e+00,4.174423284215190044e+00,3.409097478627036271e+00
4.016513542781074086e+00,6.383805770846069372e+00,7.144435324453902503e+00,6.540929160651794305e+00,8.285882884925548808e+00,3.935416544739911426e+00
0.000000000000000000e+00,0.000000000000000000e+00,0.000000000000000000e+00,0.000000000000000000e+00,0.000000000000000000e+00,0.000000000000000000e+00
8.545938128665913069e-01,1.673773759471608447e+00,5.807948613854299502e+00,2.803219093270997497e+00,2.994500436471036586e+00,2.873515413721059453e+00
1.856102077435441533e+00,3.080579621975715998e+00,4.719267326877458757e+00,4.274264338632967508e+00,2.390593737456908840e+00,4.547877782704890848e+00
2.530088293112038311e+00,1.529345605115534745e+00,6.044244577836920485e+00,3.473333197756398150e+00,2.086200377671713291e+00,4.314022860076894617e+00
3.030411044443241941e+00,2.516574519150827527e+00,5.246059337190598804e+00,3.739967212657307805e+00,2.009337522432233403e+00,3.640913852543857576e+00
2.308544335646310230e+00,4.588534891252487924e+00,5.430791902722816644e+00,4.178237840728377783e+00,4.386589559231069302e+00,4.892334557626672797e+00
1.427903273276267093e+00,2.768786195671028239e+00,3.365623539243724593e+00,2.349735153785691644e+00,2.066632973743930179e+00,3.542792210533735719e+00
3.196795169692010496e-01,1.728001470293220043e+00,3.646553450130077589e+00,2.787579120431116220e+00,2.187100428636551630e+00,3.334088421251919065e+00
0.000000000000000000e+00,0.000000000000000000e+00,0.000000000000000000e+00,0.000000000000000000e+00,0.000000000000000000e+00,0.000000000000000000e+00
1.835433353831592562e-01,2.469572759090148839e+00,5.176301613057362694e+00,4.266319523394085600e+00,2.311184359071588368e+00,5.177514999501273252e+00
0.000000000000000000e+00,0.000000000000000000e+00,0.000000000000000000e+00,0.000000000000000000e+00,0.000000000000000000e+00,0.000000000000000000e+00
4.351839244636848125e-01,3.665384633833737915e+00,6.428627711176218895e+00,3.973421853751968325e+00,3.232075599517306941e+00,4.573966531565099913e+00
1.339944066102493947e+00,3.599728002599720700e+00,6.520755398167181305e+00,3.433723076611604696e+00,1.502589841430725937e+00,4.116575438972728485e+00
1.316788874982905089e+00,3.517288750020001853e+00,3.949560768878891182e+00,3.807154959809976535e+00,2.151450749308255084e+00,3.203160634489518266e+00
