VR1,VR2,VR3,VR4,VR5,VR6
2.598994873916528281e+00,2.560994355616965201e+00,5.159535273394186383e+00,3.821629547308027064e+00,4.058261477849848475e+00,4.348503593251007437e+00
1.962445070926287283e+00,2.427101847706716331e+00,5.088785076695946152e+00,4.175914130988413575e+00,3.233180165960572783e+00,3.906118030465932200e+00
3.004341313602636454e+00,2.198678875426317347e+00,5.497054241764844917e+00,4.127520350357541723e+00,2.910460906732585507e+00,4.067056080032142695e+00
2.929453071937167863e+00,2.837942997453632543e+00,3.905526637605784668e+00,3.805445274902292674e+00,2.296687775054111036e+00,4.294201349017614966e+00
2.810401342066608521e+00,3.281077913824132608e+00,4.260344256772627070e+00,4.062348761013192977e+00,2.772969196125239844e+00,3.944714041366868873e+00
1.838802682344110373e+00,3.859806315283696332e+00,4.974560673177244041e+00,4.368014368943992309e+00,2.647730409998787060e+00,4.049796638885071687e+00
2.086789741307957691e+00,2.990319845329023174e+00,5.453517256970617844e+00,4.239690465252444973e+00,4.082082323814426594e+00,4.151589255631604303e+00
2.770733993602747525e+00,2.563845772879041807e+00,5.136665675773425477e+00,3.699733308178136060e+00,3.893317646407306931e+00,4.491771631959948330e+00
1.533231714741286389e+00,4.928680600788409194e+00,4.855308157861114360e+00,4.018237077340674368e+00,4.317051089166339395e+00,3.813654134436461174e+00
1.411971250345014361e+00,3.860292030447540323e+00,4.765179170581983925e+00,3.958405223175704535e+00,3.061462358021589392e+00,3.895953606302217320e+00
2.317564915068249132e+00,3.254708371935206568e+00,5.458579225817847380e+00,4.072425725024516829e+00,4.322095060116614818e+00,3.666396558280610840e+00
2.412131384100224984e+00,3.912363106463463858e+00,5.552338299508330799e+00,3.805635942553638795e+00,2.536495144003198199e+00,3.941687328797650380e+00
1.615347774903435063e+00,3.827131826202767595e+00,4.857614363396540291e+00,2.894047110647903764e+00,3.216897218393491631e+00,4.302013835333102776e+00
1.890547966645440336e+00,2.870291014028206078e+00,5.257535093030210049e+00,3.064801173455192540e+00,3.554952666384881610e+00,4.765569277776439350e+00
2.635310766061622179e+00,2.424941359428963494e+00,5.774199644704789414e+00,4.235671871236930563e+00,3.464849122480012866e+00,3.827094984795633703e+00
3.499101937663507300e+00,1.752465852066173557e+00,4.719941850441598419e+00,3.032224576741022304e+00,3.801429669046522353e+00,4.079493198366406226e+00
2.196707580673229021e+00,1.694899021926042693e+00,4.403168113937834249e+00,3.386414532292566726e+00,2.500917421868567470e+00,3.833111426120136667e+00
9.258993108996786958e-01,2.887349551378103563e+00,4.904649359901853245e+00,4.187811509959894707e+00,3.068602224106945719e+00,4.866185616201198272e+00
2.156123079840016832e+00,3.131172822602982464e+00,4.914283438193222331e+00,3.825955205369175882e+00,2.479087494554460314e+00,4.469967651491856486e+00
2.347192134619058734e+00,3.232382795374825868e+00,5.507059586847747212e+00,3.616674772273221095e+00,2.165508481818741782e+00,4.654635710784974734e+00
8.420809512481586268e-01,2.831320366823667278e+00,5.043098023445893752e+00,4.528672678399301432e+00,3.548039976366827997e+00,4.410014374226481237e+00
3.019075533352768126e+00,3.156187557356529894e+00,6.387616795510610679e+00,3.688844463082115777e+00,4.292155364657257444e+00,3.991290082613612622e+00
2.109165709625859808e+00,3.315534038888778401e+00,4.799086340454860711e+00,4.001690449181205089e+00,3.872321376111944158e+00,3.633382228285648718e+00
2.035617606853455719e+00,2.745725483508146603e+00,5.866994982404936998e+00,4.590856729558608684e+00,3.691823895622013740e+00,4.040149698644771803e+00
1.899365401131887676e+00,3.603521730493524977e+00,4.898285804878451444e+00,3.155795399410918911e+00,3.724874742861302934e+00,3.540794494579792229e+00
3.651843451826655595e+00,2.823761722514394723e+00,4.951534491847016106e+00,2.786659466676297381e+00,3.021476383877163663e+00,3.509018406640284304e+00
2.591809976604604771e+00,3.115894599875568272e+00,5.544461040520404893e+00,3.046015776348671267e+00,3.124557693383954060e+00,2.480394965194474111e+00
3.268229798825759591e+00,3.918751062768095927e+00,5.828652916921686078e+00,3.454546496096704722e+00,3.034172002505724830e+00,3.516808549372229198e+00
1.914277354011354682e+00,4.445917205500263591e+00,5.284034943337625023e+00,4.166497420127822870e+00,3.668289552443728674e+00,3.333981838063931225e+00
1.656746395238567482e+00,4.334623687063347219e+00,4.784517151542346802e+00,3.600583116469590728e+00,3.101733283516767248e+00,4.736837264962501237e+00
2.325906227254244119e+00,3.764671888976590886e+00,5.398840954596800579e+00,3.875867513914183160e+00,3.489060840394361040e+00,4.362369166626502093e+00
2.040813869852398987e+00,3.576420665152083345e+00,3.842304553298284020e+00,4.312824942257492467e+00,2.557238446025651424e+00,4.561997227368260077e+00
1.977441200056853754e+00,3.473475271268645415e+00,6.262126711322299144e+00,4.336487738096995948e+00,3.180854237765840864e+00,4.967301429870238039e+00
1.726350353752384548e+00,4.729063345340159152e+00,5.227780018846234000e+00,4.334708990487103897e+00,4.436301812156299818e+00,4.491944525150120882e+00
1.899001139612945144e+00,4.589572452483690057e+00,4.387024750148154517e+00,4.639989224397386813e+00,3.045266943171803575e+00,5.030081598799664100e+00
1.854889187588922406e+00,3.866250588371594965e+00,4.997312300409157082e+00,4.135111540599004876e+00,3.379552598876451430e+00,4.612619915977485441e+00
2.430480836445590320e+00,3.552369179576324143e+00,4.965102095029484630e+00,3.764256242588165602e+00,4.107486795136240154e+00,4.524871926068701811e+00
1.975081169368478218e+00,2.448038555930758697e+00,4.993416684631695190e+00,3.473153224001610084e+00,5.505058948992606283e+00,4.525946958718629176e+00
2.726159111607980634e+00,2.429924855651388604e+00,4.985782220386776764e+00,3.757883785402150512e+00,3.588652638966997266e+00,4.061533108461333086e+00
1.811332526474445093e+00,1.812847853909685281e+00,5.254751841350142172e+00,2.963536307275720816e+00,3.430825324692626577e+00,3.618006034726416686e+00
3.061111350923166441e+00,3.300988009393763800e+00,3.628744177252422709e+00,4.073782644086639593e+00,2.723681919101726301e+00,2.637758361975092836e+00
2.188721876166175306e+00,3.534292084442133941e+00,4.801762014353284869e+00,3.269390153530185916e+00,4.221222793028122311e+00,2.954023959501009156e+00
2.751858524486280100e+00,3.579492984176745995e+00,5.649206298275028182e+00,2.408960980750034508e+00,3.031217750885905282e+00,3.383787552759155659e+00
1.364679814632629107e+00,2.375986608379897724e+00,3.407731832722414200e+00,2.740654116858399547e+00,3.114879848260328821e+00,3.744441626603384421e+00
2.553588004672370015e+00,1.780241077000086936e+00,4.858456041655144553e+00,4.226525515913026609e+00,2.830819952547952045e+00,3.808272103813448606e+00
2.245325492120522792e+00,1.937757984016463375e+00,5.628742055734638150e+00,3.971320501643013312e+00,4.355255412559458250e+00,4.011817208351049047e+00
2.770405732729216641e+00,1.252048637053878366e+00,5.966509514338808273e+00,3.085884428298815152e+00,4.216405801717015400e+00,3.614614661063698442e+00
3.256990708246766175e+00,2.531847057430520298e+00,6.015187397143412440e+00,2.663250247158036821e+00,3.235561941465669111e+00,3.550958482789132731e+00
3.317294756477887407e+00,2.846859201380634641e+00,5.883154274737050216e+00,4.033708826680203252e+00,3.870783446701902442e+00,3.407678986204273119e+00
2.675525313152817830e+00,2.882863874285170880e+00,5.562021991086650630e+00,5.137494603717323471e+00,3.459070448938957654e+00,4.664436209169851466e+00
2.823501766905545995e+00,2.751586161317954193e+00,4.844136689079691749e+00,4.814847815911877049e+00,2.897370857581916148e+00,4.430580469346991457e+00
3.347853262745684955e+00,1.747618639267109142e+00,5.256316410685295537e+00,4.758266040950755560e+00,3.415342082194339213e+00,3.786060847861206113e+00
2.783864917116187332e+00,3.655683566800950857e+00,6.294131578808685568e+00,3.622161308334213903e+00,3.173669855754257085e+00,4.339100396742239241e+00
1.391232522946522998e+00,3.721833138983983602e+00,5.069480570199067060e+00,3.175972719310389270e+00,3.624717104194041362e+00,4.423361467700060778e+00
1.229678646514269058e+00,3.918516374542363678e+00,6.059042383428734801e+00,4.293116482252291810e+00,3.742145510238296779e+00,4.696020428528973945e+00
2.889265187033664972e+00,3.727580106787405256e+00,4.989779166796103560e+00,3.748066681852047832e+00,2.974940060800952413e+00,4.607425213226792771e+00
1.685727154725632282e+00,3.987014091020253836e+00,5.319684417187817260e+00,4.261822090932314566e+00,5.165077703193727388e+00,3.341106429279656176e+00
2.997901069206887037e+00,3.849434423944700256e+00,4.577718598352675805e+00,3.155641623177929844e+00,2.924948519584760209e+00,3.579463339970386127e+00
3.264952986055947193e+00,2.555394193153911253e+00,3.985590286382633796e+00,3.513325405970988413e+00,1.870423399284194099e+00,3.965279309845960665e+00
2.537306332687403021e+00,2.268344922795050955e+00,5.225328794954189782e+00,2.876924254899097200e+00,2.760630482090393301e+00,4.738367800406422248e+00
2.369176994611129849e+00,3.027463236518353806e+00,5.070980375004247698e+00,4.280934004816403515e+00,2.857712048166615837e+00,3.498394820650468251e+00
1.858452804994495278e+00,2.025229397613107718e+00,5.744097335883939337e+00,4.595961334922818331e+00,3.528527046085078389e+00,3.649342649430920460e+00
2.784476134720868412e+00,1.791663538561324653e+00,5.845794448273305299e+00,3.818786430509047314e+00,4.381950445852105247e+00,4.762290318835819214e+00
1.966600775322164818e+00,2.367589672206132256e+00,4.485883785518148592e+00,4.289594139972291664e+00,2.639031754549995057e+00,4.257114524136349942e+00
1.404902165621750187e+00,2.421327442037855437e+00,5.145082883361692616e+00,3.848219863989390976e+00,3.123087589068630265e+00,4.650475916665699039e+00
1.897116504326640918e+00,2.498177465393414565e+00,4.976938863847371941e+00,5.455316613720719410e+00,4.196257986782692129e+00,3.583391963360567534e+00
2.899643919333739994e+00,2.330608065266487117e+00,5.167298017203280303e+00,4.241912338273166938e+00,3.186813851373031525e+00,2.403046674849981912e+00
2.048079485951525669e+00,3.307769407060638489e+00,4.932894114057415180e+00,4.136309241756871202e+00,2.729854249400564647e+00,3.769564901676766056e+00
2.640294303489852279e+00,3.826211806340745980e+00,4.330441943429203633e+00,3.798275354166783302e+00,2.331238998003336782e+00,3.796824124807887113e+00
1.869194656230175111e+00,3.942505109415963993e+00,5.727312747850850094e+00,4.066208106449945348e+00,2.875941838349435287e+00,3.628131190400210482e+00
2.658057529184127077e+00,3.131947184454018096e+00,4.913630634554018606e+00,3.917148753263048455e+00,2.916632540707419619e+00,3.932977637026275897e+00
2.351938220965080983e+00,3.608719942914061285e+00,4.965074013211570936e+00,3.524679304868492125e+00,2.858515415214918587e+00,3.606166877013291305e+00
2.215982765045232838e+00,3.272687156829293897e+00,4.331797358041500345e+00,4.218515713099176168e+00,2.589958072510702536e+00,3.622148692364910882e+00
4.129963766469987974e+00,2.350938836448841496e+00,5.408031772565442985e+00,4.296780502826975656e+00,2.814095253929228768e+00,4.783221958554365827e+00
2.581640138190754108e+00,2.787577241415978513e+00,4.358625958158016900e+00,4.220330524671525474e+00,2.775464667189715406e+00,4.948878305473781936e+00
2.885680046430588064e+00,2.455877690344017594e+00,3.909222240139566651e+00,5.098522870089339243e+00,1.908363964247751232e+00,5.612455750465350057e+00
2.341847220877999014e+00,3.194219198803321280e+00,5.462601605465843946e+00,4.714557204710654759e+00,3.238712896754263326e+00,5.103403267032632584e+00
1.909681268374954000e+00,2.659417715493348044e+00,5.488051400767557375e+00,4.625790571027763143e+00,3.366732413605889818e+00,3.013291756047638437e+00
4.035698289736191491e+00,2.829432933173361864e+00,4.768046185638886492e+00,3.075020478464905338e+00,1.873561485496947343e+00,3.502492530895734646e+00
2.712252694260020913e+00,1.980897671593062181e+00,5.833497851569945603e+00,3.460579825116350428e+00,2.930322677494366257e+00,3.202171182060217891e+00
2.213187216422203285e+00,2.420052922450889987e+00,4.332893255360668050e+00,4.153993380573983707e+00,2.711641920112719539e+00,3.104784031695364099e+00
3.165983639438225694e+00,2.651692359735799975e+00,5.539453786097402244e+00,3.670762666481604430e+00,4.332773941150193764e+00,3.581918948225657928e+00
2.214267073087758053e+00,2.431122450688304237e+00,5.560828346100087138e+00,3.712757190700404220e+00,3.429245633613400734e+00,3.674373744075222437e+00
3.112460701555038511e+00,2.863288072933625195e+00,4.203978601977773621e+00,3.790156599434163720e+00,2.575218475016524344e+00,3.962003953544480872e+00
2.949605392442466112e+00,2.726927346912594086e+00,4.246266462986895363e+00,4.247283452194075437e+00,2.286118991698156577e+00,4.252165337742872531e+00
2.407449005063588832e+00,2.877923407626961971e+00,4.635819018715459983e+00,4.807749483204157848e+00,2.790520364824018440e+00,3.835624577002083591e+00
1.501376172822269650e+00,3.057520364751651343e+00,3.554386249041597168e+00,4.910128226813061048e+00,2.622597751778918962e+00,4.458227454528596923e+00
2.037797531728541056e+00,2.262117332142842940e+00,5.092498974732495576e+00,3.432269241804278170e+00,2.949737499280681519e+00,5.242579732621509336e+00
2.069424348055168839e+00,2.711660172540756086e+00,6.580138558496907208e+00,3.706620284330941928e+00,4.861613392749516649e+00,4.886913296294059350e+00
3.223459202575129190e+00,1.885593928511256401e+00,4.073715549000814562e+00,4.133052498548750897e+00,2.521180584974485051e+00,4.021742846413355998e+00
3.517547818551646444e+00,1.171718936383883580e+00,4.091109244333997808e+00,4.383131233340190391e+00,1.563880435129143542e+00,3.950143910496725752e+00
1.572877291583452575e+00,2.183406609596847847e+00,6.864103507888461131e+00,5.403390142331744528e+00,4.077174443810601900e+00,4.960416612498111277e+00
1.941405672227101364e+00,3.020947408063237916e+00,4.371218811263466897e+00,4.003693227752637362e+00,3.405433232391146259e+00,5.318871021425959356e+00
1.947476936601567843e+00,3.428675675491736463e+00,5.436191638155052352e+00,4.717615324606177829e+00,3.874793851279924262e+00,5.203083079558308732e+00
3.297063613307228636e+00,1.954346017897998999e+00,4.848213999404744179e+00,4.770803033245321068e+00,2.683829656367842098e+00,5.157691496340955695e+00
2.507952839092668196e+00,1.634714987413031118e+00,5.633879342403946389e+00,4.663580591546148568e+00,2.502401332210569596e+00,4.101046625142919844e+00
3.570969471364615178e+00,2.268752787657133840e+00,4.716729734801951679e+00,4.672099513277296445e+00,3.413737465340258126e+00,4.205863533667206333e+00
3.212986971906996558e+00,1.695678326605703168e+00,4.348018305004441864e+00,2.882921459390489716e+00,2.109990098926609825e+00,4.159413141268403002e+00
3.991312568585912324e+00,2.464409793013965899e+00,4.843443690437667648e+00,2.320918821495311146e+00,2.156708119886216579e+00,4.082014817368912141e+00
1.992749175754977786e+00,3.081938477558720191e+00,4.473070030331355085e+00,3.185401577186802946e+00,2.552175617492268067e+00,4.037728192484138390e+00
2.556211158749633672e+00,2.360540785175257561e+00,4.796084579600887743e+00,2.928684408082023793e+00,1.563918070807129412e+00,3.667469601930625878e+00
3.091415122018946526e+00,1.640182990361547910e+00,3.377161690826626206e+00,3.433916941851427485e+00,2.425085088877943384e+00,4.580761749302318719e+00
1.666971016838174613e+00,2.689827980010551567e+00,5.703576772820861507e+00,4.142510771602005981e+00,4.573505928027605805e+00,3.372703361626542051e+00
1.992341558020817249e+00,3.841590527354760809e+00,5.211154323519179954e+00,4.143849725197422451e+00,3.613328649319680341e+00,3.678973665971892792e+00
2.656461268263770492e+00,3.911950755451639505e+00,5.968987810848441988e+00,4.535127368252470426e+00,3.105855934316840372e+00,2.907608525034334868e+00
2.817041357804738411e+00,3.450810793246021468e+00,4.530848546639228758e+00,4.747981221057870904e+00,3.490113479930763152e+00,5.085878024438283518e+00
1.938371291776167737e+00,2.752084199528769926e+00,4.683169675124712050e+00,4.400211612640582359e+00,2.514329093576060714e+00,4.726280093361776125e+00
1.984360017902826900e+00,2.640429416321650180e+00,5.641989218766623182e+00,4.536176031444877133e+00,3.174236534284462063e+00,4.303892154767058997e+00
3.120289941760669095e+00,1.542625210233915078e+00,6.745897875204051708e+00,3.931838138747065337e+00,3.575381037657747729e+00,4.961020874754270338e+00
2.572652808347126285e+00,1.877246518069246140e+00,6.247507132631609394e+00,4.561511471052668298e+00,4.112817434683107898e+00,5.058509780537337797e+00
2.139594943301265317e+00,1.751516608625895532e+00,5.258749776063818437e+00,4.946715857034933883e+00,3.492950688733659437e+00,5.256041433458128687e+00
3.504838274630287742e+00,1.294813811338667797e+00,4.369652982485026982e+00,4.747805445668322299e+00,1.989757336387938169e+00,5.253279139578967971e+00
3.196445740608787389e+00,5.323116305833992534e-01,5.611958743608895794e+00,5.104973784999256914e+00,3.472586113635416361e+00,5.960073293899506908e+00
2.561434520997599495e+00,7.029396299812025184e-01,4.911231697313494848e+00,5.301785061427153778e+00,3.180724999278736753e+00,4.432990030239464474e+00
3.399086539118528982e+00,1.607135741087384551e+00,5.931838572363783868e+00,4.852142357787753824e+00,3.292111850402328344e+00,5.035771082135505949e+00
2.960159451893586535e+00,2.084228377475336735e+00,4.365783021658462104e+00,4.983747476527597087e+00,3.756945146473685604e+00,4.999473813147221612e+00
1.900204170243577462e+00,3.307675344733818079e+00,6.417613077539503941e+00,3.956383756074941971e+00,2.815315597803175862e+00,4.924626951340672854e+00
2.688731423354173700e+00,3.339410250838694250e+00,5.132957737783688579e+00,3.485160314091884537e+00,3.796048305993777294e+00,3.623277645978749462e+00
1.192393881841016468e+00,4.178408939216274653e+00,4.456495310983460634e+00,3.512051762084678508e+00,2.919641938648797286e+00,4.307686859735172291e+00
2.400907152541265965e+00,4.342291718557838465e+00,4.945155456830455876e+00,3.783152639940418727e+00,3.791886875542627156e+00,4.103477648897944086e+00
2.474160571640607653e+00,3.417869104448716833e+00,5.773221313410575206e+00,4.741550882104037079e+00,3.981460742717184864e+00,4.568965639960605785e+00
2.248653582636767734e+00,3.001332204858329522e+00,5.461734623348172057e+00,4.270103821330906158e+00,3.375875070435783165e+00,5.240815302402945797e+00
1.102780672712166732e+00,3.196100856680610391e+00,5.344088998894272358e+00,4.113951779462369451e+00,4.251341373590320494e+00,4.176776584539586779e+00
7.819362315655258300e-01,3.251384117010856389e+00,4.454406874291862550e+00,3.200968103196231151e+00,4.149688971226031420e+00,4.338857437065554379e+00
2.356367140989114262e+00,3.548311098664929997e+00,6.494015711956839354e+00,3.613064462478271288e+00,5.030895950466279132e+00,3.507142211365039230e+00
3.092554018561437523e+00,2.976161259079768584e+00,5.404109342921113779e+00,3.947864848127387027e+00,3.489723440693600409e+00,3.234322411820166110e+00
3.222481787879977411e+00,3.509473502131989164e+00,5.246223141922016886e+00,3.763550330080384310e+00,3.743959607203938944e+00,2.994077769842253822e+00
2.479029460889806025e+00,3.312629802190416584e+00,5.421317493791269371e+00,3.191365969301171557e+00,3.968568114783749490e+00,3.134474564740385993e+00
2.953834122292406938e+00,3.698893142059429096e+00,4.826951200994063385e+00,4.306761000143321638e+00,3.545553491904642307e+00,3.615356887628032201e+00
2.728844780209949583e+00,3.510269278141331828e+00,5.632598138784542741e+00,3.870017232495692738e+00,3.544299703109145661e+00,3.835134382248719387e+00
1.738078935131835756e+00,2.668831037527041872e+00,5.206288136817067702e+00,4.900589455851378951e+00,3.276019529421350107e+00,4.268410072738634042e+00
2.810692311127844789e+00,2.184916713939174304e+00,5.061354296416973320e+00,4.158760590805052892e+00,2.518994454523542537e+00,3.746339037868605892e+00
2.661534400162003600e+00,2.408181537258252902e+00,5.222366748883182197e+00,5.458449617635965367e+00,3.719866568910197291e+00,3.890158262101185205e+00
2.578244500024505559e+00,3.373456965335562607e+00,5.610512466146772681e+00,4.072610442641003026e+00,2.867294865034827112e+00,3.991930303116239642e+00
2.837455735242983224e+00,2.808346566932499844e+00,4.914309458621696436e+00,4.024299136020260015e+00,3.400535063395345947e+00,5.193552152038730441e+00
3.118343775649245586e+00,1.703464916790209394e+00,4.582962223026992632e+00,4.210664095388555239e+00,3.968238561419118682e+00,5.538274980770362177e+00
3.207443349127994559e+00,1.346964451162605325e+00,5.281003899577103589e+00,3.485750340965723559e+00,1.861816638870861906e+00,5.922348889917065762e+00
9.991008395765335059e-01,2.842095247755134668e+00,5.712427289115943552e+00,5.211896096029319025e+00,3.471159686239625675e+00,5.275070907499006978e+00
2.066959570643677413e+00,2.475804246142614851e+00,5.980487450241958491e+00,3.431486065047661516e+00,3.745292777881891411e+00,4.349214901773569508e+00
1.461321308776185601e+00,3.086469557235370420e+00,5.036262249380333067e+00,2.928909617754049677e+00,3.438463085731234159e+00,4.096820038401086883e+00
2.533956036017568358e+00,3.075501627434895191e+00,4.474192026220153551e+00,4.059842298948764139e+00,3.517659859444806525e+00,3.419299776770396981e+00
2.954410455451168538e+00,2.296417743815248436e+00,5.575685475638794131e+00,4.828071296888055919e+00,3.107551542285892587e+00,3.792279475036946845e+00
2.871538679979004804e+00,2.989829082109482172e+00,5.121874933769564819e+00,3.766072267798279416e+00,3.241444807608449885e+00,4.271072402131818713e+00
1.675412780866372575e+00,2.125755593817511890e+00,4.326476022661246645e+00,4.218226121611490242e+00,4.139821418780209150e+00,3.706423630371916467e+00
2.730362903422311582e+00,2.372925327983887112e+00,4.755347680098723551e+00,3.533677846463666672e+00,2.978883705529689951e+00,3.993290414730792826e+00
2.324354993685622706e+00,3.007323615780188142e+00,5.184134970857199320e+00,4.300896394582303550e+00,3.548541292352391352e+00,3.559193668108321162e+00
1.951875726165170910e+00,3.346043716943686963e+00,4.357704982361436663e+00,4.496858057203187542e+00,2.842228606831751492e+00,3.216870943610795841e+00
1.934592165306893818e+00,3.260547203095519375e+00,5.547742911805412014e+00,3.210201988121061056e+00,3.789949658286993817e+00,4.197974090083811838e+00
2.931067581664481558e+00,3.309698027983952962e+00,4.894630163871496187e+00,3.393211194732243641e+00,2.728124137597513155e+00,3.923282213984430555e+00
2.274575980487891780e+00,4.337898963035739186e+00,4.699735051855490120e+00,4.078117703667548888e+00,2.775364745589510740e+00,3.538131851987677656e+00
