VR1,VR2,VR3,VR4,VR5,VR6
2.384775308463794818e+00,3.064325616904292282e+00,5.001551957776905866e+00,4.035075106914211673e+00,3.215562529792208579e+00,4.216754503167765122e+00
2.413052335145220439e+00,3.015388430136574538e+00,4.985219435899161056e+00,4.022595404064370328e+00,3.194186374208505708e+00,4.216314827419994415e+00
2.396672680229312569e+00,2.998888930884243020e+00,4.995659465392818355e+00,4.044729938340301700e+00,3.213577866608422262e+00,4.227079031141173004e+00
2.383448054698627860e+00,3.011369865552314895e+00,5.028697951753150264e+00,4.057053781936680537e+00,3.201938782001195527e+00,4.208507886589263336e+00
2.369665296511518360e+00,3.023727249803469075e+00,5.023998021555360793e+00,4.080263662882721576e+00,3.200777513290257392e+00,4.233111989425141886e+00
2.408765867798768667e+00,3.040602378521251037e+00,5.033589036979617681e+00,4.063090868298906422e+00,3.210084603219902188e+00,4.243086140672987838e+00
2.386137853617603000e+00,3.023133922475282898e+00,5.032273056939071232e+00,4.082589539702772718e+00,3.204872211217812961e+00,4.247227299870017347e+00
2.387231507826316879e+00,3.037303219396452203e+00,5.028763073852202226e+00,4.109360128460169292e+00,3.208191162013037889e+00,4.255784412354409518e+00
2.414866819589915004e+00,3.037620974828272757e+00,5.044165953701666538e+00,4.106289806273509591e+00,3.194118499780948195e+00,4.222831220327238455e+00
2.404974079718845026e+00,3.051545984914977083e+00,5.026219211087668448e+00,4.091607664017143264e+00,3.175133304826504244e+00,4.258998298344886635e+00
2.401095198935096153e+00,3.028075567276818703e+00,5.018084452311598831e+00,4.088783322666059483e+00,3.198743151270471152e+00,4.240262728026514161e+00
2.388525792336511522e+00,3.022594787136301697e+00,5.012237485303447038e+00,4.082383639645555284e+00,3.202094686035567683e+00,4.229306151285594062e+00
2.405140887821971329e+00,3.025152225775594061e+00,5.027215198039472810e+00,4.080391576897236305e+00,3.209292438453824836e+00,4.231949751301260498e+00
2.423582354496362612e+00,3.009627302085448708e+00,5.022482094077743930e+00,4.082811834203752710e+00,3.198752914572439376e+00,4.224012500050374541e+00
2.424168898135251382e+00,3.031945706961110432e+00,5.026881220811731943e+00,4.070046202182808770e+00,3.220410516600987094e+00,4.242768017095948530e+00
2.401435562526070377e+00,3.024552608372006457e+00,5.011271958997721931e+00,4.070157562918961247e+00,3.213353738390776204e+00,4.239052876987806862e+00
2.425490704406926934e+00,3.042267605945305764e+00,5.033248125269921935e+00,4.085315905210157972e+00,3.204649498611563008e+00,4.245900327437902355e+00
2.413197111051934574e+00,3.021908501502544198e+00,5.007059677312140522e+00,4.075018390826437908e+00,3.216281914727240565e+00,4.224670784812068369e+00
2.386371633061283415e+00,3.026073806884230333e+00,5.026119867982674627e+00,4.077248712742563619e+00,3.203243996259258264e+00,4.242900115842008546e+00
2.391267207127985461e+00,3.033075671142596796e+00,5.017189191986920704e+00,4.061306504673174445e+00,3.214255459981620433e+00,4.245833295461425294e+00
2.370044967149620430e+00,3.008537358908500270e+00,4.995908283421669260e+00,4.053108919710892266e+00,3.209677976015411272e+00,4.209446482829736880e+00
2.411375475495467491e+00,3.037716966286220455e+00,5.007425534464378103e+00,4.067543584948232649e+00,3.204830581036901993e+00,4.217064235960596541e+00
2.386161485552249051e+00,3.013150496997283323e+00,5.002019070829699210e+00,4.070325152766582022e+00,3.205526216038731224e+00,4.242154390532740571e+00
2.412559809813093814e+00,3.015257937774204144e+00,5.019503082916293657e+00,4.062157873295674015e+00,3.225410884810714141e+00,4.246383970955593945e+00
2.408084765562390039e+00,3.021043638485115146e+00,5.029059853233031063e+00,4.064219991648468699e+00,3.230855009087088003e+00,4.231745066439448699e+00
2.393328407792777668e+00,3.006818855666308909e+00,5.017838283450235970e+00,4.058089708547682584e+00,3.229879072248535543e+00,4.228066742062645211e+00
2.406063278747127221e+00,3.011424229215103665e+00,5.026632051155006664e+00,4.051000451868628893e+00,3.215705673709575052e+00,4.236397178709274236e+00
2.390040743898628417e+00,3.007412404337356904e+00,5.020519936582904741e+00,4.067267655649247970e+00,3.212478757607567736e+00,4.245944823893266218e+00
2.423356653803888427e+00,2.999820441208883803e+00,5.009548523610278359e+00,4.059964390749694729e+00,3.186504613406124786e+00,4.231167900560518724e+00
2.397504228055892472e+00,3.010520386032819129e+00,5.008761032954468284e+00,4.050038112117186451e+00,3.187064579072912185e+00,4.248901339639115982e+00
2.405873926587138278e+00,3.031075299019698299e+00,4.994552703845267061e+00,4.042566516455290859e+00,3.205581447914739091e+00,4.239789821512083279e+00
2.404736315004155411e+00,3.018406172303544022e+00,4.996932366318496577e+00,4.020813110260117007e+00,3.215811300007475726e+00,4.221754844690227770e+00
2.387698595045605110e+00,3.011796423680484391e+00,5.004271184607159917e+00,4.036469745022866817e+00,3.204146671520515355e+00,4.234943053249050848e+00
2.394749792430284518e+00,2.997373683505642372e+00,4.999343508239900480e+00,4.019707329906679227e+00,3.222047402693280382e+00,4.220215869526444230e+00
2.369845624100231696e+00,3.019938466640545993e+00,4.986875425414875274e+00,4.024405052649977499e+00,3.208746756489110563e+00,4.213832504661498390e+00
2.395530547785496456e+00,3.018043434763651778e+00,5.011377214860875284e+00,4.017480739423645808e+00,3.196705104660700236e+00,4.235280170313837189e+00
2.401532381500651514e+00,3.013824768086812433e+00,5.020096372505581606e+00,4.036842056072907248e+00,3.220644380015282859e+00,4.232827660543841297e+00
2.403643195222080475e+00,3.012650927824855440e+00,5.022428101829914837e+00,4.072331113751199716e+00,3.234468311745829272e+00,4.195760866997849448e+00
2.397157388149696811e+00,3.006368992279961017e+00,4.997942233959500768e+00,4.051387920933977149e+00,3.227838530426747177e+00,4.232328035011414968e+00
2.399056358203821127e+00,3.012281179737723136e+00,4.997906650500596903e+00,4.048304737491544181e+00,3.213809486715760944e+00,4.216363926033170451e+00
2.390946605678018422e+00,3.003762979740237871e+00,5.019632481292346071e+00,4.049581889636750809e+00,3.205982174122078643e+00,4.218915090028011683e+00
2.406641162204356199e+00,3.019902673412843797e+00,5.020830189823806577e+00,4.049893963345059689e+00,3.212098131516123445e+00,4.226414630945348527e+00
2.413955082470517599e+00,3.018541143970640217e+00,5.017350231701217744e+00,4.032526420155943647e+00,3.198877560988848234e+00,4.238586526785897313e+00
2.400783316785737753e+00,3.008450498407200691e+00,5.003049462571130590e+00,4.042108367655028900e+00,3.233881290920775697e+00,4.238229112355060835e+00
2.407180740512373074e+00,3.007060994076072191e+00,5.015409280573147832e+00,4.061055027733675438e+00,3.197487096580312382e+00,4.212761035577084812e+00
2.418284137282791235e+00,3.009852906127570726e+00,5.020896352477972613e+00,4.074974608042877477e+00,3.214985714025226038e+00,4.238980051546876737e+00
2.408095242993077090e+00,3.032866147080124808e+00,5.005870701119920163e+00,4.044533603607974648e+00,3.205848068200600753e+00,4.239762786214081203e+00
2.413338677800723087e+00,3.011850150755072786e+00,4.985625860550320532e+00,4.029030976326954949e+00,3.205076490822820645e+00,4.244854696568250318e+00
2.421467605246812926e+00,2.998386131633941964e+00,5.003106818879338391e+00,4.055180982019717995e+00,3.200480381737442315e+00,4.212522644225512813e+00
2.393359407514572990e+00,2.996618718675906567e+00,4.971294930134447121e+00,4.035146271373277749e+00,3.243275494758182109e+00,4.220120470249804967e+00
2.387188894815441831e+00,3.024622304198795852e+00,4.996663047992427664e+00,4.048947013745217482e+00,3.211631513450337483e+00,4.188857993549137682e+00
2.415271041489723380e+00,3.022668441085877511e+00,4.996444279376009767e+00,4.019766127115449450e+00,3.227996828593012513e+00,4.232921931724143327e+00
2.372538658426951663e+00,3.007804453031902803e+00,4.994187460147867519e+00,4.014029354037940145e+00,3.233553239156044867e+00,4.201075278197416552e+00
2.406242409515839231e+00,2.995117683849265244e+00,5.014239824803937040e+00,4.012741505598021341e+00,3.217725984044358167e+00,4.235925002064686140e+00
2.403085190804261195e+00,3.013806224278617663e+00,4.997627914370407431e+00,4.051550335557054794e+00,3.214692384375703149e+00,4.235224477031221291e+00
2.402960306989712524e+00,3.012110633550618033e+00,4.982059141882706044e+00,4.038232173657378077e+00,3.194108949319081514e+00,4.246995884674532817e+00
2.400039448542422793e+00,2.997634587842369136e+00,4.993762784205030947e+00,4.009003814747071459e+00,3.212944183747575622e+00,4.229254515668709580e+00
2.390105804953306823e+00,3.023049001188477192e+00,5.031906100835064066e+00,4.047664227451551078e+00,3.182301360532379775e+00,4.222521276153314851e+00
2.401883459245946373e+00,3.023032319179228100e+00,4.996055879717741455e+00,4.030150479340908198e+00,3.211810132434699039e+00,4.253557596108956673e+00
2.407027855939106953e+00,2.995159893652296290e+00,5.025975566102478531e+00,4.059380297224972622e+00,3.201043822383497162e+00,4.208618959622332234e+00
2.413167226808564436e+00,3.006077165570421705e+00,5.028855184096690856e+00,4.050194649669569991e+00,3.230373392770009566e+00,4.224408587543996063e+00
2.398053091592209363e+00,3.014086626642312083e+00,4.999365370948243736e+00,4.034878386119737037e+00,3.210368516154449292e+00,4.230235206796812975e+00
2.377412706679734367e+00,3.013151347165126115e+00,5.025165347587470244e+00,4.070623966578318154e+00,3.223929254308968595e+00,4.213620497013071287e+00
2.386136105828684073e+00,3.023153514427229016e+00,5.023388310505650267e+00,4.074110404201094049e+00,3.231654496961499312e+00,4.233239759675600844e+00
2.408450178324462954e+00,3.041957132897967320e+00,4.994233437317078028e+00,4.065215212295207436e+00,3.212739044410393152e+00,4.227147394202906305e+00
2.388879155414725286e+00,3.012590475693059933e+00,5.026585163711840387e+00,4.074680755065296367e+00,3.196470962320205000e+00,4.217528983661127384e+00
2.415190235625074955e+00,3.028112706796718623e+00,5.023430324463046048e+00,4.070696524114105763e+00,3.189684819702832463e+00,4.242648601989329471e+00
2.420883516617295061e+00,3.024054249399403815e+00,5.014757514554145423e+00,4.075018685130383567e+00,3.212856607980486778e+00,4.241400867341788228e+00
2.404043821083984955e+00,3.031760121863888102e+00,5.014913074265363591e+00,4.061383861060323675e+00,3.205942520429414078e+00,4.214292109448385837e+00
2.392591721274242467e+00,3.030501616558999967e+00,5.004587789840972079e+00,4.068239950042976893e+00,3.196432604366306496e+00,4.237493307375583385e+00
2.419169758570572704e+00,3.012962346356074850e+00,4.999861294958549252e+00,4.041396748057576538e+00,3.189263620367124297e+00,4.217139965390931167e+00
2.386849126024894296e+00,3.026598841733867395e+00,5.004566899787570300e+00,4.024347541468141110e+00,3.227496489918436851e+00,4.237492532296130321e+00
2.400875739445097246e+00,3.007323392976724907e+00,4.976592358520773196e+00,4.022842882742260429e+00,3.229692358884034498e+00,4.228042308006164873e+00
2.370471991146796409e+00,3.019104857358157368e+00,5.010878714595103922e+00,4.034938391154773818e+00,3.235331386668966580e+00,4.215786064633658015e+00
2.393541388813892556e+00,3.029011015824543129e+00,4.997219048143130671e+00,4.034665059164503020e+00,3.222441791884099072e+00,4.238652156264865134e+00
2.433551048659333915e+00,3.005861906435187247e+00,5.006685508708979881e+00,4.024824669477357730e+00,3.203738326108841683e+00,4.225330350810132529e+00
2.406285889008362933e+00,3.007940378049359875e+00,5.015600758715766716e+00,4.025182989074599149e+00,3.216326327771815041e+00,4.190968752766623950e+00
2.389422642290414789e+00,3.023446432805893647e+00,5.021539649842471142e+00,4.042908135745565623e+00,3.230267574082720028e+00,4.238349400912013287e+00
2.402809765750890225e+00,3.024312797518267093e+00,4.992917584063466307e+00,4.050095890363859752e+00,3.225844484379810861e+00,4.228397699962640921e+00
2.388585949594898228e+00,3.011838797505784093e+00,5.004492978264619474e+00,4.058509107866316690e+00,3.208505105390904166e+00,4.239490701521238414e+00
2.396328013105964327e+00,3.019385778222769101e+00,5.005823170971456904e+00,4.054320791306873062e+00,3.198478605865599622e+00,4.227925179081620577e+00
2.398015409255207064e+00,3.010712406959572540e+00,4.993047219804544135e+00,4.066248566130486353e+00,3.220517995883552143e+00,4.228540338086279604e+00
2.409872866041297801e+00,3.037933348013261536e+00,5.000145057538470716e+00,4.077287408760347454e+00,3.217511652670110855e+00,4.224452797765192003e+00
2.407009865784746072e+00,3.021623998062238137e+00,5.005729261840349054e+00,4.066157442723039139e+00,3.219727674156964259e+00,4.230801957046994133e+00
2.406960765684991177e+00,3.021695911910279531e+00,5.011151000946821199e+00,4.075822427196817088e+00,3.224946103557675414e+00,4.227505628850979136e+00
2.378218034904494793e+00,3.008222528007811647e+00,4.994124797997051779e+00,4.025689492259996172e+00,3.245262425388214300e+00,4.220871572549297568e+00
2.413712401642208683e+00,3.018177512061061218e+00,5.018781856910611516e+00,4.030928270783242340e+00,3.217611528768781870e+00,4.207846728629736965e+00
2.391812697182675418e+00,2.992691655946439599e+00,5.026747457860308188e+00,4.050919277201277424e+00,3.240644753049757298e+00,4.216117530744400099e+00
2.390221455063593847e+00,3.032521088050906588e+00,5.013211099596163400e+00,4.046588886451464973e+00,3.216105651271842003e+00,4.208373192805728635e+00
2.387695484629859699e+00,3.024327499488790316e+00,4.995396100564112984e+00,4.021758268738932607e+00,3.234221441275807241e+00,4.207812922565811853e+00
2.399596745816114041e+00,3.007203916345152273e+00,5.013829080563532159e+00,4.039749828042755730e+00,3.239728572421549657e+00,4.222992972898993891e+00
2.371896509613845350e+00,3.007730139258798729e+00,5.017841733175392172e+00,4.064068145068192806e+00,3.239149144998100471e+00,4.211381977563275925e+00
2.403646038115772932e+00,3.002690259739099865e+00,4.997020501949808846e+00,4.051847652170813774e+00,3.209117775130348793e+00,4.230443921235213622e+00
2.415566723678241434e+00,3.035035937547616136e+00,4.989923602763979282e+00,4.048699691345327700e+00,3.205464453148950899e+00,4.222351047895861242e+00
2.390700523737981698e+00,3.020862205186789051e+00,4.996783603606080426e+00,4.039696150793498752e+00,3.205401289552900490e+00,4.216079055404563292e+00
2.410164965720238861e+00,3.033502060598368022e+00,5.001103140092298283e+00,4.049295223592336512e+00,3.200273434132518524e+00,4.235241174524427166e+00
2.386030782257106964e+00,3.007497902083877683e+00,5.013483469705855455e+00,4.055064570561357939e+00,3.189781337327316280e+00,4.241188821799962483e+00
2.389440940924228762e+00,3.014761400750037179e+00,5.003881288350244816e+00,4.043743246529262869e+00,3.209449779910258815e+00,4.226824004008136626e+00
2.396087766910218964e+00,3.000012149322418331e+00,4.969689489766421886e+00,4.026738076230565788e+00,3.227413205114251671e+00,4.248035959093448888e+00
2.397054603778720594e+00,3.023773979561321212e+00,4.981997219846297398e+00,4.006278900409198762e+00,3.210291659578948131e+00,4.198836944170400542e+00
2.397677372422876374e+00,3.010879454796983268e+00,5.015976682593542790e+00,3.995790529067145602e+00,3.215684548045500080e+00,4.234334767379797526e+00
2.374152984824365653e+00,2.999411905574115078e+00,5.022369507400382460e+00,4.012809001225658534e+00,3.232260559937482736e+00,4.237016556529561662e+00
2.397453443196128742e+00,3.011023776469640811e+00,5.018728696640801346e+00,4.044269935529415605e+00,3.237296008981427775e+00,4.232833395315422464e+00
2.419869320103337440e+00,3.026559689830749189e+00,5.003692350775952313e+00,4.043461030846984272e+00,3.240824678167101069e+00,4.199556289447916591e+00
2.398634392917961211e+00,3.021052384854690853e+00,4.989216405615565009e+00,4.051439965941131760e+00,3.215335345238079068e+00,4.208945846028769644e+00
2.398944538277262506e+00,3.031277263736727345e+00,5.025192575258604855e+00,4.079295188592910293e+00,3.209087858662585724e+00,4.228395819509744413e+00
2.402197357457270144e+00,3.011347311992315312e+00,5.013968857344789143e+00,4.075031240040583036e+00,3.216045233616577903e+00,4.261954815804386953e+00
2.400547257562955838e+00,2.999433094796757349e+00,5.003358780149759433e+00,4.031362497459858751e+00,3.225650939039020226e+00,4.212364488529690476e+00
2.396433238810685928e+00,3.004198881693725287e+00,5.004064585727091341e+00,4.034214300276363296e+00,3.208150236855519921e+00,4.220836489591237140e+00
2.390220276638641117e+00,3.004623676363602947e+00,5.004570234047593047e+00,4.036343338867203201e+00,3.197055031570446015e+00,4.237216614962457051e+00
2.402409603617907230e+00,3.008515626366752294e+00,5.026187240853027483e+00,4.049189427124914253e+00,3.208418348640277529e+00,4.249829608264667158e+00
2.392256187162144165e+00,3.022744723121081556e+00,5.006251611571935101e+00,4.035675835742284612e+00,3.220783810798698354e+00,4.223165954244892717e+00
2.407416236089641615e+00,3.011378356002667456e+00,5.013981569657869564e+00,4.048294230299795515e+00,3.211534173156257665e+00,4.214451110300076131e+00
2.404662057391343755e+00,3.012738775771198529e+00,4.995741679226596510e+00,4.041313456650549973e+00,3.197922316743894822e+00,4.217364939734919105e+00
2.381937906705807517e+00,3.010344719127734603e+00,4.994188593778871699e+00,4.027182633177469384e+00,3.229992506374752104e+00,4.221456629910154135e+00
2.402825350233388502e+00,3.014036934102157339e+00,4.984348560416329121e+00,4.011518527751368524e+00,3.221756668571589710e+00,4.223636581646454502e+00
2.387235104139314057e+00,2.989520921129640740e+00,4.977473396158479169e+00,4.033388028611446963e+00,3.200676209087273794e+00,4.212105432612814226e+00
2.410848640559315914e+00,3.009114797790946039e+00,5.016312525015872659e+00,4.059009422227901176e+00,3.222108449755669568e+00,4.206583187350829256e+00
2.398484035660344293e+00,3.027056126561775251e+00,5.019596952304948623e+00,4.063307155378351965e+00,3.203657780563955448e+00,4.214664334408734447e+00
2.387866020332794381e+00,3.016108123550834019e+00,5.023660774052068234e+00,4.061253095647050060e+00,3.234317117539349251e+00,4.240976847037413400e+00
2.373217121350852832e+00,3.019761606497419759e+00,5.007041154181708364e+00,4.055568014980691416e+00,3.230398505731588266e+00,4.247508655765519059e+00
2.402982870171913810e+00,3.030064104533737090e+00,4.992348171817266866e+00,4.038503371950856291e+00,3.217584083994625477e+00,4.239369247576712851e+00
2.418152703036018814e+00,3.021880389154570246e+00,5.028843629812557836e+00,4.054127406906063769e+00,3.212427049270615065e+00,4.217739770910148067e+00
2.395615366771880694e+00,3.010897438255218272e+00,5.030247248979815566e+00,4.072591787773224503e+00,3.233118671994848370e+00,4.223069324423660120e+00
2.411184836441203849e+00,3.051373853593461583e+00,5.004026321443092229e+00,4.070394019321555312e+00,3.177633289735603217e+00,4.257265012730090170e+00
2.402821544840353152e+00,3.007804362942715137e+00,4.993527524693980979e+00,4.050655460809905684e+00,3.212186085679288094e+00,4.248988381021492344e+00
2.391659446853514392e+00,3.018869089598513966e+00,5.019674858762298797e+00,4.064131047495925131e+00,3.222099413753875652e+00,4.228061879351144192e+00
2.381427475885507405e+00,3.027988221736707342e+00,5.012558113166109663e+00,4.049617354814412096e+00,3.240800805965917686e+00,4.227701108889040604e+00
2.399589751261513193e+00,3.010290924565973025e+00,5.014320668731668817e+00,4.055860956067904866e+00,3.238651231823397314e+00,4.227844641922963831e+00
2.400605597648471701e+00,3.026452923492257696e+00,5.008442062526641259e+00,4.069368461225091771e+00,3.234072463333065972e+00,4.215374474858182730e+00
2.411264484460506452e+00,3.022120584698083867e+00,5.008000879388247562e+00,4.075101132621495204e+00,3.247073008645853243e+00,4.231517604372140084e+00
2.384139229569697704e+00,3.032286486839985251e+00,5.010287021349968839e+00,4.079614968055055080e+00,3.217246788359128473e+00,4.218203859999754002e+00
2.413031783680478437e+00,3.041251945764526621e+00,5.021708954374001443e+00,4.078545552131063623e+00,3.216753259893085914e+00,4.218598116709725510e+00
2.385147632058398859e+00,3.016132175763162504e+00,5.012058450929929521e+00,4.069080939356304327e+00,3.224520166465338455e+00,4.242609423508377553e+00
2.394227454754668027e+00,3.023617972211964045e+00,5.045452034385528250e+00,4.080305313121252553e+00,3.193193434217853621e+00,4.236810811238393093e+00
2.417841321883532846e+00,3.047363873142501234e+00,5.011410512193426037e+00,4.061358283888199416e+00,3.187309081238665076e+00,4.240701548314572022e+00
2.411095646333409892e+00,3.015591292647131549e+00,5.003595690777889793e+00,4.058384090298901903e+00,3.209725379266787471e+00,4.241372004117855532e+00
2.411937636965144183e+00,3.046867958454397396e+00,4.990620298823380985e+00,4.065385226155630249e+00,3.193351874273127944e+00,4.216743486194373780e+00
2.407893128505261160e+00,3.005790395995665776e+00,5.014363332042865551e+00,4.031774856201850277e+00,3.195944615230604136e+00,4.235062698631528733e+00
2.401333955557725552e+00,3.039343774772205631e+00,5.008235434202563674e+00,4.034619557790306565e+00,3.193383178873628214e+00,4.237244738963929613e+00
2.397332970742140024e+00,3.025462714675836384e+00,5.003101179631758377e+00,4.049225742994521759e+00,3.230591456628951974e+00,4.245131511939808533e+00
2.394454301641235183e+00,3.018526607168842801e+00,4.994241373037239917e+00,4.042821480876123807e+00,3.226680967179569759e+00,4.207129447792876675e+00
2.390770637144768784e+00,3.000288636284273114e+00,5.025682744662515411e+00,4.083578779874174280e+00,3.253396690509410050e+00,4.230283904048738997e+00
2.385662617414066933e+00,3.038789602308643811e+00,5.014592812153650492e+00,4.071148516879694590e+00,3.211855147110935782e+00,4.225095367724495787e+00
2.394857109676882700e+00,3.023321974619379127e+00,5.015804113132452891e+00,4.066676814742827162e+00,3.225878062815119129e+00,4.215812778273133610e+00
2.426982882778689898e+00,3.050540571292104985e+00,4.997163464067543082e+00,4.047445203334311792e+00,3.203560828782960002e+00,4.235998416863753668e+00
2.398071594744505930e+00,3.011522779980503550e+00,5.006653606809015500e+00,4.044617185058269726e+00,3.217356286340911531e+00,4.220918181630925581e+00
2.412605392617445776e+00,3.025082379353372986e+00,5.006598271922605647e+00,4.057296103948313082e+00,3.209710708464387441e+00,4.227371969549445829e+00
2.403501549170540486e+00,3.014430671091191893e+00,5.032120933498281268e+00,4.057990463925371216e+00,3.216532956246782593e+00,4.230037319274289942e+00
2.423230304709217631e+00,3.022549908821675402e+00,5.007862411804988589e+00,4.066379915389223498e+00,3.193980975192143301e+00,4.238733695454238948e+00
