VR1,VR2,VR3,VR4,VR5,VR6
1.110095760955661870e+00,3.473044866857826651e+00,5.294667428361572448e+00,5.374842656605299140e+00,3.772289876717117796e+00,5.148387329228270914e+00
2.186080922218458511e+00,3.751749043315853349e+00,5.299726760656893632e+00,4.079770767343951832e+00,3.897216262640752493e+00,6.005603767005821325e+00
1.893081297714864775e-01,2.032321556208978919e+00,7.038807991738522674e+00,5.183690401755480792e+00,4.350193046798128904e+00,6.349750170384751868e+00
0.000000000000000000e+00,0.000000000000000000e+00,0.000000000000000000e+00,0.000000000000000000e+00,0.000000000000000000e+00,0.000000000000000000e+00
5.981333180771950531e-01,1.139298417916326134e+00,6.762854961931488162e+00,3.114790052016437993e+00,4.029645437163065225e-01,4.545563959981045343e+00
4.566294133230305974e+00,1.330894004517486851e+00,4.604696686589450749e+00,5.187647108386478578e+00,3.275609168658953241e+00,5.320358472108309478e+00
2.806991303216896050e+00,3.122015669423836570e+00,3.821341190918910780e+00,6.406557912794737852e+00,3.110585066925835029e+00,8.023536040974626360e+00
0.000000000000000000e+00,0.000000000000000000e+00,0.000000000000000000e+00,0.000000000000000000e+00,0.000000000000000000e+00,0.000000000000000000e+00
3.257289024105744613e+00,8.799261687027604140e-01,3.664045173092254970e+00,3.766003987619357396e+00,3.662980115637351375e+00,3.171383146680028631e+00
1.961915741733304186e+00,1.389124465579385070e+00,2.876053442974359609e+00,3.408975075132814503e+00,1.423137398987659230e+00,2.120421909723831710e+00
3.855389706466345157e+00,2.876283143870715264e+00,2.553258805209442706e+00,4.518575446169760923e+00,4.267319399053672413e+00,2.987273187149418696e+00
1.786960244409493193e+00,1.090077330485144769e+00,3.748577543173451154e+00,3.842989220358456137e+00,3.647780979202729590e+00,4.221295607917904036e+00
1.926193477246273655e+00,8.010268917477505468e-01,4.209820644544535639e+00,3.122166889773207554e+00,2.570283981886560376e+00,4.741985138807286226e+00
0.000000000000000000e+00,0.000000000000000000e+00,0.000000000000000000e+00,0.000000000000000000e+00,0.000000000000000000e+00,0.000000000000000000e+00
1.565719483362324027e+00,3.551478183133099265e+00,6.470513468666858614e+00,4.962322685047077186e+00,1.924193981971999534e+00,6.254161640448167248e+00
5.620336945175337107e-01,4.108431850347930236e+00,5.028781565110225671e+00,3.384668043128418624e+00,5.129071518059635792e-01,8.265453598727038553e+00
2.417438027459799077e+00,2.327979720381488704e+00,6.849227124866616556e+00,3.995393367024328235e+00,3.845889441181564727e+00,6.535149830710164309e+00
0.000000000000000000e+00,0.000000000000000000e+00,0.000000000000000000e+00,0.000000000000000000e+00,0.000000000000000000e+00,0.000000000000000000e+00
0.000000000000000000e+00,0.000000000000000000e+00,0.000000000000000000e+00,0.000000000000000000e+00,0.000000000000000000e+00,0.000000000000000000e+00
1.997006598887974382e+00,3.464810660934279696e+00,4.013458725067087229e+00,1.787256649654476170e+00,6.670652052225491957e-01,2.774404809842462960e+00
5.584530204849093238e+00,3.928159190626631769e+00,4.877557679810802682e+00,5.559142971248774323e+00,4.552345558144229365e+00,2.094429307761375370e+00
4.507284013323586080e+00,1.978756577293623309e-01,3.862418025484168460e+00,2.822305070106394087e+00,2.629472111824130209e+00,3.646441417680609032e+00
1.603136362561468076e+00,3.783318947380109432e+00,3.093590434988926052e+00,4.248734778032329906e+00,1.831694132517700968e+00,3.503957726765155378e+00
2.312370702481958862e+00,3.474835784928973492e+00,5.452084611407471471e+00,4.493356121657143376e+00,4.029139692659416738e+00,4.668576182839542454e+00
1.942172211536479232e+00,2.690545893091326413e+00,4.382032357532443356e+00,3.345995373241283044e+00,3.451528931425694946e+00,3.912083674738998873e+00
3.463542339381427304e+00,3.257234992604598034e+00,3.806107711338409416e+00,2.470250936573155087e+00,3.686761023128748427e+00,3.222937126136845798e+00
1.945024088698121378e+00,2.103698081159843802e+00,3.790304024837568342e+00,2.934619298650613661e+00,1.682254291622300224e+00,3.330804556626134172e+00
2.613716740259893090e+00,3.076365159350769485e+00,1.033490484343572824e+00,3.965655610762854000e+00,9.859108428406906377e-01,2.066174699244190727e+00
2.963611854586482686e+00,2.868290432469976281e+00,2.912693148158558287e+00,5.451778003838575692e+00,2.403414895681570407e+00,4.666404283013459775e+00
2.399205544289220171e+00,1.974050553178731793e+00,5.414037070765724380e+00,4.052808513896611231e+00,4.520061602598579142e+00,4.528354755155790556e+00
2.359051876272569626e+00,3.409504403727451560e+00,3.939498899478128813e+00,2.903154631127514484e+00,2.317551453221275537e+00,3.407386984647279515e+00
2.287009111506979053e+00,1.693717217206846204e+00,6.687184186005572073e+00,4.237541466532086964e+00,4.093987755603165191e+00,2.567468893211647618e+00
2.606774216324974525e+00,2.815672742329153877e+00,7.279916443314512264e+00,5.296691268862510071e+00,4.732797374188594475e+00,4.912855199362447856e+00
3.651110016976804928e+00,2.649008966216168215e+00,3.131924068253705506e+00,4.366901378444112858e+00,2.622442359086100350e+00,2.623895127761444623e+00
4.403907864191920041e+00,4.078304842471908387e+00,5.321777527501986071e+00,5.275624012497933002e+00,4.705448081062253429e+00,6.002431411595120281e+00
3.026929121022717162e+00,3.594114142233665987e+00,3.271888550382626271e+00,4.982577321404262349e+00,3.707405634261095262e+00,4.835836746503144212e+00
1.875093675009283034e+00,1.667894633459412468e+00,2.930920047802916706e+00,2.777562308531165591e+00,2.006951154211670918e+00,4.526389964538332755e+00
1.636050729800440529e+00,3.646758786668842234e+00,4.294109148027951406e+00,3.017680986485643757e+00,3.289541759101018759e+00,3.569362525851395240e+00
3.138588009260938172e+00,3.910398842922829132e+00,3.742021096629458476e+00,3.505528378717484905e+00,2.496645435240038680e+00,3.343827202242305674e+00
2.656342382740532582e+00,3.503657588365516773e+00,2.726594053813713892e+00,1.691555125411040805e+00,5.817194231867026666e-01,2.427927483964306354e+00
3.319868272025029210e+00,1.497056784703973964e+00,4.006519191359704024e+00,3.680813580006256913e+00,4.123734753168294631e+00,2.859370093161993864e+00
3.264024372137622088e+00,1.702234351919891697e+00,7.578953136009799252e+00,3.268933807439403871e+00,2.217978202067774518e+00,4.747092380633725739e+00
1.516623727772978603e+00,2.292236320409405170e+00,6.288543432393963961e+00,3.250499238128540913e+00,4.800497937082159439e+00,5.286704223010696424e+00
3.890652428048148259e+00,3.624817987806611796e+00,4.099870240200771399e+00,4.026949284722471489e+00,6.144462645449326743e-01,4.988353277232920213e+00
3.430355667060822622e+00,2.839132673721775024e+00,6.415928775661970285e+00,4.265308682882420044e+00,4.722771048010406147e+00,4.285285304686000885e+00
3.216571094490594085e+00,2.534311194199633910e+00,7.737353325071008925e+00,3.345120949947460787e+00,3.663029871596219511e+00,5.146413825819538879e+00
2.622229936173847697e+00,5.064225053776065799e+00,2.484771372254528821e+00,3.295827895984016376e+00,2.972368972088868411e+00,3.238937049069606999e+00
4.468929447454971005e+00,5.477856950619777621e+00,5.711950290470104719e+00,2.040961059193108440e+00,1.540044280512651964e+00,1.639176473658922717e+00
3.182106063173590904e+00,3.292991963246988618e+00,1.391346845754234174e+00,1.707223453330559693e+00,7.907916183353025374e-01,9.008625396075036207e-01
4.709385383398347003e+00,2.508042792358070372e+00,3.751684386706886087e+00,3.344553339744714471e+00,3.373856772476853561e+00,1.398002479784285157e+00
5.140114344666216084e+00,3.763080142504736436e+00,1.802088979952030989e+00,1.177175229002302981e+00,2.496129514065604127e+00,1.447554678192535249e-01
0.000000000000000000e+00,0.000000000000000000e+00,0.000000000000000000e+00,0.000000000000000000e+00,0.000000000000000000e+00,0.000000000000000000e+00
2.229662921288883659e+00,3.225118058177065983e+00,1.841366083726025948e-01,3.656545561179862514e+00,1.060148939930778855e+00,2.470953722260735397e+00
2.776255684101468280e+00,4.678123694246979269e+00,4.936573184448471707e+00,2.174333411472231692e+00,4.399076115517783769e-01,3.096835843939981459e+00
3.426679919932469787e+00,2.243977822761197061e+00,4.350983706917522120e+00,2.282897052890179967e+00,2.504746000820324170e+00,2.401419617250877270e+00
2.243683381247572051e+00,3.111438133818988927e+00,4.579559421709431533e+00,3.989876022386516397e+00,3.018188499895270382e+00,2.065499896620481834e+00
4.056783572648614111e+00,2.026029436298729447e+00,6.198336951189729049e+00,5.331538395172257694e+00,2.201770154752844100e+00,3.184107949772209345e+00
6.972698637496095309e-01,8.861475432380512274e-01,6.042283006293088121e+00,5.696254275926156296e+00,1.582271611796439714e+00,8.119358524685894807e+00
8.534205883634182754e-03,1.441577902293159408e+00,5.288111802477689416e+00,3.200099842600669930e+00,2.594619277686211589e+00,6.918295282684145064e+00
4.463152532610363821e-01,4.959911079511847731e+00,7.780735938209650371e+00,2.497645126248743797e+00,4.341905005181449617e+00,7.183902300180763589e+00
2.921224793813094855e+00,2.384635405110994810e+00,8.141181735931102281e+00,1.983876219196266000e+00,3.438754327754468321e+00,5.511592662834942757e+00
0.000000000000000000e+00,0.000000000000000000e+00,0.000000000000000000e+00,0.000000000000000000e+00,0.000000000000000000e+00,0.000000000000000000e+00
1.452681827296186112e+00,3.921170083309081900e+00,5.841436630575914002e+00,2.951374862340084615e+00,1.375241112379341768e+00,4.194596817887005891e+00
9.827130838169024774e-01,1.820724553191066741e+00,7.493653006486945323e+00,6.739914272731498457e+00,3.836562194348218657e+00,3.731762303878544351e+00
2.084445666015072973e+00,3.196894035029409942e+00,5.054765753848375454e+00,3.206746828958547013e+00,1.349982969038615366e+00,4.460992112152793787e+00
4.544074089703811214e-01,2.945172218983828749e+00,6.162144204426351024e+00,5.092743012109236744e+00,4.640386227684935250e+00,2.331264440090880186e+00
3.601491798233484865e+00,2.215420143118211449e+00,3.824322795746784465e+00,3.448655787613999824e+00,4.065010534287837096e+00,3.249824941012132040e+00
3.995723268416578655e+00,2.636184020406209250e+00,4.371418756247084758e+00,3.403602853262568395e+00,4.595746316757798766e+00,3.126226260051548245e+00
5.621018361756107140e-01,5.403791959106136744e+00,8.374448697673575026e+00,6.074791340776855897e+00,4.873322841393084914e+00,6.205403043626544601e+00
1.982745435173153492e+00,3.946037234424023765e+00,6.942492942886349994e+00,4.541809215718344284e+00,3.589835935116703070e+00,7.634621626596044486e+00
1.954060584793544164e+00,4.036896181302957132e+00,6.109725365276833742e+00,4.057176656690163696e+00,2.484700960456284857e+00,6.919664739636599116e+00
1.945080486147549248e+00,2.756272499708794843e+00,4.652914799430876158e+00,4.969812992931561979e+00,3.772440832941839517e+00,5.816616783705811145e+00
2.542759257638071535e+00,8.157228572160888369e-01,4.364120307388142272e+00,3.181825889940122831e+00,3.250110334391500544e+00,6.580428248091775956e+00
1.304018549221507284e+00,3.932878079951248829e+00,8.437740641560420585e+00,5.068343758710583735e+00,6.505078274987942777e+00,6.646187000259212496e+00
1.995000976678607429e+00,4.612123875826315889e+00,5.381450259338517839e+00,4.106671774047280010e+00,4.324888948573927472e+00,7.439702902710879862e+00
0.000000000000000000e+00,0.000000000000000000e+00,0.000000000000000000e+00,0.000000000000000000e+00,0.000000000000000000e+00,0.000000000000000000e+00
0.000000000000000000e+00,0.000000000000000000e+00,0.000000000000000000e+00,0.000000000000000000e+00,0.000000000000000000e+00,0.000000000000000000e+00
2.949192462158323202e+00,3.891108093662943190e+00,6.979204713122778792e+00,5.087238940979998070e+00,2.822816574988227689e+00,6.784428288398849816e+00
2.475015141708336586e+00,1.934083754392460053e+00,5.495777258478361738e+00,4.874493660033473397e+00,4.765657322694963227e+00,4.663490758793551016e+00
1.554237868635331754e+00,1.222487991398030882e+00,3.004868571040578029e+00,3.858183465829529091e+00,2.577193568861027018e+00,4.875612628973592599e+00
0.000000000000000000e+00,0.000000000000000000e+00,0.000000000000000000e+00,0.000000000000000000e+00,0.000000000000000000e+00,0.000000000000000000e+00
2.232936489815720904e+00,2.900672350220397266e+00,4.437032226374051369e+00,4.865296326470798682e+00,1.587540971665583722e+00,3.889391112927792271e+00
2.952034934401713162e+00,5.764750844067929592e+00,4.182629374440350212e+00,5.039690996558179314e+00,4.072254441136807124e+00,4.587998569670250326e+00
0.000000000000000000e+00,0.000000000000000000e+00,0.000000000000000000e+00,0.000000000000000000e+00,0.000000000000000000e+00,0.000000000000000000e+00
3.590406218469361477e+00,3.044536261246304942e+00,5.546872523073171024e+00,5.381523807821662508e+00,2.583466302364830547e+00,3.846255211407021868e+00
1.860709515460854169e+00,1.188625222792797809e+00,6.856192999588381909e+00,6.050292011572981465e+00,2.309583401146283244e+00,5.944720372654469287e+00
2.460215430570338313e+00,4.106097591581334250e+00,6.220610597136108311e+00,4.258957922422402120e+00,3.580277321229375698e+00,6.658060115184834871e+00
1.475044775797720975e+00,1.693924635238397869e+00,7.697177631272339227e+00,4.650897725409880223e+00,4.828497700549313265e+00,6.446481802561304875e+00
2.216104443422923786e+00,2.153547267979496915e+00,1.327684438706595138e+00,2.564862229210238098e+00,1.725729113481080823e+00,2.130882885259081760e+00
2.155735876460796785e+00,1.439152766335288769e+00,2.122176430965571292e+00,2.485142509532477284e+00,1.626437312077310127e+00,1.165808093467948225e+00
4.429954536925199804e+00,1.909712029937683742e+00,6.291220963876757111e+00,4.944694363868528342e+00,4.411327043876474008e+00,1.864713167477352052e+00
4.399886114713263296e+00,3.257479321938137051e+00,7.495785181825311838e+00,5.408847018015429775e+00,4.242548941438148091e+00,5.192654602462127400e+00
1.958577689565807578e+00,1.557750784505893327e+00,4.661736178904457795e+00,4.738092903847286763e+00,2.171727328941147839e+00,5.299617967095969107e+00
1.460982681127836802e+00,1.143902391681442365e+00,7.778642808601343717e+00,3.542501412587398590e+00,3.846070201290865409e+00,6.413788817967393641e+00
1.260927035375761562e+00,5.992303992988162520e+00,5.143214307929254048e+00,3.277056582890216507e+00,1.258594987052244818e+00,2.933748390690958718e+00
4.191491170258197840e+00,3.157928556245585661e+00,4.330654409728459164e+00,3.007569384662609480e+00,3.115786674897468078e+00,4.138082957550190066e+00
0.000000000000000000e+00,0.000000000000000000e+00,0.000000000000000000e+00,0.000000000000000000e+00,0.000000000000000000e+00,0.000000000000000000e+00
3.177747002946020416e+00,1.594697696535642528e+00,5.223194358503047141e+00,3.715612942198185831e+00,3.280687659865566541e+00,3.359908694228647796e+00
4.270468539664349805e+00,3.205983966439911903e+00,6.348025303067641012e+00,4.502166185020682221e+00,2.963690779867873992e+00,5.448811964409276953e+00
1.827612330255157014e+00,2.978922505059232506e+00,7.180143821945179639e+00,6.134122959280683851e+00,4.512468722287675149e+00,6.814553956930001988e+00
3.442484771474705330e+00,4.078964823414596097e+00,7.335130642192766004e+00,4.096027416038730884e+00,2.560167375756480457e+00,6.291870998946165194e+00
2.920791583511903600e+00,3.514724948196714216e+00,5.646823595615320102e+00,4.548476406240780534e+00,2.447138437544426282e+00,7.916044360424780990e+00
2.386043285704588346e+00,2.151002933008603790e+00,4.253104786118707459e+00,3.183294147765671767e+00,3.102802364770694599e+00,5.806181855464753738e+00
1.208345703483272082e+00,2.943351873554602705e-01,7.137288625501470918e+00,5.249378912534043984e+00,4.571554398271990394e+00,6.529030714044732342e+00
2.275450197299619060e+00,8.785323017694857128e-04,3.326365404051929708e+00,4.925216325519984117e+00,2.448522642035119823e+00,4.153540448346107361e+00
1.827259660731576751e+00,2.657915872848013894e+00,4.971351536375838265e+00,4.451488503260057072e+00,4.146221302135642439e+00,2.955474627999083115e+00
3.056368100450258751e+00,1.633866849143021938e+00,5.686801986132169695e+00,5.830339966022886955e+00,3.078720313204871939e+00,7.132154232555791395e+00
2.470884585111859710e+00,1.273944806968782206e+00,5.918468485270262924e+00,6.325883818397532110e+00,4.786352058320554548e+00,7.431653235092614551e+00
1.700939947859416712e-01,2.817605444722198094e+00,7.671109890534507869e+00,3.395661286638423260e+00,2.157931844893603568e+00,6.866863359813924816e+00
1.967662026159118671e+00,3.345856513668179044e+00,3.802768146250901538e+00,2.458113812626657513e+00,2.862801323237885498e+00,3.831774819686963873e+00
1.822004045198404310e+00,4.009857000113476566e+00,7.568612908314914733e+00,3.717760199650831154e+00,4.184121174941132892e+00,3.286236308256216709e+00
1.516722900291140874e+00,2.403058388883855478e+00,3.710549425369550569e+00,4.263189322975144968e+00,5.216584516290858176e+00,2.523716441897487339e+00
3.569295758834272636e+00,3.258150739754602565e+00,6.244856880824178447e+00,3.556432391982987440e+00,2.997033593552957953e+00,4.153955020237638962e+00
2.228615248938920601e+00,3.694733069210432319e+00,4.802287620873920027e+00,4.711963543477840410e+00,3.827852941187054103e+00,4.703093480833140383e+00
1.314051867624591141e+00,3.848610983290723375e-01,3.791709282319517982e+00,5.333828693284689670e+00,3.691276586717957553e+00,3.121367382887059172e+00
1.408278274145493558e+00,1.805191925821484578e+00,5.887402870444954139e+00,4.767778890661831248e+00,3.137181706993844799e+00,3.824144163788891770e+00
1.421351395124535566e+00,3.040016369141000485e+00,7.014665123102100885e+00,2.367619959088393955e+00,3.422527238953549933e+00,5.379462957950639890e+00
1.766402822188188448e+00,3.092391846799777078e+00,2.732841350935631741e+00,2.281632655003185128e+00,2.169588467776685015e+00,3.387902694651779623e+00
2.210768640895469872e+00,5.687949429341443874e+00,4.163977652167317522e+00,2.008492805529462633e+00,4.242678916864409899e+00,2.079429947622017494e+00
2.329646259019340970e+00,4.224440870358691313e+00,7.974474003339283357e+00,5.292080118348613027e+00,5.826861944467124133e+00,2.102264090661850382e+00
3.244894625624116014e+00,5.898846993944748540e+00,4.011130513126850872e+00,3.760163727651085974e+00,1.983441798274164336e+00,3.982392292401894629e+00
3.189311490485997602e+00,4.418804302658974947e+00,4.859182967738887804e+00,4.716174046230850792e+00,4.493704022908055151e+00,1.647057893415813545e+00
3.279775596828388373e+00,6.217791715690139220e+00,5.113629959534558012e+00,3.172434870140596885e+00,4.266506927867671273e+00,2.879572713046611110e+00
5.472243826498431218e+00,5.497855609025758206e+00,2.298991461220181609e+00,3.996628311347988571e+00,3.703258538494862417e+00,2.409457087839667722e+00
2.735256012744419429e+00,3.632885401679656567e+00,1.904646178400231538e+00,5.326268335037770640e+00,2.698185809673401714e+00,2.511208870180160257e+00
3.466766420481953048e+00,3.566570730362869313e+00,3.331386736416950711e+00,2.506042368638302431e+00,3.371705644908070898e+00,2.883304477973558377e+00
4.675063968750935217e+00,2.187996983547275676e+00,6.708185701405565027e+00,2.205740434232400737e+00,4.731164840269658889e+00,3.423522572185975221e+00
0.000000000000000000e+00,0.000000000000000000e+00,0.000000000000000000e+00,0.000000000000000000e+00,0.000000000000000000e+00,0.000000000000000000e+00
3.208122387677877718e+00,1.635818347372656856e+00,3.408364585511821421e+00,2.953693467150671381e+00,2.895906309383623700e+00,2.114461299272953898e+00
7.306638041437159004e-01,3.107893347469314449e+00,7.065575611740108286e+00,5.732748022138007826e+00,3.986155983449872764e+00,2.439598801553717333e+00
1.961698536338775334e+00,1.946622651783263658e+00,3.874139534129705797e+00,6.296509775841185430e+00,3.116058537529326600e+00,4.836011001019811850e+00
2.442453024148235841e+00,4.805830798875989629e+00,3.042485628433529765e+00,5.897848650736316145e+00,3.023224777619749837e+00,3.802753602639290520e+00
1.850584409892023663e+00,5.394175219336412752e+00,5.986887363783816696e+00,2.294370911344853603e+00,2.796385950697533485e+00,5.288864042028283308e+00
2.997378894820747153e+00,5.089183349739854201e+00,5.697588239423264866e+00,2.331400113010579478e+00,4.179939748567033320e+00,1.391470922188220882e+00
2.435567200983602021e+00,3.150340068788097359e+00,4.228862078300728022e+00,5.402513491950317714e+00,2.142219126410287444e+00,1.964839719109328087e+00
2.840651634014227600e+00,2.886328272639053338e+00,3.936240756140757746e+00,4.531632499206105003e+00,3.061297556372770678e+00,3.927537356987711892e+00
0.000000000000000000e+00,0.000000000000000000e+00,0.000000000000000000e+00,0.000000000000000000e+00,0.000000000000000000e+00,0.000000000000000000e+00
3.226497502729564815e+00,4.081244047328218549e+00,3.285181602482101226e+00,1.276727713050284763e+00,7.978819154459717566e-01,2.006837854311967373e+00
4.259218235862507029e+00,3.548362035641722922e+00,6.293162285228275366e+00,5.518832264954557587e+00,6.154824801893002295e+00,1.028108622846861664e+00
5.318558861376065927e+00,1.160808920127722299e+00,4.478948709953042950e+00,3.700404806681675485e+00,1.621412067564948156e+00,2.037251362900703633e+00
2.235439627618416303e+00,3.190766824429285720e+00,3.508749469897460838e+00,3.994652519835992344e+00,8.255905637622471538e-01,2.820358789879973571e+00
3.681778406078628052e+00,4.440427918842100752e+00,6.991615075468442519e+00,5.641633833343200344e+00,4.745192698345068294e+00,3.015821217025323353e+00
3.137678621208984886e+00,3.570147792268456577e+00,4.534800088441402366e+00,3.640519454658861509e+00,2.913921825580099600e+00,3.697489543301402115e+00
3.340898845209235191e+00,2.306187109780828859e+00,3.260125612188220501e+00,2.833980184284349502e+00,1.929390745029978760e+00,4.725003484061465642e+00
1.432624554133114625e+00,4.573777869369962445e+00,4.402234558504135364e+00,4.885641119541496380e+00,4.436340293790498990e+00,2.975281306636262890e+00
1.015611431217399385e+00,2.431939138287218860e+00,4.156491149163773713e+00,4.918360172993338608e+00,3.414192868856410268e+00,3.299632394593741136e+00
4.376306054725223049e+00,2.900903885751472178e+00,1.593272731272182163e+00,5.909475065204099486e+00,3.401878344359259287e+00,2.813456097431229264e+00
1.106514363955883651e+00,1.812001330911300334e+00,4.197267660111920762e+00,3.284183572023372299e+00,2.398101319819074373e+00,2.514501735116991377e+00
1.124545009857459421e+00,3.618429277606721506e+00,4.121910750858202910e+00,2.447400727648693319e+00,3.095762176214120753e+00,1.586366955603911499e+00
1.188838885614790231e+00,3.165296003128948765e+00,4.212339875343941387e+00,3.268159717802638919e+00,4.397236541124327047e+00,4.808540178572405566e+00
