VR1,VR2,VR3,VR4,VR5,VR6
2.906190093388152373e+00,4.358080454921987368e+00,7.279302457893333411e+00,3.920944749880880043e+00,3.408081604556453925e+00,5.400021243153451778e+00
3.013877683112253347e+00,2.523006786677862934e+00,5.654873464471183553e+00,5.493735956389210529e+00,3.035435027209249181e+00,5.465462548441510471e+00
3.857712086286629649e+00,3.272000100942001666e+00,4.696814789044735150e+00,2.964599260889809962e+00,4.054609710037297532e+00,5.767385425430169299e+00
3.661227397800444372e+00,2.454589758610502326e+00,6.361531176511462604e+00,4.165532728163030107e+00,5.385278485575454965e+00,4.973305130231678639e+00
0.000000000000000000e+00,0.000000000000000000e+00,0.000000000000000000e+00,0.000000000000000000e+00,0.000000000000000000e+00,0.000000000000000000e+00
0.000000000000000000e+00,0.000000000000000000e+00,0.000000000000000000e+00,0.000000000000000000e+00,0.000000000000000000e+00,0.000000000000000000e+00
1.874979039040576723e+00,2.425391055879122515e+00,3.918222645705375928e+00,2.426030458348787278e+00,4.820720952884206767e+00,4.632189488154955903e+00
2.578254427376832858e+00,2.541224133461995383e+00,3.790173494443551228e+00,4.820583764980764130e+00,4.317396727526415567e+00,4.260766109170302407e+00
4.416629883614076046e-01,4.022367798544944861e+00,4.973850709951141980e+00,3.335523905898529318e+00,4.335557027939666241e+00,6.066137643911900135e+00
5.107989354946477434e+00,2.018043442408830046e+00,4.614192196421738501e+00,2.317235250735577790e+00,2.493626696323231418e+00,3.212281913620515628e+00
2.367942525297112688e+00,2.274726620556013046e+00,5.028907344349317299e+00,2.256755809853102424e+00,3.399125848381903570e+00,1.768007733040220852e+00
3.596205291857151654e+00,3.105525861795821463e+00,6.721494985970235092e+00,2.228409622658337419e+00,3.336541829517874813e+00,5.396615316664548523e+00
0.000000000000000000e+00,0.000000000000000000e+00,0.000000000000000000e+00,0.000000000000000000e+00,0.000000000000000000e+00,0.000000000000000000e+00
5.280656912767494049e-01,5.968371987953404734e-01,5.995885969374421975e+00,5.036966466559452904e+00,4.363026456594441882e+00,4.390624786780451316e+00
2.527261750922029204e+00,5.813556125158740429e+00,6.191291103186961742e+00,5.915569507776811342e+00,3.490853310830665190e+00,7.428647763913184043e+00
0.000000000000000000e+00,0.000000000000000000e+00,0.000000000000000000e+00,0.000000000000000000e+00,0.000000000000000000e+00,0.000000000000000000e+00
3.492951934806525660e+00,5.553046782181597862e+00,4.795827750934495093e+00,4.349945948432003107e+00,2.714774749474301530e+00,4.714115682017403941e+00
5.217056576805375379e+00,3.183092205617084502e+00,5.336846307978310833e+00,3.854405453762165035e+00,1.081770926575989389e+00,2.245798065299704493e+00
2.753585164971276811e+00,4.075835191658113921e+00,5.228744143364802532e+00,2.287877438560784960e+00,1.296439991846605189e+00,4.068768584786850440e+00
0.000000000000000000e+00,0.000000000000000000e+00,0.000000000000000000e+00,0.000000000000000000e+00,0.000000000000000000e+00,0.000000000000000000e+00
2.756643994359747385e+00,2.162425682811535133e-01,7.057354948257164473e+00,3.772080577639394861e+00,2.293827622331130911e+00,5.841669332569494166e+00
0.000000000000000000e+00,0.000000000000000000e+00,0.000000000000000000e+00,0.000000000000000000e+00,0.000000000000000000e+00,0.000000000000000000e+00
4.817658946491572891e+00,4.501148652496049785e-01,7.591040025893097010e+00,4.766644264069456405e+00,4.767441729463745226e+00,4.650031231801998288e+00
3.729975410564448701e+00,3.028820800377004296e+00,5.561965773553406933e+00,5.650105637145903081e+00,2.400386927395759429e+00,5.452272884183706481e+00
1.503093543504639307e+00,2.599369315404143954e+00,6.088813758421586897e+00,4.856723871485649546e+00,4.172843682595289039e+00,6.070538000715794524e+00
1.053944781612992765e+00,3.738522665151020608e+00,3.728972567827790741e+00,4.150540384315311471e+00,1.496911277101731663e+00,6.343489468700434841e+00
2.861447209757748134e-01,1.155054798361580648e+00,5.493376847859056333e+00,5.896125083567128833e+00,4.427418957437879499e+00,3.451940004996818523e+00
1.409963982036447350e+00,3.823077019728702730e+00,4.300021487892128569e+00,4.786921520068618818e+00,3.678904055007242047e+00,5.764277552675406646e+00
4.932268375654470738e+00,6.479402645394451987e-01,6.992099798155629209e+00,4.819240772417661134e+00,4.137973609692946475e+00,5.685946476304732045e+00
7.614192102908878823e-01,3.870146351545231234e+00,5.959336288555184602e+00,4.703446036023263943e+00,5.361775843825901333e+00,6.349577231719827353e+00
2.659486618134666802e+00,4.011815410253324110e+00,5.950734466688472502e+00,4.897723938776391783e+00,3.265713808368322368e+00,3.699088674739154037e+00
2.872041704117132888e+00,4.594726461034342790e+00,7.121318668396219742e+00,3.094113346055349822e+00,3.379293189359733329e+00,7.326923468007223050e+00
2.644129645747985258e+00,4.154692350646649324e-01,7.682791932771559473e+00,3.429394682477592049e+00,3.886761960053079168e+00,3.615435693146210827e+00
6.864583967102100281e-01,3.962552428947927474e+00,6.926893341043149022e+00,1.892457061185314870e+00,5.664600080295753237e+00,4.795215821067454698e+00
1.578093404634030694e+00,6.931837639293152442e-01,6.271195464910972461e+00,3.168273584260384190e+00,3.598677469562711728e+00,3.286008527203592156e+00
3.397324700384944940e+00,2.633448681898319599e+00,6.427533222292190374e+00,2.689935855360393813e+00,5.217778985080910203e+00,6.618516608839601467e+00
5.857050452651066053e+00,2.632633549269717488e+00,6.003130795265888331e+00,2.641918719916260372e+00,3.954306631798276239e+00,5.425907665276602287e+00
2.724280408065236525e+00,3.727813184416829184e+00,8.083825595886962034e+00,4.697689266628769289e+00,2.668315137507587309e+00,2.140976760777668186e+00
2.450386134079467482e+00,4.256766014802853881e+00,4.346591808161439197e+00,2.444472445016283135e+00,2.688695557725507612e+00,2.605204546993280523e+00
1.186504712922409333e+00,5.293557485713372479e+00,2.596771034631041530e+00,4.040589477640435412e+00,1.342921849741469220e+00,4.750815916703638564e+00
0.000000000000000000e+00,0.000000000000000000e+00,0.000000000000000000e+00,0.000000000000000000e+00,0.000000000000000000e+00,0.000000000000000000e+00
1.440211597934358156e+00,1.276282792129883603e+00,6.183974998723584804e+00,3.503701378253162524e+00,4.272200715322185260e+00,3.570437934953826442e+00
3.490835112114316185e+00,6.697155002597812157e-01,4.472348779948642772e+00,3.642035200061923828e+00,1.896541286106258717e+00,5.349162105759466712e+00
2.491310311692064516e+00,2.506704967928846450e+00,3.908307944562277481e+00,2.743664372402943918e+00,1.404872988410410750e+00,3.772132551877654727e+00
0.000000000000000000e+00,0.000000000000000000e+00,0.000000000000000000e+00,0.000000000000000000e+00,0.000000000000000000e+00,0.000000000000000000e+00
3.313907657623719416e+00,4.102700868206776263e+00,4.202985454745020277e+00,4.934179268611584845e+00,1.743615601513387237e+00,4.126510536841575316e+00
2.809050716427009320e+00,4.610226737901383487e+00,4.692919958124845081e+00,2.369122302819142156e+00,2.887318776551571986e+00,2.511369620710744766e+00
4.183163611842454443e+00,3.062957863456147845e+00,3.444493583338567255e+00,3.886504515192123588e+00,2.445781961281544792e+00,3.484368853498816865e+00
3.403937128343775598e+00,3.470311915214358223e+00,4.840415318823692914e+00,3.247159965221237066e+00,1.267905744161386128e+00,2.839745960305311456e+00
9.815891831895611208e-01,2.579863753928260284e+00,3.206434730169569480e+00,2.092507251247577305e+00,3.371545046934847356e+00,3.812329665992821859e+00
8.807792831116858512e-01,2.735529202905211399e+00,4.386785439257931074e+00,2.850880605505529797e+00,1.042776012365273175e+00,5.439272832400847690e+00
2.701963381122638452e+00,2.045326464394541688e+00,5.425328377180734130e+00,5.785354441042787954e+00,2.892698998134041410e+00,5.518910061280704937e+00
4.505977936098872760e+00,1.212294367468178091e+00,7.139701364448932885e+00,6.312749585244667117e+00,2.309314843664707961e+00,4.366440987177247379e+00
2.962513626416757528e+00,1.805525181302376936e+00,5.554168120752828841e+00,4.220949697233847608e+00,1.447220195430595435e+00,7.369273709197543099e+00
0.000000000000000000e+00,0.000000000000000000e+00,0.000000000000000000e+00,0.000000000000000000e+00,0.000000000000000000e+00,0.000000000000000000e+00
8.688005443550756990e-01,4.459741844880260153e+00,6.882594869596540654e+00,4.298151748113492765e+00,3.625791059990327359e+00,5.672939870829722508e+00
0.000000000000000000e+00,0.000000000000000000e+00,0.000000000000000000e+00,0.000000000000000000e+00,0.000000000000000000e+00,0.000000000000000000e+00
2.252258277665703190e+00,1.872717618766302827e+00,6.859027790869810737e+00,4.649432440377541553e+00,2.957927183804418103e+00,4.572155797124096921e+00
4.518252989314656354e+00,2.877581324966080434e+00,9.264509225029867068e+00,4.610810220222754552e+00,3.814017931923493698e+00,4.755559831613774158e+00
2.345640682902677909e+00,1.466642933539601845e+00,7.053114853994526534e+00,4.093441968283600296e+00,4.149975603092959986e+00,5.584835975821850873e+00
1.223451874767556902e+00,2.336737565766135116e+00,7.826802309192581575e+00,1.505411298541730059e+00,3.120639411111522765e+00,6.664896326684264238e+00
5.430933059344515534e+00,1.881199644420434858e-01,7.767093610236607937e+00,4.599421069118530880e+00,2.845076462228008918e+00,5.664172977328956193e+00
2.075560893719167854e+00,5.044051671576803564e-01,7.399067915407689711e+00,2.665409900869291082e+00,4.548498906511789563e+00,7.387828063074804774e+00
3.130159704367789786e+00,8.394041124632263262e-01,6.369068202127230904e+00,2.608938280147477862e+00,5.402927053766838128e+00,6.736657710060826254e+00
0.000000000000000000e+00,0.000000000000000000e+00,0.000000000000000000e+00,0.000000000000000000e+00,0.000000000000000000e+00,0.000000000000000000e+00
1.846573197960946322e+00,3.499652999149822197e+00,5.636393751102279914e+00,3.805402696500981730e+00,6.117261825918493656e+00,4.906202088959094709e+00
7.436027618170504283e-02,1.305008625426713476e+00,8.323559012509852195e+00,5.871701892631742581e+00,6.032426146025141378e+00,4.760165553695310692e+00
3.620689771044678817e+00,4.888075725747624389e+00,9.700435717899820176e+00,4.044596641027458972e+00,3.387793456817903781e+00,8.411877459335151741e+00
2.546978219757678019e+00,2.000184055680646722e+00,6.599449636863225166e+00,3.498541995244979219e+00,4.062840040980109535e+00,4.798045792846816759e+00
3.304064513391644198e+00,2.118420839240255482e+00,6.134244957092081840e+00,4.949713106525618578e+00,3.680941234926251138e+00,4.966505894013278244e+00
4.016426758488828241e+00,2.543619491654605103e+00,8.176078337330451973e+00,5.723842418625636697e+00,5.383613278707398919e+00,5.025189032721240956e+00
1.203700164764611946e+00,1.459319208976785909e-01,4.755408217218414002e+00,4.069160498707805829e+00,6.263389824469919986e+00,3.580943830627573377e+00
2.930775766634181601e+00,4.175449705073328133e+00,5.641377350968181936e+00,2.498025983174597897e+00,6.232074936996221837e+00,6.436000077621548243e+00
1.447578929713746021e+00,1.701129819511776109e+00,5.814373347072871567e+00,1.579741309192474130e+00,4.133244396374510465e+00,4.496020854778645770e+00
1.992135471740854813e+00,3.242183364286608693e+00,4.146245757320395242e+00,1.531386357342910731e+00,1.388497926562289875e+00,4.815217387306632624e+00
3.853639514544800360e+00,3.804320073439488858e-01,5.541843058219956042e+00,1.399250354264496732e+00,2.556886788944060296e+00,2.913173973604130662e+00
2.943631914161151109e+00,3.786939913001920122e+00,5.077471540559103325e+00,4.023762366952787772e-01,1.384823096580784174e+00,4.645810057296081652e+00
1.262647812278070436e+00,5.136443260792655785e-01,3.113977776230290928e+00,3.111250379985390779e-01,2.000905904316777395e+00,4.222114812950050755e+00
5.567243047614853779e-01,1.213267001907993414e+00,3.930257294143955527e+00,2.557660717783694082e+00,2.343659285382813540e+00,3.538150060129199304e+00
3.441585656428862716e+00,3.310363467011379957e+00,4.430669240274617948e+00,2.204185740713102692e+00,2.556062035224497819e+00,3.120858265601279324e+00
3.097320308989186088e+00,2.867643481116086246e+00,3.215532833748389052e+00,2.868505125544670520e+00,7.739588420676817293e-01,3.165118599370492003e+00
3.088605022121646115e+00,3.974118413834903940e+00,3.468966956317771633e+00,5.511800541936276332e+00,1.360637791604156321e+00,4.331210452026571289e+00
1.566417584547862951e+00,1.281170739595664854e+00,3.450227017027313714e+00,3.228096656869106962e+00,3.147722454687327698e+00,2.034587939245665389e+00
1.759085854028059392e+00,1.572333219542356941e+00,3.025311510065707310e+00,3.556147237940999073e+00,3.671975108886224248e+00,5.428430703513241085e+00
1.851950090777030544e+00,1.209165101040155399e+00,4.050771403167499507e+00,4.592109970086724502e+00,3.588056703851249640e+00,3.623795017222462000e+00
0.000000000000000000e+00,0.000000000000000000e+00,0.000000000000000000e+00,0.000000000000000000e+00,0.000000000000000000e+00,0.000000000000000000e+00
1.685186696351248070e+00,1.626627534123647578e+00,3.439549524582248718e+00,3.464776585178605650e+00,2.581021346770697722e+00,4.230696727805189461e+00
1.851535206840794423e+00,2.803764367352512110e+00,5.434685166827336822e+00,3.752425073312235959e+00,5.730698900256681938e+00,3.899680644309865496e+00
2.979053249253561297e+00,4.234466080543297650e+00,5.824083633593811982e+00,3.616021113229681561e+00,2.730530179678813063e+00,4.995672364753696471e+00
3.650141872694705469e+00,2.254571014010970931e+00,9.440013699696203631e+00,6.083615464143097284e+00,2.535529085736222044e+00,3.811688675425217721e+00
3.373121066530397894e+00,4.572921929064984958e+00,5.735700412394921344e+00,4.170958555144070878e+00,8.409963842914356391e-01,6.029347981372069398e+00
0.000000000000000000e+00,0.000000000000000000e+00,0.000000000000000000e+00,0.000000000000000000e+00,0.000000000000000000e+00,0.000000000000000000e+00
2.202518649413429230e+00,6.578643659386775866e+00,4.388520974960639087e+00,4.503892306631376741e+00,3.401277450230153931e+00,5.541774720842440161e+00
2.670644900000576083e+00,2.020926117094378860e+00,4.553214888473236854e+00,4.323914328927121353e+00,5.314432759191888067e+00,1.977835377171819786e+00
4.366658717686805247e+00,5.691340009041288894e+00,4.492731667059031153e+00,2.601251268073388800e+00,2.267352252034835036e+00,2.869515949444067182e+00
2.229576948249761159e+00,4.732438175838732164e+00,1.522088355823494776e+00,2.872928728504875018e+00,2.362486984326689132e+00,3.287039805743316112e+00
7.666221021246752976e-01,4.384767239397445060e+00,2.601396529998189600e+00,2.548453764695073787e+00,4.820767279646996251e+00,9.114314483794796473e-01
4.909147992159013096e-01,4.260413355341087005e+00,5.324190206814703785e+00,3.726770224613160654e+00,4.711906466639922186e+00,3.558629504304803071e+00
1.750003455641295780e+00,4.756698555678001483e+00,4.293539021683680623e+00,3.391228869536108359e+00,3.006325615508175897e+00,5.819504151280659343e+00
4.550896481509697722e+00,1.002672855383687889e+00,7.004536513574532108e+00,3.240831891473555881e+00,3.609839411051235736e+00,5.697518971389347264e+00
3.213985033712050132e-01,7.555689953077737719e-01,4.964198734708388017e+00,3.729135436493723255e+00,3.738928628181541480e+00,6.911496991811285184e+00
0.000000000000000000e+00,0.000000000000000000e+00,0.000000000000000000e+00,0.000000000000000000e+00,0.000000000000000000e+00,0.000000000000000000e+00
1.603397570837096442e+00,2.276073802876672048e+00,5.041278764667131540e+00,2.593215896747088856e+00,3.570644844540088236e+00,6.127138906217166614e+00
2.196423032193541847e+00,5.242647132053983583e-01,4.722639263274889920e+00,4.921787255963518959e-01,3.706745412942328066e+00,3.469551244241432464e+00
2.884704882836853113e+00,3.415958473033270160e+00,3.815560517141577179e+00,8.950096081622898048e-01,5.140368588159141439e+00,3.537155947770224351e+00
0.000000000000000000e+00,0.000000000000000000e+00,0.000000000000000000e+00,0.000000000000000000e+00,0.000000000000000000e+00,0.000000000000000000e+00
2.809807191878141541e+00,5.427304609937809943e+00,4.602065038144740328e+00,3.496243246345026812e+00,2.524927303158322367e+00,4.170567060120066394e+00
2.207368209033438777e+00,3.304954572140502034e+00,4.075870336524443083e+00,3.891205322174819958e+00,1.880577794931407976e+00,3.691651432872328442e+00
3.621628773413059221e+00,3.202544906747824882e+00,6.213546972507718813e+00,1.358817883530110571e+00,1.421508939947572658e+00,4.071769238808889746e+00
1.394589112418687105e+00,2.309078904584854985e+00,4.771110144697144229e+00,4.493944476119290599e+00,2.223727777323620813e+00,5.318040731556378908e+00
6.308790923971672182e-01,3.000657316257988150e+00,4.259595103951824058e+00,2.515131743386551655e+00,1.988429358486504706e+00,6.001749426065351223e+00
1.748396117486616941e+00,1.263719272986708830e+00,2.782738850093413596e+00,2.010961977056423766e+00,2.531747922506411008e+00,6.707026146243058484e+00
4.482203851508743675e-01,1.947109837456623360e+00,2.066181579555625980e+00,2.744774395348354545e+00,2.480047526857591222e+00,2.646917069582733095e+00
3.780177894903735236e+00,4.488376697688722494e+00,2.471724659956178627e+00,6.846729726004058492e+00,6.708046301672103695e-01,5.068810748155324397e+00
1.315059467779725821e+00,3.277727993051129829e+00,2.942711735869523615e+00,5.925723979261917407e+00,1.072209243313638538e+00,3.137819368180353230e+00
3.443239424851248121e+00,4.086704924746507928e+00,4.673620804711266175e+00,6.974671365735387596e+00,1.845006083641287820e+00,5.471743106492645836e+00
5.329291809343196462e+00,5.503055253972995331e+00,7.147017129101165267e+00,6.774203558870005359e+00,2.055782067643301403e+00,3.952733805427760760e+00
3.520410385861178604e+00,3.852537966237398859e+00,6.207470306627472567e+00,7.485824624432330765e+00,3.112476636672270480e+00,5.638060377634399600e+00
2.112535050459540820e+00,1.720452031659587711e+00,5.781413124582845953e+00,4.914427004887500061e+00,5.053094542982603521e+00,5.153977139040586408e+00
2.922276642477670272e+00,1.116606728945865434e+00,6.599329330565925744e+00,5.441453882388175955e+00,6.075889713028312045e+00,4.446983454301614458e+00
2.768352698794495748e+00,4.843458866568075116e+00,6.680465735382358439e+00,5.715650579338510617e+00,3.940522589839819734e+00,3.153706288606291430e+00
4.171780019637681747e+00,3.879184624047503860e+00,9.072441384535546050e+00,4.217232692760518376e+00,3.957943551777801439e+00,4.841939439510131393e+00
1.276761282733406944e+00,4.619207954531180604e+00,6.797912865275560712e+00,1.893506515004390600e+00,7.649870562991190504e+00,4.416034138912669604e+00
1.650121136011479139e+00,5.603302387930191308e-01,5.703810838824857399e+00,4.286654230059201431e+00,5.609178645343904535e+00,4.701098079686373943e+00
0.000000000000000000e+00,0.000000000000000000e+00,0.000000000000000000e+00,0.000000000000000000e+00,0.000000000000000000e+00,0.000000000000000000e+00
1.070571110252670044e+00,1.618812516382955646e+00,5.222719459453517565e+00,4.670124176485026979e+00,4.092656626526972374e+00,2.310163697717686926e+00
2.141444446577957628e+00,3.480664928997747598e+00,5.919506929128470318e+00,2.670205124884310166e+00,3.853643799248342550e+00,6.120162735927370257e+00
1.930402991132564861e+00,1.022321164403785287e+00,8.180856719153517531e+00,5.960162711445111228e+00,4.830026878753564290e+00,5.548374979139683916e+00
2.169297181065020563e+00,4.276255058098541895e+00,7.845964285243640646e+00,5.834171323502456374e+00,4.136897398970464046e+00,4.785577325606251264e+00
3.958224955419908042e+00,2.456891401236857675e+00,6.997188105213016485e+00,7.207084896561076093e+00,3.412260248830882858e+00,8.462497471328799037e+00
4.841819807487780736e+00,6.655481163383165644e-01,8.147871098948769486e+00,7.496063886676552990e+00,3.492883269133255641e+00,4.857380257505523602e+00
4.150718910110748894e+00,3.908529218587832421e+00,8.404820852653610785e+00,7.059258738838235736e+00,3.922975823932295825e+00,5.115730550400680698e+00
1.886098792182186124e+00,5.415430535500758147e-01,5.717843059532931704e+00,5.901927643417848479e+00,3.956217228049516699e+00,6.780790562783874265e+00
4.048971638863658740e+00,4.053934698726960661e+00,2.371266361234683817e+00,3.903266912621608409e+00,1.125681686040613361e+00,5.642193111494771429e+00
1.724745730085047501e+00,2.137912857432737290e+00,1.038006492203087383e+00,3.419311912046832269e+00,8.740931594564322893e-01,3.355058868000863281e+00
1.943656940605199335e+00,4.376709258139972469e+00,2.461440617510144868e+00,3.424087432766533823e+00,1.501982316044584875e+00,5.048402613717211551e+00
1.019184904798132063e+00,1.248535708970109015e+00,4.567542609848675994e+00,4.695025781159140266e+00,4.283809871363853716e+00,3.427977895836043842e+00
0.000000000000000000e+00,0.000000000000000000e+00,0.000000000000000000e+00,0.000000000000000000e+00,0.000000000000000000e+00,0.000000000000000000e+00
0.000000000000000000e+00,0.000000000000000000e+00,0.000000000000000000e+00,0.000000000000000000e+00,0.000000000000000000e+00,0.000000000000000000e+00
2.461543708508550754e+00,1.660881726844062767e+00,5.071876654555806496e+00,4.490062343044455950e+00,3.742669231746656777e+00,6.474031305266457537e+00
3.375918925417110028e+00,1.547816680949706925e+00,6.968531258690258134e+00,3.980958518694178050e+00,4.390744971370405203e+00,5.552569190404870625e+00
2.560739833542067689e+00,2.685250862703200347e+00,4.971718998663543942e+00,4.249191998111793822e+00,3.281341217243661568e+00,3.868252637994344489e+00
7.168443788311582576e-01,3.537302006145870870e+00,5.789502411112272817e+00,3.405125961477583729e+00,4.953911426846142163e+00,5.240874628642801625e+00
2.273884518949173650e+00,1.214303581356758199e+00,4.300842192810903519e+00,3.916842554401569920e+00,2.551742156510074189e+00,6.209098392745694639e+00
2.287621920208535720e+00,1.091749422318557095e+00,6.590270988891148818e+00,4.519299205692774990e+00,5.547646821934957728e+00,4.788073289084654682e+00
1.735027143823339113e+00,3.117560688816050085e+00,6.121221848056231707e+00,4.735143494011250453e+00,6.554716361999197716e+00,6.248108360735944444e+00
1.048764247866756261e+00,9.182373235809797585e-01,7.154671836179678834e+00,6.446073224779881095e+00,7.008599113097170985e+00,5.309183276751828551e+00
2.096421292894858457e+00,3.447371750516933897e+00,3.888068453918100076e+00,2.450931742336471597e+00,4.311136623104141030e+00,4.215827816213666424e+00
1.639884590278034349e+00,5.038768022149284320e+00,2.383751324847417141e+00,2.626141841204271188e+00,2.568620220893002237e+00,6.373293039951661854e+00
0.000000000000000000e+00,0.000000000000000000e+00,0.000000000000000000e+00,0.000000000000000000e+00,0.000000000000000000e+00,0.000000000000000000e+00
