VR1,VR2,VR3,VR4,VR5,VR6
2.852238889943361944e+00,3.151857639355279517e+00,2.385336447959731210e+00,5.803249472278539045e+00,2.831021174857743627e+00,3.926800936991623026e+00
2.992713219108234846e+00,1.084960586284432260e+00,4.982279652809006976e+00,6.908879363564604859e+00,3.218134160163179214e+00,5.824010584368362942e+00
1.753161435954900149e+00,4.373877757917116860e+00,2.921891242623231300e+00,7.099028347484715340e+00,2.502484886097789296e+00,6.102848545127601554e+00
7.881865490168147304e-01,4.115035116744391708e+00,3.003754090653107944e+00,7.178881913562082495e+00,1.914633993540186374e+00,7.908006623681567149e+00
0.000000000000000000e+00,0.000000000000000000e+00,0.000000000000000000e+00,0.000000000000000000e+00,0.000000000000000000e+00,0.000000000000000000e+00
0.000000000000000000e+00,0.000000000000000000e+00,0.000000000000000000e+00,0.000000000000000000e+00,0.000000000000000000e+00,0.000000000000000000e+00
2.241117048985750149e+00,2.967133560030058348e+00,6.107922964787594999e+00,3.599330547120042301e+00,4.815902356521958083e+00,4.788329192208344409e+00
2.978920327222346565e+00,1.834888344619961309e+00,5.843820797387914823e+00,4.402652422567778778e+00,2.858709008725376588e+00,3.579174693869677348e+00
1.924350151530749509e+00,3.898081000586032019e+00,6.078381067982911112e+00,3.569507615927576261e+00,2.616134384809829960e+00,5.140248934388848667e+00
2.524651752573367602e+00,3.821007066162965593e+00,7.023058637090952239e+00,3.837880925281375699e+00,2.805748125423368045e+00,5.526171909543877270e+00
1.502969596799737628e+00,9.715140147321214670e+00,7.132635965010176271e+00,5.540758915187330658e+00,3.637575189214900639e+00,3.904774778284788805e+00
0.000000000000000000e+00,0.000000000000000000e+00,0.000000000000000000e+00,0.000000000000000000e+00,0.000000000000000000e+00,0.000000000000000000e+00
2.472704683353717847e+00,2.697422263414282817e+00,3.044996929575059852e+00,3.695210562705252944e+00,1.337481777713350084e+00,5.019530534986449410e+00
1.588993249391568607e+00,1.777955259192651738e+00,2.983293727119064265e+00,8.411153031059329876e+00,1.701790945124395327e+00,5.871359995629245709e+00
2.886103898254650524e+00,4.135455538004885412e+00,1.361851373621121741e+00,8.848977637180233558e+00,1.768177527819852823e+00,7.774478285098956221e+00
2.510788611037450657e+00,4.720940804677401736e+00,5.237865103297341562e+00,5.542890745816285047e+00,4.265790733211976438e+00,5.721812726024034568e+00
8.264818976749133128e-01,4.405249681985382360e+00,6.425678330972001362e+00,4.179195445368467432e+00,4.271598377864831875e+00,6.017670233568891192e+00
2.661305846282648879e+00,5.862979243721129663e+00,4.949694050197353867e+00,3.155907696224333314e+00,1.557238870044668211e+00,5.840508111333566177e+00
4.145023332201096977e+00,6.653632557481826026e+00,4.581892949146029181e+00,4.475520776008451662e+00,2.757767575316601771e+00,6.753454451503795752e+00
4.939548604386745367e-02,7.609193665232016457e+00,2.210991907675046164e+00,5.761773951412557437e+00,3.119135014983539289e+00,7.469788746538269741e+00
1.765504625389580085e-01,6.866167289430018528e+00,4.243360999367997266e+00,3.921398689063176235e+00,4.211394226167842092e+00,6.236833955847847832e+00
0.000000000000000000e+00,0.000000000000000000e+00,0.000000000000000000e+00,0.000000000000000000e+00,0.000000000000000000e+00,0.000000000000000000e+00
6.399578491646042977e-01,4.241657762534064346e+00,6.841427958456701042e+00,2.209428154818793288e+00,2.027863096902880358e+00,3.606773269016642747e+00
3.074400845465365073e+00,3.796858350294411544e+00,1.970110695744795581e+00,4.205612931786046005e+00,2.218014321332105077e+00,3.691804226738549133e+00
3.139593169832865183e+00,3.214828302697450901e+00,5.207677247178149393e+00,3.833760085523350458e+00,4.264423721316851434e+00,5.033359766152774029e+00
1.888391211830759087e+00,4.297808329845508979e+00,3.792809610561397093e+00,4.504003829576046058e+00,2.599136679712429121e+00,4.362279176745894382e+00
2.133703398402150064e+00,2.948828932096354549e+00,3.797664829387609853e+00,4.559790396792338107e+00,3.329524214112206781e+00,4.383742687041407571e+00
1.458710963383913262e+00,3.205636735719520569e+00,7.371002179664655429e+00,6.669465619203153395e+00,2.728344255861616219e+00,5.409779590049429210e+00
2.281908332382296400e+00,1.834804399534122332e+00,3.422028268606691626e+00,5.622310156358758526e+00,2.565659384660732734e+00,5.000435671769232648e+00
1.092702116198823958e+00,3.006927027256799612e+00,7.568473769553310859e+00,3.915397664156609725e+00,3.296634336811679500e+00,5.235061476468648500e+00
1.055802608994231617e+00,5.125737594610686898e+00,6.414514880480920667e+00,2.766832452581938995e+00,3.823438856399782537e+00,5.334718460703260945e+00
1.003690794911030526e+00,4.191061042096476896e+00,1.142215067898844971e+00,3.783057393112632116e+00,1.278935285638366448e+00,6.194445998551676880e+00
0.000000000000000000e+00,0.000000000000000000e+00,0.000000000000000000e+00,0.000000000000000000e+00,0.000000000000000000e+00,0.000000000000000000e+00
8.534655102681938388e-01,5.356748892714560562e+00,3.689985592653557411e+00,3.910390659683151693e+00,8.294624829929015952e-01,6.538116801054520977e+00
2.594023888311303150e+00,4.499763917759764809e+00,7.306618297948129559e+00,5.362319850643930685e-01,7.756967865409006180e+00,5.361336643787254275e+00
0.000000000000000000e+00,0.000000000000000000e+00,0.000000000000000000e+00,0.000000000000000000e+00,0.000000000000000000e+00,0.000000000000000000e+00
2.382788889227278162e+00,3.889523728536754099e+00,3.938562389121177176e+00,2.061978061333973322e-01,3.403178370488454618e+00,5.835603574657206138e+00
2.832356031500096627e+00,1.241200911058453427e+00,5.661983523059001655e+00,2.811138560511248663e+00,4.929116977347713480e+00,4.416638403790355660e+00
1.731587272027718338e+00,6.154944999383142878e-01,4.701221916738615114e+00,3.320764967847585236e+00,3.758876031102865500e+00,6.126460064311917364e+00
2.031697928512882889e+00,3.208412623242240080e+00,4.617244281593822386e+00,5.593862028996583469e+00,2.209188763783907383e+00,7.196531813810269185e+00
1.573923728270084421e+00,3.426922736392564950e+00,3.414484552049966926e+00,4.181130210607784115e+00,5.965720598718138312e+00,6.470525251953630708e+00
1.696540167505142804e-01,4.985615512417528095e+00,3.235370729986631222e+00,2.270824297902349631e+00,4.515327910002657319e+00,5.560169542634319839e+00
3.232612101965035123e+00,4.204978180959585643e+00,6.998510647585028721e+00,4.301724543168471193e+00,5.138397551796105134e+00,2.485155224381442984e+00
4.713597216657255728e+00,3.464461481890802830e+00,6.846932436318780013e+00,4.300137199050465320e+00,5.096196339178433732e+00,4.540580895092781510e+00
1.307976471930181628e+00,4.026287453772502190e+00,6.420388540444760039e+00,2.218409466101658900e+00,6.053725698668478650e+00,3.070781885105540177e+00
4.028427146518302138e+00,2.994774152191018946e+00,5.978078943217025376e+00,1.201566183733142612e+00,3.697552821399371581e+00,3.374919292216809641e+00
4.752103625772134521e+00,3.355806432172465215e+00,6.095687083240305171e+00,2.460529842211825802e+00,3.639389056633421493e+00,3.547413508753272993e+00
1.241638485323392604e+00,1.869597643308400059e+00,6.631246762358609104e+00,4.653718813323037828e+00,2.420302331574649024e+00,6.084171396319520753e+00
2.357934568114425034e+00,2.299159551238902921e+00,1.211426871435853592e+00,5.303637018789351565e+00,1.689718983914512584e+00,6.586622588804239342e+00
3.022056516111316427e+00,4.290936106533046690e+00,2.569589245625837126e+00,4.919787236595174029e+00,2.357743337749682144e+00,5.985828459721232342e+00
1.397947009324653100e+00,1.973921227991716876e+00,3.637520948498369489e+00,3.979314656849393117e+00,4.252226751323595622e+00,4.128338739490582832e+00
2.468639895741822077e+00,1.074240469747613558e+00,4.375853889582987044e+00,3.358197467508464484e+00,1.442129250934027107e+00,5.191266813608614861e+00
0.000000000000000000e+00,0.000000000000000000e+00,0.000000000000000000e+00,0.000000000000000000e+00,0.000000000000000000e+00,0.000000000000000000e+00
1.847525986461156400e+00,2.187683496605059119e+00,7.734246425499069488e+00,2.992299200395441616e+00,4.992234986634073834e+00,2.825149128895796391e+00
3.349652189142245273e+00,1.995417272591220481e+00,3.167061232152969197e+00,4.951236463226566187e+00,1.903684785031902527e+00,5.265197160015880229e+00
3.524634326711160615e+00,4.022960592828239257e+00,8.014251336691097904e+00,4.070120253821077227e+00,4.508440121411894097e+00,3.601929966518565784e+00
2.700330461156362993e+00,3.727682982159450376e+00,4.761838429861311006e+00,4.492986178386056295e+00,3.933294877510557175e+00,3.281276597283199870e+00
1.455006531589848828e+00,3.959761298825601905e+00,3.855620623969004068e+00,5.769285506831023369e+00,3.017515690662989414e+00,4.090335591870567278e+00
0.000000000000000000e+00,0.000000000000000000e+00,0.000000000000000000e+00,0.000000000000000000e+00,0.000000000000000000e+00,0.000000000000000000e+00
2.649101164303592437e+00,2.285986517599512879e+00,3.877004279259421704e+00,6.875302592656796108e+00,1.902668275208718951e+00,4.790811119216137115e+00
1.192057872954267239e+00,4.266739268812310470e+00,5.317991489613812739e+00,4.011996492677073256e+00,3.908619290933344814e+00,3.896092091685939174e+00
3.279272132100359283e+00,3.066252970665070965e+00,4.737535689603062039e+00,4.404215731271651002e+00,5.743340848798673903e+00,3.362615510905197613e+00
1.285337268491149709e+00,3.217648056984708127e+00,5.100844546447222960e+00,4.444108069868252464e+00,9.151702720103154221e-01,2.309545688950143116e+00
3.233368820017822998e+00,2.930727572677831461e+00,4.070714888766418404e+00,4.799983105938282257e+00,3.628258901038408091e+00,5.903070349524229599e+00
2.832239330793674181e+00,4.290478493731793463e+00,4.041270159470288448e+00,4.007552467786361206e+00,3.312114263514748913e+00,6.392436089942975741e+00
3.116897098101579555e+00,3.776363080843001097e+00,2.117551784790090874e+00,3.873337116945357650e+00,4.296310817790985226e+00,4.636238235754140291e+00
3.080906038839753336e+00,4.595114020380110631e+00,5.610840158162343272e+00,5.850840483226431132e+00,2.845636604214922372e+00,4.772577506338320674e+00
7.896797808409403707e-01,3.547453259542223680e+00,4.980452431574846628e+00,4.159913612319940945e+00,2.837455166294461151e+00,3.580209438894908835e+00
3.206766230705055509e+00,1.334798473575347089e+00,4.381549356710296550e+00,3.446319704262430506e+00,5.115158855454096987e+00,4.626967902646156539e+00
1.875311203207572941e+00,2.410067410719602066e+00,5.082291689977542326e+00,3.851169700652940175e+00,5.082203676724450503e+00,4.748802374995304554e+00
1.516431090128288472e+00,4.201298038762310227e+00,4.245463192503621030e+00,4.340227394745308942e+00,1.141522832542541721e+00,3.346954002283597074e+00
4.747632374808219424e+00,1.251514090364107545e-01,6.104356786667482382e+00,5.868258394277741985e+00,1.869639490722285746e+00,3.553916338848805978e+00
0.000000000000000000e+00,0.000000000000000000e+00,0.000000000000000000e+00,0.000000000000000000e+00,0.000000000000000000e+00,0.000000000000000000e+00
0.000000000000000000e+00,0.000000000000000000e+00,0.000000000000000000e+00,0.000000000000000000e+00,0.000000000000000000e+00,0.000000000000000000e+00
2.881482163232142124e+00,4.503295627389833911e-01,5.419526082883368900e+00,5.442921159258688135e+00,2.036565124572082830e+00,5.666434162384471840e+00
2.514290935254288151e+00,1.425955323312167788e+00,3.828936277787866604e+00,3.348605171744031495e+00,4.339809741800317866e+00,6.100201934582396568e+00
1.564790537647519297e+00,4.700522456281174932e+00,5.037772269398486102e+00,4.604837558107885087e+00,3.110630363440750834e+00,4.153091405457821850e+00
9.328685840349320024e-01,3.760179256037505802e+00,5.160420821588440177e+00,3.230900226827287725e+00,3.976504681345541581e+00,3.543105683764209424e+00
2.465864937578821969e+00,3.029941061502349431e+00,2.334647930003963090e+00,9.962593786445785859e-01,1.466363207577848771e+00,1.034699663231015254e+00
2.439337953660857039e+00,1.351182792177957115e+00,5.895547083653871923e+00,3.025638057998442321e+00,5.415666518481563330e+00,1.729644740031727856e+00
2.670634358365262528e+00,9.030168362097308332e-01,4.323923245702689044e+00,5.120669076485925508e+00,2.864347924676766688e-01,2.447272550627654919e+00
0.000000000000000000e+00,0.000000000000000000e+00,0.000000000000000000e+00,0.000000000000000000e+00,0.000000000000000000e+00,0.000000000000000000e+00
2.024578631878094725e+00,6.474731518550949083e-01,3.627405272505308531e+00,3.406402448309755027e+00,3.317695648488710791e+00,3.476894117178256582e+00
2.549334929275902883e+00,5.845902735825343477e-01,6.450358189314665758e+00,2.654415541770786646e+00,3.387803285991324298e+00,2.905510957544207074e+00
6.142541410473829622e-01,9.016290598148257729e-02,4.648647287103568004e+00,2.672412478965130234e+00,3.383359211848262493e+00,2.513525442007510158e+00
1.251724958134454724e+00,1.651071180967119023e+00,6.163635982809615221e+00,2.063368931329786271e+00,4.991971279340509327e+00,2.753011363491510100e+00
4.603372961294724064e+00,1.857791856203420133e+00,4.880368666218140916e+00,1.222978484090114559e+00,4.234962617034137011e+00,5.701834114361759021e-01
1.712948265958700311e+00,1.994767859972327084e+00,5.507376816165024280e+00,7.313228778162401689e-01,4.838013065849926519e+00,3.112142955099836072e+00
4.176735073094998363e+00,1.451930664392609538e+00,4.377072722633779556e+00,1.715139479631327735e+00,3.551301542301446457e+00,4.743867506153129021e+00
1.029691788700284771e+00,1.888216902656352225e-01,2.921311992217675790e+00,2.228885529163453505e+00,3.704725657238884029e+00,4.327658111932827900e+00
4.716758718237589854e+00,7.942179574893413196e-01,5.252713058727914941e+00,3.161992708980892353e+00,4.658500759781041722e+00,3.563562061739226294e+00
3.147694750858577972e+00,4.924808571545138847e+00,8.567765275371202804e+00,1.988580774567730636e+00,4.306294634498117446e+00,2.479462092389674410e+00
3.874897485949560849e+00,4.100340294773586081e+00,6.691806370187394215e+00,2.898982337477916005e+00,3.163409870360260889e+00,2.771236025094203193e+00
1.199122521015286269e+00,2.174595043123979998e+00,6.329725058443893104e+00,4.284745410570070412e+00,1.438710758572393500e+00,3.294436200202556897e+00
2.598884431003518625e+00,8.136854681351954888e-01,6.895343093599567652e+00,3.454437844142423053e+00,3.107965604202156396e+00,3.491402645214407130e+00
1.408257335226248186e+00,2.746330693349998242e+00,4.521095136332425213e+00,6.407781921383098656e+00,2.970300696871276180e+00,4.372479645095557643e+00
3.596924128849491531e+00,1.152018139111817163e+00,1.185834788077293034e+00,5.307902840035297665e+00,1.391106288035114602e+00,4.135137786595042719e+00
4.104788253166855583e+00,2.455739579863520206e+00,7.126429901006467560e+00,4.555702489226297836e+00,3.865545744985048771e+00,3.320797229414707452e+00
0.000000000000000000e+00,0.000000000000000000e+00,0.000000000000000000e+00,0.000000000000000000e+00,0.000000000000000000e+00,0.000000000000000000e+00
2.293625812377602990e+00,2.006236562794505129e+00,6.362519724368286944e+00,6.365746486548108152e+00,5.030924172486828994e+00,3.322811235234023997e+00
3.759516433375928557e+00,1.369902648428750203e+00,7.679375790758339093e+00,3.600430584130843492e+00,6.055453581188777967e+00,2.629606748560971319e+00
1.472260561440928317e+00,3.494301090063597570e+00,6.513109426367577726e+00,9.007709125481482282e-01,5.532047395742312190e+00,3.084370508770046815e+00
3.907561286302860815e+00,2.212249835237599438e+00,3.022658618821123078e+00,2.274839159754979079e+00,3.885325603507708614e+00,3.464609174858663820e+00
2.524725752515806221e-01,2.666629716243175352e+00,5.722555942742052260e+00,3.462538708280798794e+00,3.345245954002372013e+00,2.010218698211189814e+00
3.742418368334447631e+00,3.170181277405739184e+00,7.666816049457029436e+00,2.532904099444562185e+00,3.207390392542209145e+00,2.176461988809483827e+00
5.122461007139836653e+00,1.842621160659764667e+00,7.082617440351050675e+00,2.865610949421833809e+00,3.894582453725810911e+00,1.511241876996788136e+00
2.747822393695865451e+00,1.691311655620717058e+00,3.593239229758946607e+00,2.360874612848682386e+00,4.267111394831405669e+00,2.068812691236591839e+00
1.997182940290064046e+00,1.321001474777649287e+00,4.484964089157766232e+00,2.499988632831716018e+00,2.704437320943317236e+00,3.413525183715941935e+00
3.359224930377439744e+00,2.634504033310824944e-01,4.864817121388902876e+00,2.165588462020029858e+00,3.442822479256182344e+00,2.282371138926403642e+00
3.603790247690272341e+00,1.851110012834149332e+00,5.722562972986570351e+00,4.328756720426030213e+00,3.401021050653768363e+00,1.958089437951167078e+00
0.000000000000000000e+00,0.000000000000000000e+00,0.000000000000000000e+00,0.000000000000000000e+00,0.000000000000000000e+00,0.000000000000000000e+00
2.350872895191496781e+00,2.173287142829892993e+00,4.488222319230156465e+00,4.049325302865851128e+00,3.464121959098356740e+00,3.094682753289161425e+00
4.053534406180007821e+00,4.426989072563380034e+00,3.774048256754817920e+00,4.060219870306760903e+00,2.166468134886777364e+00,5.310028086393136171e+00
3.641152099296969258e+00,7.785895346757893520e+00,4.244697847695713122e+00,2.371069239445323884e+00,2.298043752882928281e+00,5.938933957230775995e+00
2.737867879357438916e+00,3.084473078760637588e+00,4.036490125894619752e+00,3.336605531104610112e+00,2.064467984820350210e+00,4.743910579860237675e+00
2.364075112326667227e+00,3.616350378468886184e+00,5.907798605857089491e+00,3.977490616564404391e+00,2.540922522034702258e+00,6.165864943565040335e+00
1.982039828571985129e+00,4.844543856049146946e+00,5.060560731812245194e+00,4.268553160644263933e+00,2.245745295313280376e+00,5.357383747125739504e+00
1.950291594201893908e-01,3.470439120635600894e+00,4.088283605299116275e+00,3.641365682505425916e+00,5.214893072924532191e+00,4.792828048577991495e+00
2.939483828715502067e+00,4.039699769926508921e+00,4.870582651525259266e+00,5.101391542057765349e+00,1.759188577226243666e+00,5.225249045406545001e+00
3.191955605591852319e+00,3.893432793014592885e+00,4.584797742343188709e+00,5.500607002296687753e+00,3.151783640371478068e+00,5.039805256968806546e+00
2.119545058968846263e+00,3.011878599631209408e+00,5.770971110615344735e+00,4.495035068793804101e+00,4.928710709023986780e+00,5.376774897528802555e+00
1.593666250291997155e+00,4.885902375207247239e+00,6.168516481402329887e+00,1.286983868908666118e+00,3.395005471018661236e+00,5.870108343406536200e+00
3.830829950568457321e+00,5.228446508370282686e+00,4.852998345891392340e+00,7.147311437018948332e-01,8.020509485999149035e+00,4.305819071580583746e+00
1.782417585231841795e+00,5.190765258595350318e+00,4.263207749498751475e+00,1.264124580934824493e-01,5.147853932085599382e+00,4.668691706868039581e+00
1.465248091710673606e-01,2.647405528239531236e+00,5.768615269158786418e+00,2.339042552854602164e-01,6.448035096685080347e+00,3.442485657984870162e+00
2.936523294612574997e+00,3.217507927929935896e+00,3.069979378638402423e+00,2.462515515257941434e+00,4.689383827365068313e+00,5.144709734314450778e+00
2.845841099671182928e+00,6.395268672742222549e+00,5.121967698162906757e+00,2.121476345832765897e+00,4.934915250756530369e+00,2.876471013824727585e+00
0.000000000000000000e+00,0.000000000000000000e+00,0.000000000000000000e+00,0.000000000000000000e+00,0.000000000000000000e+00,0.000000000000000000e+00
1.921392297726412846e+00,9.078589951769560074e-01,4.898416951824927423e+00,6.495363108324371915e+00,3.027609261961742515e+00,4.322330895200562573e+00
7.513695688706862885e-01,1.997066587975195873e+00,1.967195579582373899e+00,5.508525821503882369e+00,1.366157610065847905e+00,4.743387344415884499e+00
2.197690399278594331e+00,3.009977995453522404e+00,4.735332751758923209e+00,6.071941512331979318e+00,2.903541926249691763e+00,6.543003215871529221e+00
2.364060272100561022e+00,4.018249640574120818e+00,5.154283245331424901e+00,3.633527833085609338e+00,5.775027156446933319e+00,5.312857852563663386e+00
1.616042382094835528e+00,1.784421979372740941e+00,7.306833829650314804e+00,3.103294695713440632e+00,4.806534333428309935e+00,3.390163118099649875e+00
2.188823050608976750e+00,8.694259657547531717e-02,8.528831540069713668e+00,2.904295202614795901e+00,4.070902554331657264e+00,3.227915618623859118e+00
2.273086049803888287e+00,9.073844946604077144e-01,3.660257373296414762e+00,3.642550335560174712e+00,3.932361402759306568e+00,4.511950111912883088e+00
1.542185783279298228e+00,1.297103610053579770e+00,6.032750711233392238e+00,4.068555933490389798e+00,2.734520691872006637e+00,3.358593238996088193e+00
3.582652057559561509e+00,2.382807172552150021e+00,6.416882848032507525e+00,5.493012808365147492e+00,3.244618885768637107e+00,3.435315822162063881e+00
2.097351774660457746e+00,4.718522968059494893e+00,5.069915906904022940e+00,4.997975094610298541e+00,3.427122031795948764e+00,2.590674903695485920e+00
3.121578802778541828e+00,1.876950214649178328e+00,7.518781028075608219e+00,3.356572014842508445e+00,3.820026447601861275e+00,4.098529548720012627e+00
1.038171577055734707e+00,3.082915666623727180e+00,3.857389753616322636e+00,3.326302154050062132e+00,3.826801703728989423e+00,3.973980050658517005e+00
0.000000000000000000e+00,0.000000000000000000e+00,0.000000000000000000e+00,0.000000000000000000e+00,0.000000000000000000e+00,0.000000000000000000e+00
0.000000000000000000e+00,0.000000000000000000e+00,0.000000000000000000e+00,0.000000000000000000e+00,0.000000000000000000e+00,0.000000000000000000e+00
0.000000000000000000e+00,0.000000000000000000e+00,0.000000000000000000e+00,0.000000000000000000e+00,0.000000000000000000e+00,0.000000000000000000e+00
9.116802052958143943e-01,1.423930945589994446e+00,6.690107549688033117e+00,5.524358360885466723e+00,4.279694047341162211e+00,2.977350297816903080e+00
3.099696151193088056e+00,6.806539750095610408e-01,4.262562649037355378e+00,4.022883681433743419e+00,1.903274491742823038e+00,3.293532917618509970e+00
4.346495105589561092e+00,2.531121173006670944e+00,8.813839122762107792e+00,3.025230362494333747e+00,4.265288496518847339e+00,2.552852746634535208e+00
2.634316230409566639e+00,2.549329300277589638e+00,4.503489017669456196e+00,4.099655940684317379e+00,3.431308155617532663e+00,4.037657574500154389e+00
2.230569714393404013e+00,3.483530581303200702e+00,4.135010988748887506e+00,5.158266259818567789e+00,4.080355929046375785e+00,4.800574214623096303e+00
1.532517986459349446e+00,4.313005524820496817e+00,2.688288866160795543e+00,3.302898750229980696e+00,3.557395285136989216e+00,5.096656344249836046e+00
1.257595656495498648e+00,3.272196021886387474e+00,5.431308885856733326e+00,1.473094519711668937e+00,2.574802292205341292e+00,2.933008282054170301e+00
