VR1,VR2,VR3,VR4,VR5,VR6
1.675612759924956841e+00,3.564497095366137902e+00,4.227279415202254143e+00,3.027362346617354483e+00,2.900577956415423042e+00,5.825626393601247344e+00
4.514834897303661165e-01,1.467998836266374063e+00,3.766657849666084523e+00,6.143301039836671862e+00,1.799396023059937733e+00,2.616544918197422298e+00
2.793233943558586674e+00,7.437758189244059182e-01,4.990277551966470604e+00,1.795957547707585533e+00,2.902304823100470443e+00,5.213959962081375465e+00
1.788659274753539030e+00,5.238753059441803472e+00,5.352787440618200776e+00,4.036665752900918669e+00,2.882629354069938366e+00,4.967132906576281925e+00
2.210013851339223123e+00,3.777635541998468405e+00,5.012910816608097342e+00,3.328813149056628617e+00,4.347735346886208774e+00,5.143502543931423254e+00
4.030977914823401065e+00,3.236298059347424871e+00,3.710664977975591139e+00,3.698726922339504064e+00,4.817917595736808778e+00,4.414326993465984117e+00
3.461707652639405275e+00,4.840622686696081090e+00,6.735786391016029384e+00,7.201934667229386910e+00,4.871293754043486857e+00,6.385624050659868267e+00
3.047439718091410121e+00,4.624689438906398387e+00,4.004504913535890331e+00,5.133260484083223218e+00,4.521754339403385892e+00,4.790026529525532872e+00
0.000000000000000000e+00,0.000000000000000000e+00,0.000000000000000000e+00,0.000000000000000000e+00,0.000000000000000000e+00,0.000000000000000000e+00
1.985145630953547791e+00,2.550123013987519727e+00,3.983059174335171537e+00,1.270986851315936583e+00,5.889201955910941422e+00,2.708265521494459094e+00
2.653613701813465120e+00,2.538394619672650343e+00,5.249933206165521504e+00,2.500685260122736508e+00,4.572338271848146007e+00,5.102375339301120860e+00
5.879135077391508091e+00,1.556121839490107517e+00,6.451763865218682170e+00,1.580843130205356495e+00,3.825199528758355338e+00,5.396039744499523394e+00
2.328959500465916932e+00,5.247206520773373128e+00,8.202860572709425924e+00,5.716051667145706006e+00,1.686085524402876068e-01,5.304075320306044006e+00
2.070677740075067330e+00,3.481506183882246752e+00,6.076510023141190153e+00,1.725201724892160282e+00,5.125286251484233446e-01,2.588888005524833780e+00
2.879524446559790452e+00,1.223427229080493950e+00,3.742725670410977035e+00,2.939251852873574489e+00,2.163168131474130895e+00,3.442088888666773538e+00
2.695203343139822572e+00,3.999642501194929700e+00,5.102616061400506275e+00,3.356901120993583731e+00,1.026346967074198702e+00,3.522066830430281126e+00
1.895646449329238425e+00,2.555095613040517577e+00,7.600931001834146272e+00,3.110025180143585644e+00,2.767034952094546973e+00,5.079725456755632251e+00
5.581163648477600603e-01,2.882902147199261744e+00,5.274176171178026173e+00,4.239966699023248964e+00,3.383525303554708152e+00,5.293482504763096230e+00
0.000000000000000000e+00,0.000000000000000000e+00,0.000000000000000000e+00,0.000000000000000000e+00,0.000000000000000000e+00,0.000000000000000000e+00
3.229922681944863427e+00,2.470801543568610370e+00,4.105461113505951332e+00,1.825125506127273756e+00,2.060952604056129900e+00,4.519372256786432729e+00
4.909374961312202856e+00,2.032299911587475805e+00,5.485179717596578186e+00,4.206872111561970051e+00,1.935554329536658180e+00,3.181904781559816264e+00
2.816449897995712437e+00,2.546994532764544239e+00,7.478346930484983446e+00,3.811088636287694786e+00,6.064964824536152044e-01,4.246400899730716105e+00
4.320619995952403869e+00,2.015524897545347471e+00,4.895298570092219137e+00,3.312690412238749271e+00,3.381229157851198153e+00,4.608755821356486315e+00
4.164333283013757381e+00,4.745953895641951803e+00,6.669034124354070947e+00,4.315101109645656408e+00,3.284266961199765689e+00,5.734337799970232297e+00
3.483352594001312585e+00,2.849686694777116447e+00,5.965837217600606479e+00,5.815872838280594870e+00,5.316182318574695032e+00,4.166445874266216265e+00
3.099316514700875214e+00,4.455043577184834902e+00,1.487320243973103473e+00,5.914887725621065684e+00,5.436609675996768587e+00,3.135420030386198320e+00
1.218615167947572964e+00,3.682791870071777662e+00,7.039036171377462736e+00,3.965352851891645436e+00,6.229469125195191026e+00,6.142892215718130267e+00
1.855845132494357674e+00,6.005294703714854521e+00,4.949859877043062184e+00,4.351257734185303150e+00,4.975228151729330861e+00,4.123611011300417850e+00
2.706272961518020992e+00,4.050837477239280560e+00,6.319667708499637548e+00,3.052184479258194472e+00,4.873587295317173940e+00,3.974512539662594435e+00
3.434634385691483160e+00,4.695202364925722627e+00,6.706427441744946094e+00,5.782220037116545086e+00,6.022444194565031772e+00,3.512088648440931049e+00
2.924807702750738869e+00,2.552487032363059960e+00,3.009916274597918218e+00,3.629820903027104251e+00,5.072547699598095150e+00,2.908461156677239146e+00
2.224679711484971900e+00,2.692057869459235864e+00,2.973395869618360887e+00,3.579934473335724121e+00,4.464476046858287361e+00,3.342575022784490812e+00
4.533526593572061003e+00,1.714029108896510500e+00,4.808997827366231270e+00,3.730420325943498927e+00,3.473038740549948322e+00,4.204253405552063505e+00
2.901262801537717539e+00,2.241535703463507723e+00,6.219121814801866321e+00,5.504709708683934721e+00,1.216390640716564109e+00,2.914587577830384468e+00
2.540082628842189827e+00,4.528231899939562766e+00,7.071320569534838896e+00,3.071918050182833149e+00,3.726677342136338833e+00,3.717281473200523934e+00
2.434797728786977977e+00,3.446439884701628209e+00,3.329664115274453273e+00,3.571778732471576845e+00,3.912912513263895331e+00,2.893723723887053012e+00
2.146922846147129693e+00,3.455739084436358244e+00,4.822914841738738190e+00,2.975786695088677547e+00,6.812019490340337491e+00,3.520852244550511934e+00
1.509223921401542601e+00,3.164434161092520181e+00,4.041827451452405739e+00,3.604685644393751609e+00,3.308568751551339115e+00,3.209036724478476099e+00
1.514969265989339675e+00,2.578284811413391608e+00,6.713454193898051869e+00,2.743615241076083677e+00,2.456394789856076066e+00,3.431023455748854367e+00
0.000000000000000000e+00,0.000000000000000000e+00,0.000000000000000000e+00,0.000000000000000000e+00,0.000000000000000000e+00,0.000000000000000000e+00
3.643704858423614468e+00,2.306240900592659848e+00,6.932345786326465031e+00,5.024107263710374305e+00,2.015835474700025554e+00,6.914137711488375970e+00
2.381109892410480100e+00,5.131213752731396127e+00,5.577689737311528617e+00,6.466682233125082391e+00,3.258180574763557935e+00,4.713406978310326068e+00
0.000000000000000000e+00,0.000000000000000000e+00,0.000000000000000000e+00,0.000000000000000000e+00,0.000000000000000000e+00,0.000000000000000000e+00
0.000000000000000000e+00,0.000000000000000000e+00,0.000000000000000000e+00,0.000000000000000000e+00,0.000000000000000000e+00,0.000000000000000000e+00
1.589363392940983388e-01,1.994997858699444571e+00,4.368151491288465138e+00,5.677973877823179194e-01,3.686713379868568286e+00,1.985757312400692864e+00
2.695125086626337207e+00,2.115983571746631320e+00,3.909381072214213937e+00,1.919743632575305448e+00,3.122529650940646384e+00,3.154849807591167732e+00
4.171815331757352752e+00,2.518453031767968753e-01,5.593168630155025411e+00,2.800113407893159767e+00,1.731393737147129297e+00,3.182005333099220401e+00
0.000000000000000000e+00,0.000000000000000000e+00,0.000000000000000000e+00,0.000000000000000000e+00,0.000000000000000000e+00,0.000000000000000000e+00
1.208795644055986607e+00,2.239744301108530955e+00,7.773580558437698684e+00,4.073588380391782948e+00,1.306741842123756214e+00,4.948356646948009363e+00
2.436188150780758122e+00,3.704279269383577766e+00,7.744842908330422659e+00,5.156086234316911820e+00,1.560629188618984031e+00,4.886077285246351209e+00
3.390742182171870844e+00,3.262195784540836030e+00,2.766877165362429558e+00,5.044696868229448405e+00,2.780286153485189704e+00,3.643767271972260691e+00
2.086445855173256980e+00,2.913150006988224572e+00,3.696165267548424005e+00,4.096669074335795635e+00,5.981491629332220228e+00,2.568771848329921781e+00
8.432686557015993678e-01,2.735260068109248710e+00,3.687263044550366242e+00,3.153149524425214345e+00,2.688562616783483072e+00,3.666851208112757554e+00
2.227383705110312029e+00,3.133872177630974143e+00,5.016102415130538894e+00,2.869810413854935405e+00,4.811116336242025504e+00,2.745157895142147364e+00
3.276337692662353973e+00,3.722496193877955051e+00,1.827312407622294632e+00,2.138398777598226275e+00,5.361531184912733394e+00,3.351055513087942916e+00
3.852150842910890383e+00,3.165559325739966567e+00,2.268089486932982179e+00,3.745986405941589492e+00,5.989834946898017876e+00,3.015168188752975542e+00
4.001575023748209503e-01,4.185762990659056548e+00,3.502530840094586928e+00,2.923206036193237711e+00,5.035919052894794135e+00,5.494954399435065362e+00
5.437785463863897828e-01,2.987756190522267374e+00,6.528688796012918516e+00,3.333803466225034207e+00,4.943879892360948602e+00,3.833024632626751860e+00
1.517805446931738356e+00,2.578765955676993293e+00,6.084251474659284398e+00,4.301061302460806424e+00,3.877484010696604422e+00,4.367226549247401834e+00
2.331730084669110692e+00,2.775471781171302332e+00,7.097757781451260684e+00,4.914615548423439506e+00,1.212892950643065904e+00,4.610463971608951717e+00
1.621587637525011338e+00,4.663605419097811122e+00,5.697783415892672565e+00,6.493711115879399642e+00,1.821734172867083723e+00,3.936983978187379662e+00
3.792540235833602225e+00,1.456009285912833517e+00,5.402729491777392035e+00,5.463467400900819726e+00,4.657797931083797138e+00,4.505271108266190261e+00
3.085707181041431824e+00,3.699815687959042698e+00,6.223942287302313581e+00,4.187008311039448927e+00,2.663397411119798441e+00,5.099320139449089240e+00
2.603830827357731525e+00,1.941787584112037335e+00,6.374230906892851323e+00,1.882343619590921335e+00,1.038618195419761303e+00,5.080139346745290219e+00
3.739277571564818103e+00,4.205832848666149815e+00,7.142865264313046580e+00,5.012673163050497038e+00,1.084270959787441146e+00,7.311738860580976329e+00
2.934431524194243579e+00,3.437129766828034061e+00,6.084025209555326441e+00,4.776465398641146720e+00,2.510578435320308888e+00,4.437348258134523604e+00
1.960430764509882406e+00,3.470204563921144292e+00,4.637690138120096783e+00,3.096912959705250046e+00,2.405367532650055207e+00,7.729064715173987743e-01
5.281387892974207077e+00,2.110744232392074871e+00,2.056727206723841572e+00,3.830931932308587307e+00,4.133730918077441530e+00,2.359027839307810126e+00
4.776313758429868273e+00,1.932003770729905812e+00,5.851970407706375887e+00,4.560371903349461853e+00,2.854452223142855072e+00,3.580900912516284063e+00
4.179679605774065720e+00,4.360442932880827627e+00,4.621588398771367068e+00,6.163696027448713366e+00,2.103831052977076510e+00,5.795821052202764889e+00
1.784864588900129112e+00,3.638519260314376336e+00,5.616314635568874891e+00,6.983058076752929111e+00,3.436000778999652727e+00,4.785384970101000945e+00
1.574267230565335574e+00,1.120596798941492223e+00,3.722754893935837472e+00,3.228326086286010810e+00,3.149737126317075919e+00,4.690519760257179982e+00
3.194935425652449812e+00,3.242376960287653986e+00,4.043297048727134246e+00,6.779129225173395668e+00,2.635348988459753627e+00,2.627752158989285824e+00
2.675639003390783976e+00,2.519959953683108544e+00,3.461935420495369620e+00,3.171393507597012551e+00,2.258422845993733219e+00,3.091471497849338945e+00
1.176692452571473924e+00,5.862621002339123422e+00,7.315388753436423031e+00,3.534920858827934609e+00,3.222707118048688812e-01,2.211384284064880745e+00
1.594353152137876872e+00,2.323832312606504136e+00,6.893696208875729425e+00,2.383031295606335753e+00,4.703886893729526619e+00,2.392325293868503344e+00
1.948685043101386238e+00,3.047713844095693680e+00,5.225376011687210998e+00,2.721087630093094845e+00,2.757682478659723824e+00,4.093652303186302355e+00
2.689153926072457956e+00,2.381156313542295955e+00,5.282738394946205673e+00,1.303701648258848156e+00,4.544368252068627712e+00,5.047022443016248694e+00
7.866269094839957177e-01,4.189636735848881521e+00,4.597487906487481624e+00,4.112018452958704273e+00,2.245336151218989329e+00,5.438325253838524276e+00
2.280692270703688962e+00,2.764947044855214475e+00,4.208644085881973140e+00,3.865484101399228489e+00,5.222072303901191148e+00,4.904401522474372221e+00
4.968210526833266805e+00,1.327435467504996636e+00,3.371981704724107853e+00,4.747828405698642840e+00,3.424816713452253580e+00,3.112367483102420618e+00
4.865156911836526099e+00,2.599075214571880288e+00,1.591911350813898007e+00,2.213798611259100824e+00,1.691842325283276605e+00,2.603582461679189386e+00
2.319182051332027150e+00,2.321035059253582666e+00,4.472699788197317616e+00,4.201597009592804355e+00,5.129424461232821031e-01,3.543723977819678961e+00
0.000000000000000000e+00,0.000000000000000000e+00,0.000000000000000000e+00,0.000000000000000000e+00,0.000000000000000000e+00,0.000000000000000000e+00
1.333708859321994122e+00,3.549789788384676736e+00,3.591536057599432397e+00,3.663284561966689168e+00,1.692669237017510486e+00,3.351679105425875438e+00
1.901015604114505653e+00,2.598649235883595754e+00,7.484142405779421026e+00,2.077453478416892985e+00,1.703956378804219129e+00,2.606433970954285417e+00
1.872378537815111876e+00,2.579692394167102609e+00,6.814570059437272675e-01,3.472888275866070629e+00,3.519196173006882589e+00,4.087408666798774348e+00
2.121454813395045491e+00,1.271874225711080886e+00,4.577386714216705066e+00,2.968608410399204089e+00,3.874038111277382512e+00,4.503395201861112973e+00
3.017231222460000861e+00,2.281703592079041165e+00,3.566143362786708515e+00,6.849775316805958525e+00,2.575295638922727726e+00,4.665575273581914928e+00
2.301706049931690590e+00,4.116832891251680948e+00,4.044125854003849163e+00,5.748782866132657432e+00,2.400448485066159154e+00,4.381543025195935748e+00
0.000000000000000000e+00,0.000000000000000000e+00,0.000000000000000000e+00,0.000000000000000000e+00,0.000000000000000000e+00,0.000000000000000000e+00
2.978211407020132651e+00,2.038983206944255056e+00,6.136993666615706111e+00,2.464336215749897363e+00,5.425835849626578167e+00,4.893227000701138252e+00
2.889233558992921669e+00,4.185524079817769305e+00,3.926996141984149702e+00,3.358347165970357651e+00,3.763567633181533978e+00,6.331624321902520336e+00
2.534991822005893347e+00,1.139128605663497940e+00,2.645601616945174595e+00,4.273091270055886071e+00,3.659195638218842639e+00,3.206951214916089032e+00
3.318207433870980161e+00,5.715982916197037689e-01,5.286753628608580335e+00,6.144320958733210603e+00,2.952130527058945297e+00,3.706596306387157647e+00
8.518741248218160145e-01,2.848137889647198051e+00,2.253368756266289186e+00,5.271115724078695663e+00,3.624971268826796766e+00,4.454816416682823466e+00
1.497977295902983563e-01,2.771283636376333792e+00,4.719342260979617620e+00,1.965937933103577784e+00,2.358689082488206967e+00,3.311625323763311535e+00
1.621591744503644517e+00,1.102798084431841907e+00,6.967391869634197654e+00,4.858483595137079725e-01,2.358614755986975453e+00,3.642845218097080728e+00
2.464603063463330912e+00,4.843508005314234310e-02,3.848317732602023256e+00,4.038918119622518788e+00,1.030939156252039801e+00,5.885792067931323146e+00
0.000000000000000000e+00,0.000000000000000000e+00,0.000000000000000000e+00,0.000000000000000000e+00,0.000000000000000000e+00,0.000000000000000000e+00
2.622309100901109247e+00,2.913450856462016070e+00,4.754890222339142269e+00,4.057942481863326734e+00,1.165381244497987190e+00,4.507375327500232842e+00
0.000000000000000000e+00,0.000000000000000000e+00,0.000000000000000000e+00,0.000000000000000000e+00,0.000000000000000000e+00,0.000000000000000000e+00
2.807003555903366809e-01,2.345455519776304953e+00,8.396120602996784754e+00,3.364998457389047459e+00,3.152161367037231265e+00,3.567631504651709751e+00
0.000000000000000000e+00,0.000000000000000000e+00,0.000000000000000000e+00,0.000000000000000000e+00,0.000000000000000000e+00,0.000000000000000000e+00
4.941752164140913450e+00,1.727647808655548012e-01,6.290832696164025073e+00,1.034896053474421596e+00,2.263064313095281221e+00,3.937607594819116930e+00
0.000000000000000000e+00,0.000000000000000000e+00,0.000000000000000000e+00,0.000000000000000000e+00,0.000000000000000000e+00,0.000000000000000000e+00
4.412276568301539470e+00,8.967126901925386306e-01,2.431517487463375371e+00,6.127027057951486277e+00,2.827230682036451004e+00,4.511331179093216903e+00
3.959246814226091260e+00,2.299526054466223712e+00,3.117338656596012836e+00,5.656616557182577054e+00,6.009466334160492806e+00,2.890756639328669220e+00
3.654191823173341014e+00,4.979165128995523659e+00,4.897248745603095976e+00,5.060252692412888109e+00,5.214424390986904356e+00,3.750049652253248489e+00
3.405375772019931802e-01,5.547321796274928829e+00,4.636206983982536833e+00,3.805590357590371120e+00,6.227041264006322407e+00,5.186766686939030535e+00
8.441982359435495908e-01,4.418832422241111502e+00,5.047427701416591361e+00,2.873017221016529454e+00,7.385430760658945104e+00,4.261645530276913618e+00
2.159113940309525859e+00,2.008609839201179526e+00,2.900849972880415795e+00,4.752790717814385779e+00,6.762291834120205181e+00,6.116530388610814661e-01
0.000000000000000000e+00,0.000000000000000000e+00,0.000000000000000000e+00,0.000000000000000000e+00,0.000000000000000000e+00,0.000000000000000000e+00
2.348688514951645434e+00,1.695217915837659906e+00,3.690431976238291778e+00,2.754523520852171892e+00,1.978861853027330309e+00,4.011578642071794931e+00
8.485157085457881720e-01,2.914203512658020134e+00,6.874073699945616234e+00,2.943957505656290330e+00,2.845589287739119122e+00,2.955358021205152674e+00
2.914763703251161964e-01,4.752085913391036698e+00,5.266560996708732567e+00,2.265740575135483326e+00,4.553822335281600964e+00,2.515817043760425253e+00
4.040083792911831395e+00,3.873713981241400539e+00,5.429033263278050470e+00,3.506566727533602545e+00,4.233563095017679245e+00,2.754993305710825791e+00
3.305256810331566708e+00,2.957228350892154189e+00,3.798529038206530650e+00,3.836051549982627762e+00,3.003576919549849400e+00,2.265263641594585486e+00
2.197534328749957133e+00,5.076008284207699006e+00,3.909201541105213895e+00,5.538024709055862083e+00,5.604460786466101574e+00,5.022973082594699434e+00
1.476428208282909882e+00,1.478806505620243072e+00,2.896809725637358390e+00,3.810903024835043063e+00,7.621222039977361362e+00,5.788769384276545082e+00
1.632246217020967061e+00,2.499890340771006692e+00,5.422246465499757306e+00,5.473814575530470350e+00,4.916445489584536865e+00,6.820350095295855120e+00
1.221041384950319220e+00,2.919639253275870150e+00,5.300483743090087962e+00,3.918542144798013105e+00,5.061817435673644283e+00,6.660454614750266344e+00
2.856065308962596028e+00,4.275889049381150997e+00,4.213437247190902291e+00,4.275681080614240237e+00,3.540159738863048133e+00,6.015098105536237583e+00
2.822901725328320399e+00,3.030754421987666980e-01,6.679552846286849643e+00,6.093335935187893071e+00,4.109152750958685374e+00,5.276285885723858371e+00
3.883111719931762629e+00,3.132068163871875033e+00,2.902160079617717603e+00,4.275273765288041261e+00,3.265640278475118397e+00,2.768896632357189524e+00
4.031314315297973572e+00,2.321875028812152131e+00,5.234140348986160873e+00,1.736644349740958937e+00,2.256121779458534427e+00,3.654205994378965983e+00
4.022420552505405311e+00,2.464538476438306702e+00,4.265908611716465515e+00,5.516912120736776615e+00,3.341424155973300447e+00,5.614807773799246782e+00
3.961322561083698179e+00,2.495928948212222664e+00,4.824614342539596201e+00,4.513498670087002118e+00,2.918619012092753984e+00,5.901812339428273546e+00
3.659948841388898089e+00,7.335970097834176862e-01,6.301767325646737028e+00,5.162221571127288300e+00,1.998970132208006234e+00,5.303855842061464543e+00
0.000000000000000000e+00,0.000000000000000000e+00,0.000000000000000000e+00,0.000000000000000000e+00,0.000000000000000000e+00,0.000000000000000000e+00
5.271021871183092955e+00,3.430264830274331711e+00,3.507850290139034044e+00,4.965950716987967084e+00,1.831706527127654915e+00,5.537395035629399942e+00
2.884338332222338153e+00,4.027860186202230075e-01,4.579092548100082816e+00,4.227648884020211995e+00,8.980003939953871139e-01,5.081575198030138907e+00
3.485889117206331989e+00,3.011498606968169511e+00,5.417277616812063989e+00,4.134852586211298586e+00,1.824654280837526787e+00,4.047078973227756116e+00
4.286571954598918488e+00,2.747245790657848907e+00,7.687243792507316265e+00,6.507433181724849192e+00,3.486785360066734452e+00,4.293899742879431436e+00
1.893482287090606953e+00,3.824400901327078550e+00,6.063355526724654609e+00,5.895601950987678030e+00,2.384685695454469734e+00,2.036502804317558812e+00
7.136607512046078128e-01,2.550105345616448638e+00,3.858070352862491337e+00,1.433971529617801277e+00,3.000674297590771200e+00,3.895460955321107921e+00
5.336296797077604737e+00,2.739624921517675116e+00,5.244999781054995758e+00,3.613568830576240121e+00,3.247010340225354952e+00,2.588608512240915704e+00
2.886393329929774154e+00,1.426086487948319270e+00,5.386550719998644432e+00,3.580968614436461195e+00,2.075796455468630342e+00,4.833962560258718177e+00
1.107610621819340224e+00,1.889811652522194407e+00,5.603593978572251721e+00,2.600130115196758851e+00,8.486782754505561854e-01,5.687321728390501541e+00
0.000000000000000000e+00,0.000000000000000000e+00,0.000000000000000000e+00,0.000000000000000000e+00,0.000000000000000000e+00,0.000000000000000000e+00
1.107293542370190842e+00,2.067337376835302720e+00,7.467510314946665062e+00,4.913274748625490851e+00,2.783933903155633161e-01,4.509179150918592782e+00
8.251848657140752330e-01,5.321114290141823133e+00,4.194940416197608712e+00,3.282188963421171835e+00,1.011031942431158459e+00,3.700235903506595037e+00
6.809822713985989040e-01,1.976962494396388603e+00,6.313746374664537697e+00,5.414140455799130613e+00,2.170256984823693003e+00,4.443080638204414790e+00
3.075497572114947786e+00,2.996851986482634178e+00,5.310609884899299971e+00,2.114468272921402381e+00,3.094140847576321462e+00,4.147887142936966143e+00
2.876864453505141750e+00,2.554084372944849246e+00,3.550193335495671842e+00,4.131519141140773677e+00,2.944110737610647011e+00,4.060107326226350288e+00
2.940150206497301077e+00,9.555467669858335178e-01,3.909432477968418418e+00,3.926212134260663955e+00,3.686314993191630141e+00,5.404019720375306868e+00
2.567541893415507648e+00,4.726979108196700530e-01,3.774136395873650685e+00,6.018634690065681525e+00,2.699739647778317320e+00,3.220774479873737661e+00
2.149663689272284017e+00,5.454301486255320519e+00,4.501159379358629309e+00,4.892565020576455481e+00,1.903206053509201245e+00,2.814930200539863314e+00
0.000000000000000000e+00,0.000000000000000000e+00,0.000000000000000000e+00,0.000000000000000000e+00,0.000000000000000000e+00,0.000000000000000000e+00
3.429268188068106848e+00,2.879890241567677034e+00,3.800439202906789049e+00,2.698028187782802068e+00,1.173709035853041982e+00,1.132931279907052780e+00
