VR1,VR2,VR3,VR4,VR5,VR6
2.554273701768172700e+00,4.159945168927107417e+00,5.247053918521674909e+00,4.307320095914143110e+00,2.706230689628605912e+00,3.819606861902031802e+00
2.462286735187796172e+00,4.046663637815286485e+00,5.679070689394375648e+00,3.931632857590185548e+00,2.746787384945797772e+00,3.834995022893659566e+00
1.836102406152992472e+00,3.866785313388447776e+00,5.650294485027587577e+00,5.460148504036812511e+00,4.126900645539649304e+00,4.332175393327123203e+00
1.340066579395947421e+00,2.734378739149307069e+00,6.491988638250976607e+00,5.262383849304876904e+00,3.798915542934278022e+00,4.565591762937271092e+00
1.410213101824294935e+00,3.223000345142343459e+00,6.127585434473199477e+00,4.593172166769805997e+00,3.503015530764155283e+00,4.888164072544959105e+00
7.824868769981381256e-01,2.359624519102912821e+00,4.719832583529473879e+00,3.749720518627047916e+00,2.729959114311319102e+00,5.446000420301057687e+00
8.014588310228387691e-01,2.091421892140839844e+00,5.335870950833639270e+00,4.930532639868070888e+00,4.340798671377419815e+00,4.774096593678320843e+00
1.309918572568055106e+00,1.944779388370992956e+00,6.239701112891831158e+00,3.720514750972480744e+00,3.197477695271250031e+00,5.167282039820383588e+00
2.142366251048775094e+00,2.855780704796498259e+00,5.463568559965644056e+00,4.009053464224773045e+00,2.785669193454486159e+00,3.713540795348677204e+00
2.153947534955985788e+00,4.014998194262579645e+00,5.155856609699425164e+00,4.586582442977972462e+00,4.179960549546384740e+00,3.547271450001086901e+00
3.346881260776859435e+00,3.263195221957128744e+00,4.407971913312776380e+00,3.246093763934047693e+00,3.082207966515637221e+00,4.669296922900879387e+00
2.570997334695383163e+00,2.309045938965749833e+00,5.168197659166326119e+00,4.015855158800926361e+00,2.791003977633505606e+00,4.359145945900872121e+00
3.356226424243487383e+00,3.422023419580711323e+00,3.965181242918820459e+00,3.779735066376908925e+00,2.990591694804642486e+00,4.280519692416441480e+00
3.640267161833421472e+00,4.351574837847275390e+00,4.074814860937620686e+00,3.564276302193974288e+00,4.055815492928709354e+00,4.024757336111067119e+00
3.334966067364803166e+00,3.887191451725144020e+00,4.833580976249766792e+00,3.514719158368105667e+00,3.139601431464412951e+00,4.404599275390732593e+00
2.183385077234131444e+00,2.213385420813489546e+00,4.423148533116920689e+00,5.349361128365105245e+00,4.499096701278042509e+00,3.711322435883221971e+00
1.723866728556820327e+00,1.479486852231111538e+00,5.032796378727023345e+00,4.035974245479379441e+00,3.688341819048097658e+00,3.869708408290725377e+00
1.420879386258742993e+00,1.836133447787399398e+00,4.236208724046360174e+00,4.227896070169103737e+00,3.181370813189389857e+00,3.958362823411524456e+00
1.423063785670104497e+00,1.492088976558223479e+00,4.776993503889391590e+00,3.667800877302743068e+00,2.980464863014646415e+00,4.560615360179372857e+00
2.400072155458350398e+00,3.401231231743517380e+00,5.275136126446002827e+00,3.417859216913392562e+00,2.812081838453385441e+00,3.703644246790356753e+00
1.982906204772525438e+00,3.335184568107556480e+00,4.928794469314847326e+00,4.401185566161676554e+00,2.801369255095327304e+00,3.571910714476625337e+00
2.549278041900079561e+00,2.019907404682246721e+00,4.973145268298567068e+00,4.060911281601985223e+00,3.086791476997772232e+00,4.566326348669691448e+00
3.411795903029140486e+00,2.153496394687736348e+00,4.321197180905940627e+00,3.420744806028885865e+00,2.636616222938526377e+00,4.703107673995418736e+00
3.648147497676389683e+00,3.132578625623100965e+00,4.834869622076680251e+00,2.571529324670423389e+00,2.033359229561382264e+00,4.415628153328114536e+00
3.294110525599518446e+00,4.248350389067990562e+00,5.508120712369119154e+00,3.473300315910276215e+00,2.969414835392523155e+00,5.707082241215840845e+00
2.923497472673727504e+00,5.082994029694981819e+00,5.430525390848763401e+00,3.905211325997675953e+00,2.778302479121328883e+00,3.845462593492217973e+00
3.431735318339057095e+00,4.490591295743713296e+00,5.264198306549671358e+00,3.610019793690835144e+00,4.375960366831823656e+00,4.175263275487789194e+00
1.818339633176661696e+00,4.682212995950856715e+00,5.340020206286900439e+00,3.924530605425027296e+00,4.112046466551422697e+00,4.307854383216228378e+00
1.683035614850201700e+00,3.902918748225173928e+00,5.424676804080294623e+00,3.535982769210189502e+00,4.672483965612364898e+00,3.614305487900192571e+00
2.330575458654059684e+00,2.733985385999113227e+00,4.406186400649991342e+00,2.242444605347913900e+00,2.094269523261798049e+00,4.502140646126408186e+00
3.312412596830354161e+00,4.166613079338866044e+00,6.085648389719665374e+00,3.425385149314231548e+00,2.077562859374047832e+00,5.067486313566377021e+00
4.225366999868091611e+00,4.060563887577039566e+00,6.371482844698943104e+00,3.516887715907575540e+00,4.149332478143785252e+00,5.568516064922764741e+00
3.689559417993104162e+00,3.892512137339710243e+00,4.914674910148488785e+00,4.300279023174513604e+00,4.984809625315004489e+00,3.967761310108652850e+00
2.102912549562977240e+00,3.044358665079680115e+00,5.381789664005715679e+00,4.714191979505478081e+00,4.160109698887507257e+00,3.931610725334467649e+00
3.068532643128942361e+00,3.890623007740100725e+00,5.642765032522025770e+00,3.425509055533556335e+00,2.843210762803038971e+00,4.544434717181053962e+00
2.673982848466684104e+00,4.916322099071580354e+00,4.063325951920297996e+00,3.214399943221500688e+00,3.455503809686735650e+00,5.115537001949991947e+00
1.698789436070458292e+00,3.315454167372332783e+00,5.617252849366745515e+00,4.259531054387258209e+00,4.365177855185225830e+00,4.090822607355833362e+00
1.560680473568982984e+00,3.322618486996462117e+00,5.408418047017654828e+00,4.575910351451398128e+00,3.856960907714187758e+00,4.468111258141072462e+00
3.109373605888073655e+00,3.889469388399531269e+00,4.799966024105779994e+00,2.996317855027094801e+00,3.263156618805209241e+00,5.252525631515432281e+00
3.431187554042427479e+00,4.025135793273372009e+00,4.803371429009508198e+00,3.589914797841070815e+00,3.454230385528581859e+00,3.884892017311523116e+00
3.324084273457724947e+00,3.049609270619337842e+00,3.961710042123096187e+00,4.882567566656355496e+00,4.134931911324292386e+00,4.555444744943075719e+00
2.939217223797836454e+00,1.925621026724855467e+00,4.249617869055533070e+00,3.251102051632085654e+00,3.252070424673243476e+00,5.150185084221142517e+00
3.571019826952714027e+00,2.943855918769050728e+00,4.958177746714593326e+00,4.194220542034710952e+00,2.404259458443357644e+00,3.793428870690361165e+00
2.864538873427206589e+00,3.781710457576681783e+00,5.079259432677526220e+00,3.003663126300617492e+00,4.552264697159798423e+00,3.164243652766006498e+00
3.327561822432933525e+00,4.189919871795917850e+00,4.926947118849855478e+00,4.479456493722195454e+00,3.644395145702310490e+00,4.569853351471875769e+00
3.075084628389980423e+00,3.222170922403218896e+00,5.048092929875894086e+00,3.791305444828513949e+00,3.732182957185622207e+00,3.997618717451992598e+00
2.703176782182005855e+00,2.696884465047105106e+00,4.792709483906258505e+00,3.368710867575050116e+00,2.144621237020944982e+00,4.366448257548958267e+00
3.190756305809834714e+00,3.548713248435804601e+00,4.126842011040914748e+00,3.982599485677265516e+00,2.725511867037724745e+00,4.738647444692789534e+00
2.167530859069508153e+00,2.742853231699863503e+00,5.149765930389411217e+00,3.907795071758520589e+00,3.068089397275295394e+00,3.741800598148270041e+00
2.013417432584971412e+00,2.413067024819425921e+00,4.917070710559125146e+00,2.970779130165388970e+00,3.010124898192673371e+00,3.896626681376637702e+00
3.161899213630685601e+00,2.731464704927070830e+00,5.351546861911631758e+00,3.674597404745589824e+00,3.402298547129013251e+00,3.891690030647526832e+00
2.864493455498149377e+00,3.618040193334701726e+00,5.717754841026862600e+00,4.309205644856920259e+00,3.568311377539319373e+00,3.537098418334777339e+00
3.065298261348160302e+00,3.331134066645791592e+00,5.583852799855693938e+00,4.614948276762882884e+00,3.552142119961651634e+00,4.065438568973380740e+00
3.389103067668571612e+00,3.503905065532940899e+00,4.535421937136123738e+00,3.816650391775433082e+00,3.159092102177926797e+00,4.049844661570524806e+00
3.391981285767135645e+00,2.776573345850946506e+00,5.614533809501002004e+00,3.301215622737518007e+00,3.255755300783837125e+00,4.056629079668764959e+00
2.764656603061671269e+00,4.366186437622584293e+00,3.672250082110808833e+00,4.169212597103681084e+00,2.626387883964471204e+00,4.599122118189823638e+00
1.987587244896975136e+00,3.149857458447970160e+00,4.574550708927355380e+00,4.451861859175313185e+00,3.499585098407245187e+00,4.170198272615033730e+00
1.331088027424699227e+00,2.844431994571281930e+00,3.666068205295458515e+00,4.579483801252578701e+00,3.689177267969460328e+00,3.883476879552524519e+00
1.901065947268957057e+00,3.084681976370307943e+00,5.104511854912516355e+00,4.848084272843458109e+00,3.895682004066223669e+00,3.253228299187171935e+00
1.899725177299060208e+00,1.854970772940790269e+00,5.342703444489968589e+00,5.266751809563854358e+00,3.673810434356353127e+00,4.013152715777476232e+00
1.740450253974195283e+00,1.834647305516285964e+00,4.280699829027626357e+00,4.303950639489223740e+00,2.545332745315354472e+00,3.384987546366962086e+00
1.209328904953212103e+00,1.809008155680102314e+00,4.301748248364868132e+00,4.546930968539771634e+00,4.089889722675565054e+00,4.178973254541711313e+00
1.654877191849389195e+00,2.165646019902171204e+00,4.768256772588878256e+00,3.492588392068088687e+00,3.178739835800029390e+00,4.236434823569724450e+00
1.781958295091494282e+00,1.620500934168103147e+00,6.169342387192394028e+00,5.078453552571828844e+00,2.983528099515514231e+00,3.684367686113163565e+00
2.243776559220513889e+00,3.606458808346590494e+00,5.029865224883925734e+00,4.668861738469896494e+00,2.933862154645296538e+00,3.902575035303036621e+00
1.927183017758120176e+00,2.620821083970391818e+00,5.518328917022560454e+00,4.397643836634516745e+00,2.941621098399637368e+00,3.172813525240044008e+00
1.286347525468450659e+00,2.900239032329140265e+00,5.285310544850421621e+00,3.212829768187256629e+00,3.154891760504783704e+00,3.659239599585286218e+00
1.788298996303691268e+00,2.164600602222362724e+00,5.903369268481045040e+00,3.403323484796489051e+00,2.650755108209202238e+00,4.985258951190117749e+00
2.275293373161561217e+00,2.596545960484743176e+00,5.188208477442437960e+00,3.644415463160262547e+00,1.065232405243439651e+00,3.934412162538526658e+00
2.613087043089685757e+00,2.753213935679317270e+00,4.389455010793342993e+00,3.902167168757939564e+00,2.800533119322407671e+00,4.473320427802415900e+00
3.223887050131493570e+00,2.931902691200504396e+00,4.731116395704418665e+00,4.574096358469447843e+00,3.759426341211633993e+00,4.419707799430800499e+00
1.294446077907925874e+00,2.399843466364186106e+00,6.726252138733578079e+00,5.146640593312575618e+00,3.434096632120534398e+00,4.247071252401799057e+00
1.684716672757271771e+00,2.843012411145301233e+00,7.233800285444858424e+00,4.584172151882135893e+00,3.857403588692865704e+00,2.969767977788857927e+00
2.026174463571659423e+00,2.664251072827621858e+00,5.882544128213262447e+00,4.129297849127144815e+00,3.456823816837395924e+00,4.650834495423521453e+00
1.215252624406489179e+00,2.341497723281356080e+00,5.561012766462426704e+00,3.959341310287579851e+00,3.736264233652732969e+00,3.491962162370508160e+00
