VR1,VR2,VR3,VR4,VR5,VR6
2.312293557011035894e+00,3.439920597502904798e+00,4.615716745982240354e+00,3.377842770359083424e+00,3.394423286291514685e+00,4.453313555100664622e+00
2.796375075306590130e+00,2.013004795133973790e+00,5.323468956825339937e+00,3.807314773382922901e+00,3.614320204693039607e+00,4.323577640541159006e+00
2.503467315551044514e+00,3.244005560138934374e+00,5.811181232319505341e+00,4.234813844902950208e+00,3.752428610367249284e+00,4.668601481636347472e+00
2.393628057541873133e+00,3.394319989218995470e+00,5.510136041309717569e+00,3.669883050058992513e+00,2.835110069626996854e+00,5.540623840870088301e+00
1.843309248468734562e+00,1.402645188633323325e+00,4.424847019603062037e+00,4.707009778671332967e+00,3.274796365219541983e+00,3.729348087855232752e+00
3.288066071394811551e+00,3.868678175976538736e+00,4.349618429452502433e+00,3.746327223590344868e+00,3.318521491590897377e+00,4.786985172644721231e+00
4.164838931238727948e-01,2.032730028774925035e+00,3.676288193308310248e+00,3.205684341245090607e+00,3.844313500152951590e+00,2.454759605039319226e+00
1.620602584775125310e+00,4.153952506877413242e+00,5.060725312359744876e+00,4.475874280642492486e+00,3.114053546514519599e+00,4.364621799543419556e+00
1.975446386911759111e+00,3.528711789492957163e+00,4.875122969000276640e+00,4.176693853635780940e+00,3.945545894570433809e+00,3.758295177541005838e+00
2.938174377352700706e+00,3.205161588236133063e+00,6.141960325982453561e+00,3.563993362973971291e+00,3.447744494924860348e+00,4.548282945918820985e+00
3.541603297595252275e+00,2.590182590108377259e+00,5.496967708187913360e+00,3.255072035712043732e+00,2.918319778194289782e+00,4.481397133181577175e+00
1.824018515081499370e+00,2.190257733024632891e+00,4.886822505271472217e+00,3.508717803262958679e+00,3.694123136103467875e+00,4.181355582317607400e+00
2.177259309339012461e+00,2.464746614866953678e+00,6.228762784398156782e+00,4.002269102418011038e+00,3.368615952308315453e+00,4.569207579419170884e+00
6.784493706351795161e-01,3.223351098869783993e+00,4.969375419709045616e+00,3.555034656118931213e+00,4.302839966244301984e+00,5.176506406936870697e+00
3.240929855883136312e+00,1.012909358091090173e+00,4.838194246388773045e+00,4.032376265613913269e+00,4.045709988509852195e+00,3.750553860973568465e+00
2.639918080396239208e+00,3.287007633785025362e+00,4.528100898115224204e+00,3.892072591599124554e+00,3.359334898316311158e+00,4.052649156079098702e+00
2.391699788534050075e+00,4.376620631231567415e+00,4.349714556221384143e+00,3.829747994590750881e+00,2.272378987585198296e+00,3.991081291961326993e+00
2.190578302386982035e+00,1.695706102426494999e+00,4.067701814971803387e+00,4.436523496141457024e+00,2.200119807581959464e+00,3.303722472770416640e+00
1.934906428304367099e+00,3.974138685792162562e+00,4.633626401846217213e+00,4.640603480491083843e+00,2.826607397655298559e+00,4.175031911181550370e+00
2.758840995433708532e+00,3.889930247095728433e+00,4.647366773386909067e+00,4.608624272680650336e+00,2.166176002329248007e+00,4.244563561181138311e+00
2.304245354316099004e+00,3.843317553754185489e+00,5.338879433855413303e+00,4.291473420138654404e+00,2.546597609840083098e+00,3.621622264160662574e+00
2.268387151709089444e+00,3.054168057614973897e+00,4.159636425803372894e+00,4.632572241074279340e+00,2.858498891398698394e+00,3.996482525973707567e+00
2.960688377032505425e+00,2.645406659451460474e+00,5.335130031982535215e+00,6.118104981875167603e+00,3.242748749410873099e+00,4.872126740290700475e+00
2.951773585633070240e+00,4.077423722062995637e+00,4.952366716814125880e+00,5.290042005175122242e+00,3.605146379004670720e+00,4.251364358507625063e+00
2.437337943890042880e+00,2.889058427603371726e+00,4.782787958900305725e+00,4.549627614703018352e+00,3.897042157227658343e+00,4.430475784004132223e+00
1.840180945483070207e+00,3.250917393229332486e+00,4.875144388102121695e+00,4.170743816812429117e+00,3.617540802165123637e+00,3.982239493056438207e+00
3.326277414869698745e+00,3.459933979632584311e+00,5.435340409523262473e+00,4.755091668807946093e+00,1.760989550480534183e+00,4.375071612140965627e+00
1.333460687913221587e+00,2.309313462666480188e+00,6.056183608921306138e+00,3.898276229138724513e+00,3.524852686972903992e+00,4.380335521506543373e+00
2.200101479050568631e+00,2.134232984987065151e+00,5.269490818580178093e+00,4.202887888733323862e+00,3.745703176340381191e+00,5.555153895342914261e+00
1.998433825317833090e+00,2.668245072299824994e+00,3.388068850352648376e+00,3.883378853605989889e+00,3.166975806841513474e+00,4.483544269181769515e+00
2.712197687661583423e+00,3.620355034742765099e+00,4.905055359911743906e+00,4.169162944076471256e+00,2.391327820521009784e+00,4.283242982686395806e+00
3.955233069787227329e+00,2.742306333967523546e+00,5.144447655506310113e+00,4.187933270771588390e+00,2.091083190576705775e+00,3.067693087228508197e+00
2.934799865750155501e+00,3.756208592432474624e+00,4.361558192292845249e+00,3.696691087490303396e+00,2.495067306571366661e+00,4.845289128043106963e+00
1.650941831992491116e+00,2.293401125790476502e+00,3.573995195938433067e+00,4.007663060304281544e+00,2.468050075935528387e+00,4.741672680615142355e+00
1.264765499198371446e+00,2.575328667854039466e+00,5.005560390733045040e+00,3.523456126306317326e+00,3.462907682256090247e+00,5.141602130139720117e+00
2.443885390231434585e+00,1.759116980153444976e+00,5.145351072066420173e+00,3.541486117696943214e+00,3.385308832968322079e+00,4.708930574485494347e+00
2.353175121987161500e+00,2.409772070317271808e+00,3.782881551973147349e+00,4.029764701668097082e+00,2.516445060723055072e+00,5.745531079456503321e+00
2.370219312743019113e+00,4.290673908151498850e-01,4.118166297034650647e+00,3.391185492137380741e+00,2.828447211867495703e+00,4.395274052318000280e+00
1.617133992890911642e+00,3.799722184527722035e+00,4.160474314388545203e+00,4.277665816727694192e+00,3.444321513267254442e+00,5.609651486232761108e+00
2.321220605728827824e+00,2.672907959724706739e+00,5.767418579219142138e+00,3.481529118736112594e+00,2.973303568406980180e+00,4.118821616509208638e+00
2.612026894263312915e+00,2.625570916172868419e+00,5.653835411714153381e+00,4.327913149721512198e+00,2.760687694248957325e+00,4.348617671284698005e+00
1.962349937519822562e+00,2.449578716252626354e+00,4.513973018933935322e+00,2.548906071169443344e+00,3.308734546911265895e+00,5.139725048350221925e+00
2.644837671274690827e+00,1.887166159890975914e+00,5.558804946469360075e+00,4.141437840369812662e+00,3.161143827499858894e+00,3.715440680796797679e+00
2.831559513719456689e+00,3.758041924266233291e+00,4.261546437820699751e+00,4.778337366902320582e+00,2.508765629838542566e+00,4.424331429360994328e+00
3.424164565021976969e+00,4.692917417859153062e+00,4.400975312514106896e+00,3.673696901116755953e+00,2.186355059540630030e+00,3.086000366621895807e+00
2.718941153576057701e+00,3.839061921761172336e+00,4.772804144311549202e+00,3.269696081005505128e+00,2.708315658607763687e+00,4.107116560172737962e+00
2.595860055781876063e+00,2.781437298784388723e+00,5.721676771438114706e+00,4.316462293300731723e+00,2.679360727864436242e+00,3.631249438573811439e+00
3.118572746531015571e+00,3.162100402619878459e+00,4.235035353261637603e+00,4.106456985343431398e+00,2.304624290288746380e+00,4.773733267070077169e+00
3.652233961870840595e+00,1.978855985099672532e+00,3.838257381344838848e+00,2.609130884257526706e+00,1.950655120712308843e+00,3.874138171786119855e+00
3.253699160820680447e+00,2.713759545505490589e+00,6.086911638006659686e+00,3.517556374826767751e+00,2.949004649393544231e+00,4.317821792880295995e+00
9.809545823803227371e-01,2.266912363717271006e+00,4.916025019626274251e+00,2.801059110200658786e+00,4.584142788913180055e+00,4.424181540327886353e+00
1.541780419306329364e+00,2.290449678586907289e+00,5.149031987248322118e+00,3.595945466979427074e+00,4.670414733136889929e+00,4.995214820708788750e+00
3.065348744197500697e+00,2.156120593367086613e+00,6.796689067745289137e+00,4.586494528876675858e+00,5.361340482665392315e+00,3.503915731362453823e+00
2.954000701926191574e+00,4.031579086879562901e+00,5.315928667854530332e+00,3.941678921244892830e+00,2.442575780195894719e+00,4.281754300010798708e+00
2.788631102707000320e+00,2.183997360166439083e+00,4.304631108270189799e+00,4.002658191609262950e+00,2.354969549628448622e+00,2.809929714856450822e+00
3.043721160168625595e+00,4.146163078454031314e+00,3.304275366674883863e+00,2.693466529376162377e+00,2.162177626513255291e+00,4.515247481267468110e+00
2.039291987716129295e+00,3.052617167926544361e+00,3.515854038799337999e+00,3.491767379826930640e+00,2.187577262956980739e+00,4.719388958579768811e+00
2.357080714432463253e+00,4.359148425810019489e+00,4.058212508174546151e+00,2.986077493665830307e+00,2.692573454210707595e+00,3.390302890072350195e+00
3.086366044387639285e+00,3.759851055219119775e+00,4.226114793533588987e+00,3.223166226199315254e+00,2.412687458198024881e+00,3.220121643021603752e+00
2.951654375273520703e+00,3.002715921190552528e+00,5.225846079741901740e+00,4.181910869483095539e+00,2.931214856074207731e+00,3.650265766574668724e+00
2.233084479445500037e+00,3.259772440816956607e+00,4.001743467955977351e+00,4.071948678652576703e+00,2.673357370295877278e+00,3.345117862068893277e+00
3.403603727538705215e+00,3.477470464869903299e+00,4.583636381553684913e+00,4.362859043320129970e+00,2.795178211711923488e+00,5.176236690100637361e+00
2.219833792150452290e+00,3.267317425682155108e+00,4.705228577235131660e+00,3.384867592922690793e+00,2.463196737881609977e+00,5.052442232537299738e+00
2.594381301183031674e+00,1.725129055284137181e+00,5.017479123597921031e+00,4.225508451026786183e+00,2.759313218363842246e+00,3.955431126110409146e+00
2.640370131276261301e+00,3.482537464293201879e+00,4.660916159109598667e+00,4.201421772383529429e+00,1.969821098130535519e+00,4.802582818426460953e+00
3.280202932164876017e+00,3.014097513884969270e+00,4.487056626477092358e+00,4.352131437962981408e+00,1.638433034240843966e+00,4.300044035059806369e+00
3.439304232860240340e+00,2.581885720794490968e+00,4.725536471722141307e+00,3.892903693183513703e+00,1.945003195857017753e+00,3.671451925843465247e+00
2.096422177764142081e+00,3.215058668467564384e+00,3.930217275202693372e+00,3.513598294355518625e+00,2.197456499495342275e+00,4.585139545597034960e+00
2.794452038419168449e+00,2.146801502151961305e+00,5.006105372342277704e+00,3.069797412962514294e+00,3.212203909961622639e+00,3.878599678257467431e+00
1.004638814916662959e+00,3.391997462319111811e+00,4.671610953289390800e+00,3.082154365671366580e+00,3.079624533146523735e+00,4.641903212859952887e+00
2.932668869227510022e+00,2.367315106956524140e+00,4.770942794278327348e+00,2.741723953600661012e+00,3.611384578442756954e+00,3.998878713178808830e+00
1.953733152348003710e+00,2.747904085848746458e+00,3.879102524650788641e+00,3.577287850096970256e+00,3.347097566362891019e+00,5.033543631076496716e+00
1.846098148142299555e+00,2.067209975077852757e+00,4.187084887003841516e+00,2.688329274873618946e+00,4.057182564825900783e+00,3.461793356902000962e+00
1.834607739041954844e+00,3.605359359327890978e+00,4.889394865468179141e+00,3.260599399925523389e+00,3.766792266044042492e+00,4.426610363661922953e+00
2.474760020408142136e+00,2.505359602188752532e+00,5.936339796269709979e+00,3.948824857870756766e+00,3.614591628921586697e+00,2.713628149103023190e+00
