VR1,VR2,VR3,VR4,VR5,VR6
2.403096099775804628e+00,3.006354671712727633e+00,5.023893107271481639e+00,4.045578841826096728e+00,3.204340160221853750e+00,4.226946498814991848e+00
2.390925267876576221e+00,2.999223398373815019e+00,5.013326562607421266e+00,4.054203681233802037e+00,3.204201521926958840e+00,4.219613278700645509e+00
2.410046286683774852e+00,3.015702264752595507e+00,4.976258083328088055e+00,4.032613429318300469e+00,3.190336472004687618e+00,4.211743470578584336e+00
2.397855247088513053e+00,3.019774339377279126e+00,4.998547735635951561e+00,4.057176247359829624e+00,3.195090646414622260e+00,4.206367745640141820e+00
2.415568812057848902e+00,3.023153615516713799e+00,5.015781502473391384e+00,4.055121578826642370e+00,3.204066560291970234e+00,4.209819435866118731e+00
2.376110234870187465e+00,2.993810613705365942e+00,4.979139739110249430e+00,4.022036559118999932e+00,3.216897818737272097e+00,4.208053252761974505e+00
2.408295795221213620e+00,3.016168275959361988e+00,5.018916670030018956e+00,4.043460438113616107e+00,3.193026620233928803e+00,4.210931033777431942e+00
2.432459467291091748e+00,3.030509187142873984e+00,5.014812619033905960e+00,4.060218443645538855e+00,3.197500045577735595e+00,4.198526266535704821e+00
2.434747527354723218e+00,3.003623551305865558e+00,5.010713267001019489e+00,4.071268767014515788e+00,3.219496356946752069e+00,4.207556047833859836e+00
2.429846615861606107e+00,3.011573145730765511e+00,4.990408431897595420e+00,4.065445572085633508e+00,3.213262661852054336e+00,4.229759380567212901e+00
2.433147643752755940e+00,2.991932481488448925e+00,4.995790765949354117e+00,4.064451778669288196e+00,3.198058946122657620e+00,4.200716079746195319e+00
2.427560366301874328e+00,3.010473063123217496e+00,4.981778075116839233e+00,4.045123595827985419e+00,3.214067417443808861e+00,4.203394940085894760e+00
2.441364175660218905e+00,3.017755062470270033e+00,5.020897111647845357e+00,4.059216891773777647e+00,3.208030406470407492e+00,4.209415106443834986e+00
2.456236319382340660e+00,3.032535963073445195e+00,5.019129329452948873e+00,4.092522312958044139e+00,3.208453199400533418e+00,4.211990333620906135e+00
2.448096386755716836e+00,3.033142628845686861e+00,5.030422875669601446e+00,4.081001302378564510e+00,3.221496943159555926e+00,4.227792410116463451e+00
2.430856948534401596e+00,2.981137820598679600e+00,4.994121494873075662e+00,4.061035808085373233e+00,3.224787768041406988e+00,4.217197353079808586e+00
2.456907380027380405e+00,3.022395035496776128e+00,4.997068137000409749e+00,4.067361135428270380e+00,3.229350437495100756e+00,4.229326931493261554e+00
2.458485667978661748e+00,3.037694846678208549e+00,5.042967412521587534e+00,4.102797184694942700e+00,3.222971785335860151e+00,4.228135167078170831e+00
2.426314659339081192e+00,2.988976455176105773e+00,5.016932784581818794e+00,4.060033511643188930e+00,3.207043190886540440e+00,4.228336984559982525e+00
2.443689590245536447e+00,3.011802504289007310e+00,4.999319974049375226e+00,4.072456568335756089e+00,3.196920242674567536e+00,4.238309933270911323e+00
2.448327407667320710e+00,3.025398042434224166e+00,4.991143149064340534e+00,4.086625085055438866e+00,3.194757794262551798e+00,4.235402890372222728e+00
2.465604511141792354e+00,3.008719509759310906e+00,4.986260088700840143e+00,4.067887834727380358e+00,3.193250729568928303e+00,4.202838500937811084e+00
2.467869976087697648e+00,3.018681462155294870e+00,5.015232742067998295e+00,4.064261165572528256e+00,3.204708884948252123e+00,4.204569068856311098e+00
2.459104998786749707e+00,2.999657656184568477e+00,4.984689370035539469e+00,4.058428002162222548e+00,3.220463019480888978e+00,4.194940312396525428e+00
2.446744275391100398e+00,3.016764057242383501e+00,4.991761306063051684e+00,4.044906213886729773e+00,3.202445332164800096e+00,4.216339766977671211e+00
2.462485566960250338e+00,3.019795652344474224e+00,4.997462944770696858e+00,4.100167469835156453e+00,3.199761774356893795e+00,4.211896035546887518e+00
2.462309489168447829e+00,3.008027196857317342e+00,5.005201001259850457e+00,4.065120058711461759e+00,3.187775321097108261e+00,4.207539553609403349e+00
2.451930475940068188e+00,3.023796300178256846e+00,5.000688489511468049e+00,4.075257014792729393e+00,3.180278275568664714e+00,4.233744879130116878e+00
2.455515038192247257e+00,3.026262932570768616e+00,5.011131940215808989e+00,4.067255489079017572e+00,3.201591979620480366e+00,4.229091311420813071e+00
2.468457776166830708e+00,3.038100663561077663e+00,5.003277008147770211e+00,4.088920174189525802e+00,3.205316905835296826e+00,4.228742802111593591e+00
2.449368121362569095e+00,3.001290609803993537e+00,4.999212768251909189e+00,4.067347452469802782e+00,3.213619034938015595e+00,4.211600005247292167e+00
2.450077831888175073e+00,3.022173797139981133e+00,4.997130485187998516e+00,4.066465016652375475e+00,3.183390490040332921e+00,4.222993718384372208e+00
2.448125105148059255e+00,3.028822370315324974e+00,5.017858330995492722e+00,4.077094245095912228e+00,3.206079243099380083e+00,4.239324330120390449e+00
2.457353264685107508e+00,3.026067738398636742e+00,5.027521525801951441e+00,4.078515223157355152e+00,3.205217422756797774e+00,4.236034969502166625e+00
2.452208926907260000e+00,3.030415750097189775e+00,5.017524549719780680e+00,4.066370604009365231e+00,3.211703656006680951e+00,4.222127954912785697e+00
2.446587183150011668e+00,3.030365808771221303e+00,4.996753317441006814e+00,4.074167153823930576e+00,3.222533102760544832e+00,4.235299536450654934e+00
2.412783782054785497e+00,3.012249226741434249e+00,4.959417936377692904e+00,4.063843296492763990e+00,3.219411852762101844e+00,4.229700988708639642e+00
2.422167758002180094e+00,3.020564167850059434e+00,5.014817168763626043e+00,4.053485410198794270e+00,3.210185716649416765e+00,4.217423749146487211e+00
2.436450334431814913e+00,3.027585576130622513e+00,5.021843054355556113e+00,4.055396517931907141e+00,3.200769488152903630e+00,4.200235686033085614e+00
2.461765435107142963e+00,3.016616442596932846e+00,5.009514719862849574e+00,4.066608221544221635e+00,3.198339107896240652e+00,4.219153858676993885e+00
2.460061128963693555e+00,3.057699244152643825e+00,4.981665394949488679e+00,4.097777160811605590e+00,3.210564538838236448e+00,4.228231494782852984e+00
2.443001921477346627e+00,3.021298750176088621e+00,5.044606251598032998e+00,4.080463794035309455e+00,3.198812444484049777e+00,4.216966879024066195e+00
2.447731251945597375e+00,3.004695231023409630e+00,4.989820322117079598e+00,4.060248865897259307e+00,3.190512710488605297e+00,4.226168523807915633e+00
2.432205507019823187e+00,3.025243406979801541e+00,5.001256878459360067e+00,4.073128057671513425e+00,3.193877006224859372e+00,4.220835261851706655e+00
2.428943250024547140e+00,3.018437319355530057e+00,5.019950231621232106e+00,4.047064595903316686e+00,3.181266637764850191e+00,4.221356109194148054e+00
2.413005010040722986e+00,3.006381033115206769e+00,4.973524571675863371e+00,4.046301788978063030e+00,3.208607617487114982e+00,4.207710054265366040e+00
2.439992333037843242e+00,3.022548356486301824e+00,4.971155052802913588e+00,4.041477487648580613e+00,3.227771064500365661e+00,4.203290652357479118e+00
2.453201397450742505e+00,3.043691274148715653e+00,4.984802517421717205e+00,4.079488605637629384e+00,3.216136792487280793e+00,4.208177019905003924e+00
2.454438021758374333e+00,3.035965278380583499e+00,5.027945763310046168e+00,4.090564012529596560e+00,3.196481571539820266e+00,4.220926738299090708e+00
2.463260091919318828e+00,3.023687016491483082e+00,4.987115498257611357e+00,4.088315458780684253e+00,3.218823073137741186e+00,4.231170471234660724e+00
2.460999013962143156e+00,3.041589620553470930e+00,5.016232548076246189e+00,4.122507697374529378e+00,3.202101711271097884e+00,4.222265949120695083e+00
2.467434472764797437e+00,3.006053942749922214e+00,5.010703910227982227e+00,4.076678814283481778e+00,3.198811627412246672e+00,4.215943122413730038e+00
2.450126087913957473e+00,3.025142858200379425e+00,5.003086716086292185e+00,4.085573266343850207e+00,3.211743229276569522e+00,4.217732133126286698e+00
2.466103269060023084e+00,3.030571174730888107e+00,5.007779794437309029e+00,4.096130739456712355e+00,3.224496383736783489e+00,4.239907914663868738e+00
2.454158512532181202e+00,3.031724759430896476e+00,5.009833792904673011e+00,4.074817710888423150e+00,3.191228344222604374e+00,4.228992715398789848e+00
2.444803526333632959e+00,3.024210964706041782e+00,5.000885692396444426e+00,4.091896140356281464e+00,3.219205014963512745e+00,4.244180431777537343e+00
2.426129285339173158e+00,3.024691401384639100e+00,5.023062481339968244e+00,4.092839787757907466e+00,3.211188992154801358e+00,4.247675217353406474e+00
2.426023049008195098e+00,3.034675309596665205e+00,5.044839514570672812e+00,4.063622179179772864e+00,3.205139806286196880e+00,4.256715205532584534e+00
2.400785927506527528e+00,2.971318439099751796e+00,5.005915583956952908e+00,4.028048324907791411e+00,3.222776274980656108e+00,4.230347338710975791e+00
2.399933542679896004e+00,3.018781561582265294e+00,4.972822143227527469e+00,4.049981146946323385e+00,3.228291196665832530e+00,4.244746769415909782e+00
2.396913525261031630e+00,3.022947964496925710e+00,5.021958620653783179e+00,4.069373631894163346e+00,3.229316907847105345e+00,4.248717701336437003e+00
2.361293470376669035e+00,2.998242813787148187e+00,5.021955288855653343e+00,4.017117708646719798e+00,3.228099886996079526e+00,4.232243952070625426e+00
2.360844105747967436e+00,3.007540800004986803e+00,5.010299666730514190e+00,4.035997889739609157e+00,3.221344370044935346e+00,4.221562453785666413e+00
2.392432516817628585e+00,3.016793786167475844e+00,5.009470344067080028e+00,4.041349913452359388e+00,3.227411589817475335e+00,4.219734668654990806e+00
2.411965256919527345e+00,3.012967488791928883e+00,5.000429688083479540e+00,4.046630066502329370e+00,3.198767895827270280e+00,4.213819815043578387e+00
2.417326325803804021e+00,3.046135460318433630e+00,5.011670180699641541e+00,4.071366240536860026e+00,3.211408971639780674e+00,4.211870776188254339e+00
2.413810971828080465e+00,3.018344978393877831e+00,5.049448703005878336e+00,4.074669548911699302e+00,3.218920939289921179e+00,4.228083893815742123e+00
2.418279446077939987e+00,3.002020246013967331e+00,5.013717438357321754e+00,4.045813812486339422e+00,3.202428651288641070e+00,4.228979294790223165e+00
2.410851573495094602e+00,3.018065749141404908e+00,4.991731394140824563e+00,4.050680080283383333e+00,3.188304000730612930e+00,4.221226226415942584e+00
2.407685891349550911e+00,3.030974154896249217e+00,4.961174920885264683e+00,4.047423976737235307e+00,3.188157584203222594e+00,4.213668685221056087e+00
2.406170537007489951e+00,3.043169352894235846e+00,5.008306544834261409e+00,4.060002969206898626e+00,3.177150957851260671e+00,4.225771386778812477e+00
2.418651915829386656e+00,3.026625726194553501e+00,4.988821646108045904e+00,4.075296511052372672e+00,3.197041016647184541e+00,4.219056466681077033e+00
2.420846370398282321e+00,3.018097754303636027e+00,5.007997442830801837e+00,4.067154162398190387e+00,3.199115224400764568e+00,4.223820480497909813e+00
2.419945643287571002e+00,3.020373491141373545e+00,4.995558811923136666e+00,4.061474017935458036e+00,3.211544973302135730e+00,4.230105106514570501e+00
2.399761609169192234e+00,3.025866643336448725e+00,5.027288054556215968e+00,4.051452158812595350e+00,3.199195458436449258e+00,4.226822430917875906e+00
