VR1,VR2,VR3,VR4,VR5,VR6
1.754134705843354070e+00,3.578457059157917008e+00,4.679152818225111865e+00,4.149607540045954224e+00,3.483689452113557738e+00,2.891529096501451956e+00
1.725570298898826405e+00,1.807627927842074156e+00,4.303916956562447105e+00,2.746564581573809782e+00,3.804666943637873278e+00,2.856944013668432092e+00
3.636684394612451854e+00,2.691802565730625041e+00,3.809297384222714022e+00,3.043373544839361067e+00,4.555399155117657806e+00,3.045976910336710475e+00
3.945602433411605325e+00,3.052845908128116292e+00,3.502432519616939910e+00,4.229012411071073174e+00,3.351735280112743354e+00,3.243137599794575721e+00
3.707375211152433181e+00,3.052960986022717815e+00,5.057410680088269217e+00,4.927892355121681334e+00,4.385219120918113944e+00,3.819670407025523406e+00
2.552812297663338281e+00,3.461280871088902256e+00,3.661518558839637727e+00,4.514185848817691138e+00,5.314156567237159123e+00,4.191364793386867404e+00
1.891263587270071378e+00,3.448884025554961319e+00,4.518089856011019201e+00,5.589413809561761148e+00,3.879375349185147037e+00,4.564659171958720840e+00
1.492300650583705535e+00,3.666000407742441070e+00,5.279272138660241254e+00,2.977926209173541228e+00,2.379663183348512678e+00,4.901859857037912604e+00
1.590188513473461907e+00,3.087711359502383068e+00,4.966183650980840802e+00,4.269014875806728782e+00,3.293489224138280935e+00,4.233005628918254715e+00
1.761174080976422696e+00,3.987704925325645355e+00,4.378733908626791127e+00,3.561983952046113622e+00,3.372918925978102056e+00,4.433147651191949201e+00
3.011538943953936176e+00,2.693080510794902516e+00,5.161666163752394176e+00,3.737052757035365769e+00,3.789118519835906973e+00,4.650788357525637906e+00
4.175003507371849665e+00,3.563625998275137263e+00,4.348935831844693567e+00,4.310911942165445154e+00,4.135050049164446406e+00,3.635540950696539042e+00
2.927404088593204445e+00,2.973947430463575348e+00,5.498203214209199885e+00,4.758663502187181038e+00,3.985575897575811766e+00,4.276131423061625192e+00
2.266966439167712899e+00,3.590592442348725655e+00,4.760749922416519730e+00,4.170008048305373194e+00,2.263298705801062738e+00,4.374360281864238864e+00
3.580549074637952245e+00,4.468823112075551052e+00,5.184681252366431181e+00,4.537166265896972916e+00,2.750029829849042429e+00,4.208321016880373300e+00
3.489418434602043373e+00,2.805870413187074419e+00,5.689248007105983440e+00,5.009015045456769677e+00,2.709929660299200460e+00,4.695148527363273594e+00
3.255814778669114951e+00,2.539363412809597875e+00,6.557789600243692618e+00,4.661290616398390263e+00,2.505054099228476439e+00,4.788176069424487480e+00
1.849552696018210929e+00,2.995606730341288770e+00,4.724080596272527188e+00,3.743353121839280817e+00,2.690325882444756012e+00,4.614240019594062936e+00
1.954625056102862635e+00,3.450329619652043878e+00,5.500791396898209840e+00,4.195127597811087128e+00,2.754181167897866711e+00,4.390960371901389436e+00
3.201503745158918335e+00,3.476769463816548722e+00,3.926850041836880578e+00,4.084674314854220611e+00,3.699332561124286656e+00,3.300861246936594107e+00
3.212145196404454950e+00,2.526346064090763122e+00,4.827764015756772054e+00,3.290037324483005676e+00,3.159417909831424343e+00,3.541541816127309339e+00
2.615568497618526056e+00,3.594965813529932497e+00,2.865398158630843906e+00,3.805349568699017304e+00,3.168265659591189110e+00,3.892546367784730954e+00
1.376959814409742799e+00,3.613607426616207263e+00,4.197790147806260030e+00,3.852451589068929927e+00,3.623005654580559121e+00,3.922933887761450578e+00
2.590367761970341576e+00,3.344062911200210486e+00,3.837665572012750381e+00,1.952205700392249277e+00,3.490658765746659675e+00,3.570662192013617009e+00
2.767547358747415309e+00,3.663246213515771288e+00,3.684174833024129292e+00,4.031219466276058760e+00,3.235813961147221640e+00,3.574921351788853841e+00
2.786614199846197515e+00,2.837325697326939622e+00,6.099600191543629535e+00,3.768325666925651518e+00,3.668693474547284783e+00,4.142809266342373675e+00
2.812558544942651118e+00,4.378324864606655709e+00,4.162169398243557694e+00,4.478562323318771909e+00,3.538049496300180508e+00,4.130078663848974152e+00
2.289735761382206913e+00,3.379637192479714614e+00,5.545266226145661115e+00,4.416080745220606119e+00,4.648438820983186837e+00,4.459998395353098388e+00
1.852556192117220668e+00,2.258515383238846930e+00,4.905380538873247431e+00,4.641197345378023087e+00,3.907162767565598660e+00,3.317062607594952084e+00
3.242078222005146948e+00,3.479247238271611309e+00,5.077602733235550225e+00,3.228016670960594414e+00,3.718900242362961350e+00,3.244060109298821715e+00
2.259184222037087242e+00,2.950387133536042761e+00,4.828943418945522481e+00,3.285203221621479042e+00,3.415656975640951831e+00,3.872314045556980222e+00
2.016632644577605049e+00,2.851350395160473283e+00,5.242214071000963038e+00,3.089667823243672284e+00,3.433006392070594881e+00,3.817062535839199633e+00
2.854241158587760729e+00,2.770765367525465539e+00,5.301195494019165899e+00,4.105412591431385927e+00,2.009080832170154096e+00,4.648788581398503261e+00
2.240024235527917629e+00,2.378071008559845545e+00,5.041339628547243379e+00,4.509047263678175099e+00,2.320710643859748679e+00,4.514906643611659831e+00
2.328701383322269614e+00,3.500539241396139811e+00,5.046548882410690773e+00,4.594785920783344579e+00,2.314362892097042490e+00,4.037194105507298403e+00
1.724783989096026593e+00,3.292696718951096280e+00,5.180011476199108067e+00,5.248261580220876965e+00,3.160062738347417355e+00,3.966980070465222941e+00
9.943915903128930367e-01,2.865355315185041274e+00,5.039842105423460339e+00,3.486879211911357856e+00,2.466906873376804921e+00,3.697659448901245760e+00
8.460331910158005453e-01,3.039561901790331255e+00,5.225986813640428608e+00,3.699914006537210032e+00,3.047251873863392468e+00,4.050753706076180904e+00
1.974280301901434109e+00,3.113302958070368831e+00,5.138738370130875310e+00,3.564998100163450090e+00,2.709360693865798808e+00,3.693671202114393370e+00
2.406485386968179263e+00,4.317536464444727606e+00,4.816242311414882238e+00,4.893852110350040086e+00,2.609764581384576232e+00,3.803281751997686477e+00
1.784825428121494362e+00,2.322735402165581498e+00,5.823610556138755889e+00,4.354679389613059115e+00,1.989576252463019168e+00,4.511171910574414134e+00
1.988918033547069086e+00,2.853802610420323127e+00,4.293802584045650406e+00,3.153784174940911900e+00,1.809392339135758698e+00,4.251761012190289790e+00
2.311486957678076326e+00,3.659947595925476360e+00,4.866524864663934302e+00,3.826079382905683168e+00,2.412717442156247394e+00,4.090141070233352494e+00
1.827067662902693623e+00,3.663764607989765665e+00,4.804240770926064386e+00,3.948107895495157393e+00,3.883900250163134782e+00,3.308327822855410272e+00
2.317338546949152533e+00,2.884986323088882365e+00,5.519849206463670832e+00,2.383582387705163175e+00,3.191971955236807990e+00,4.718962028548305376e+00
3.152364256031655820e+00,3.423711207030618375e+00,3.932186930322798979e+00,3.962887171998587643e+00,3.586828181251731529e+00,4.011903460808735389e+00
2.854239073628293433e+00,3.681926414795924529e+00,3.678206260842239672e+00,3.762150460893124215e+00,2.485415599383591356e+00,3.839744865056554879e+00
2.996348029957370152e+00,3.418101081224437898e+00,3.796305578381903079e+00,3.484519396898670962e+00,2.374963070355322614e+00,3.987576250752999485e+00
3.278841866877105105e+00,3.332364733065503515e+00,4.819462329382996124e+00,3.862217731008763533e+00,3.088404960547260547e+00,3.990404687888283508e+00
2.747709989453633206e+00,3.237420035299682475e+00,4.861010780150751387e+00,4.190354772589979682e+00,2.836665667761756104e+00,3.691941517102695691e+00
2.813514562970925059e+00,3.191045135927957688e+00,4.552804403168082104e+00,4.796431738552715984e+00,3.746803501980504159e+00,4.780975029925143005e+00
2.752894929663054491e+00,2.787083930745920757e+00,6.430588399275491085e+00,4.214860959591097078e+00,4.266223693571101094e+00,5.254101211510931790e+00
3.083306052936622521e+00,2.870997381867192999e+00,5.472383805639174703e+00,3.667730246071851496e+00,3.554619897393568984e+00,4.547810765501719032e+00
2.120507225758345715e+00,3.977544191160998555e+00,5.055758185783831848e+00,4.027723046260759610e+00,3.830334233269822697e+00,5.293041518369044240e+00
1.981296826525083654e+00,2.887351339678786655e+00,5.771781360860092747e+00,3.929900332582321187e+00,3.559139397035457453e+00,3.620703558447544879e+00
3.115159727857003347e+00,2.912108900234099185e+00,4.088506321074036443e+00,4.038142967869881694e+00,2.910545174304323801e+00,3.495220302953499392e+00
4.050007403402990924e+00,3.248379282988827388e+00,4.994587004892236060e+00,4.996453130935359255e+00,2.698308045375374498e+00,3.771257456222244286e+00
2.548823426668141767e+00,2.090194927992765184e+00,5.268856296624897517e+00,5.366422549264290076e+00,3.336383925384043270e+00,4.955065357891729860e+00
1.854415770429298060e+00,3.105522472797851652e+00,6.140396358849161018e+00,3.630752618611972515e+00,2.337977842041558230e+00,4.510680760986279125e+00
3.019519403202334473e+00,3.151814585794779688e+00,5.245586200026726154e+00,3.708821544091034372e+00,3.054947336634712407e+00,3.660489413168285466e+00
3.103644921201575535e+00,3.771508241534184513e+00,5.032238531413551819e+00,4.357928244478319613e+00,3.753905321181753685e+00,4.346164909400426879e+00
1.999033662207202022e+00,3.038588401078983203e+00,5.856905650378990913e+00,4.907749159081294721e+00,2.142305764301753346e+00,4.820823754897740621e+00
2.413934087227508574e+00,3.024608804295773723e+00,4.791754401288596199e+00,4.915229685251725655e+00,2.466747114427600529e+00,4.558033899767841568e+00
1.886654345649064535e+00,3.354117250330822753e+00,5.713643865746712791e+00,5.100370274764070899e+00,3.979959064710113736e+00,4.200956986403520332e+00
1.805915929840149703e+00,3.242420208795286474e+00,5.334698881419280170e+00,4.497633358181044372e+00,4.346623415316651418e+00,4.567396374984362240e+00
2.566010252546765180e+00,2.456706762295607582e+00,5.690771479566874902e+00,3.480158143057419995e+00,4.185952158127113520e+00,4.786525965261302140e+00
2.229473487293174294e+00,2.656663136422600768e+00,4.992366358375897484e+00,4.532662788737635395e+00,3.250667328737668615e+00,5.525572386930268642e+00
2.348560874421691480e+00,4.562488305471801731e+00,4.353070027591606106e+00,3.831960297736698884e+00,2.904347725234178945e+00,3.793755502789545098e+00
2.860854066712273713e+00,2.729598730724968725e+00,4.742614659969280666e+00,3.820766246560333368e+00,1.722535694139544216e+00,4.412070568902833223e+00
2.083645483279103594e+00,2.802627667156627478e+00,5.316559350753180091e+00,4.562137794322767448e+00,2.887846140616441293e+00,4.077181747620158170e+00
2.708119873083648876e+00,3.344670197548677226e+00,5.754316388428732942e+00,3.614278929051608635e+00,3.270876780451031252e+00,3.748267442048129450e+00
3.696289810561237843e+00,2.509560270606933319e+00,5.992888798437149944e+00,4.305666281883604896e+00,2.281663430472117948e+00,4.684880055694105927e+00
2.901016579532598172e+00,3.734471852273663295e+00,5.300458945489949336e+00,5.640854598155386590e+00,2.336798308972254379e+00,5.076409081294246839e+00
3.338971826311351254e+00,3.286979050356132692e+00,6.038554595373458511e+00,4.581155094068873446e+00,2.947655131311924137e+00,3.915595655751382687e+00
3.327027557352940867e+00,2.533943293761608206e+00,4.687158319594901812e+00,2.999402550757478636e+00,3.201619020593894138e+00,4.270469274556068839e+00
3.140026296079104551e+00,2.774315001723677732e+00,4.734860348491266357e+00,3.920762173998948441e+00,3.629828217471240848e+00,3.807762070725014159e+00
3.757816230332083229e+00,2.806906917523571021e+00,3.929299052183023999e+00,2.935685757806675511e+00,4.041878072333047633e+00,4.206035347825351600e+00
2.812629670165616602e+00,3.343727262547122603e+00,5.698282991981622914e+00,4.846364600735702410e+00,3.029676340580609306e+00,4.793501868012087996e+00
1.931227321456399082e+00,3.331684835961445934e+00,5.936658549266495832e+00,4.110945828666686452e+00,3.829087600461885010e+00,4.985032707304489996e+00
2.314353273779379716e+00,3.334607072012560458e+00,6.080674993178395660e+00,3.587182526608489574e+00,3.249059255900670795e+00,4.242507076428223556e+00
2.546074214378548195e+00,2.703366895348383814e+00,5.222104112320155700e+00,4.300039919559718093e+00,2.707771950773175007e+00,4.223140307281715522e+00
2.288268620077307247e+00,2.650862243017169995e+00,6.431257463670133845e+00,4.406890399071355269e+00,2.529963261504731165e+00,4.675064960248954904e+00
2.654395463269457522e+00,2.389570110630412358e+00,6.379859212058987872e+00,4.105793588133821892e+00,3.287206723103131889e+00,3.935202873147638947e+00
2.384522103930954984e+00,3.276953556768495091e+00,4.823332221270870690e+00,5.095354526203467849e+00,3.261280429500637901e+00,4.168589923564768540e+00
2.564517429299535856e+00,3.025168897176022220e+00,5.650477467030786904e+00,4.028166391868891694e+00,3.700969013418242248e+00,3.692327934234945097e+00
2.622645410574051095e+00,3.688653916553145340e+00,4.849559912908372183e+00,4.071292221646628740e+00,3.458652497143086091e+00,4.792469040318563245e+00
2.345196309732593409e+00,4.182122630378168893e+00,5.320747100788870476e+00,6.475267804921875481e+00,3.672553381203885525e+00,4.015716267487142943e+00
1.931117501296508721e+00,3.473963172488099715e+00,5.930749821347741424e+00,4.481265096127717840e+00,3.579523969981456499e+00,4.696602957145047164e+00
1.254644569716410585e+00,2.828176456605948186e+00,5.438036659113949511e+00,4.252025645647415253e+00,3.100200101631028549e+00,4.703844000501732125e+00
2.579512429237929005e+00,2.389877352201362992e+00,5.358621460682717164e+00,2.919617424699465502e+00,3.797212633212368349e+00,3.500645823907963639e+00
3.043332209769420871e+00,2.361159978915582158e+00,3.873406721508459327e+00,3.717460608063025251e+00,3.840581478680370253e+00,4.194143753278394726e+00
1.698740948808111328e+00,2.622185776303504579e+00,4.738096180551805148e+00,3.837994978809375457e+00,2.605184645537502952e+00,4.952573642808235199e+00
2.087730559404153752e+00,2.632656897289903597e+00,6.268660191679463978e+00,3.451792931046723467e+00,3.109697369162685021e+00,4.130801201431453684e+00
1.560718989095436271e+00,4.029627245408411440e+00,5.428662130105250228e+00,3.832946445587376072e+00,2.249209209953166422e+00,4.831319807603678740e+00
2.220514310141016967e+00,3.160129677753809041e+00,4.798681218222645484e+00,5.227504456932937416e+00,3.284881273747786601e+00,3.973573969898795966e+00
2.737186408515908997e+00,2.634547699864041803e+00,4.389732133710764650e+00,4.311908334631996631e+00,3.186632547145811678e+00,4.371828505835902767e+00
3.299778085646852155e+00,3.341648309398124184e+00,3.849209044493653309e+00,3.620011724219058369e+00,2.713922693982383727e+00,4.903001128859994395e+00
3.640401433869820735e+00,2.579203612632844145e+00,4.744943416477177323e+00,4.972269113919581152e+00,2.614641964368338733e+00,4.944031669175796395e+00
3.386182800196526621e+00,3.420167051949169590e+00,5.584452678895345024e+00,5.166590382020713967e+00,2.689841437212136643e+00,3.949211060959103126e+00
3.819018730210941293e+00,2.877266080815296778e+00,6.527430842571243730e+00,4.156734230913677663e+00,2.891071145440387458e+00,4.322672544968219732e+00
3.720827886471644863e+00,2.896246492835535591e+00,5.049350174289520155e+00,5.226599636311812347e+00,3.146174101728596462e+00,5.043731468185091771e+00
2.843924245142245066e+00,3.529201811485446427e+00,6.320780475282242072e+00,3.749668891578020080e+00,1.573103643116798622e+00,4.508211091297575024e+00
3.129632232207438136e+00,2.010577693313916114e+00,6.211940936574313454e+00,4.199971870905839566e+00,2.985325537269992502e+00,4.812017982026337570e+00
1.710746270658325185e+00,3.549673688828876017e+00,5.712242317590333407e+00,4.083699851657435431e+00,2.941075172748365496e+00,5.320620744705585992e+00
2.110650461801380828e+00,3.443293075170367423e+00,6.189956910567979698e+00,3.460202972620122441e+00,2.775323610274545327e+00,4.174328585784661705e+00
2.581895371345719337e+00,2.970395605858499266e+00,5.077166855057562600e+00,3.369263268538464473e+00,2.995226989890288127e+00,3.182628740198276684e+00
2.563787797415104652e+00,2.348054186720339498e+00,5.356837887903646234e+00,5.588250230488156944e+00,3.308287274506003683e+00,4.267887867005267566e+00
2.243089265440688429e+00,3.603863327008179240e+00,4.753034633035189138e+00,4.012891883543608706e+00,2.216976032867445046e+00,4.989085553997496092e+00
1.683262507251287232e+00,2.668469961897153464e+00,6.203015062486903375e+00,4.426781244759911083e+00,3.107521626352531818e+00,4.572365273935624863e+00
1.853171962246713544e+00,3.572317292884582773e+00,3.900855871787647366e+00,3.834432614631044789e+00,3.276552085489775390e+00,4.334335430782619625e+00
2.249028905318199989e+00,2.768322838510721695e+00,5.319763774001451395e+00,4.252524143870375362e+00,3.261571827046029437e+00,3.620714037134979080e+00
1.940467436434130111e+00,1.491082206437395197e+00,4.989158581508625012e+00,3.299702240326615410e+00,2.655647283557240890e+00,3.989256702857043368e+00
2.039988352966954466e+00,2.020241797375517567e+00,4.343842933946224782e+00,3.788440023735486051e+00,3.572690712530907309e+00,3.165990590111293024e+00
2.519068793481331170e+00,2.891871048605612948e+00,3.840748603732040412e+00,3.322674748148804369e+00,3.583172937554739867e+00,3.243032269747204932e+00
2.153438762505811344e+00,1.854920842647524770e+00,4.614064004224225357e+00,3.175795027683271599e+00,2.570909179139493794e+00,4.049235419358622856e+00
2.634631390505103532e+00,3.139398813148428502e+00,4.112965568156703000e+00,4.130580628057826331e+00,3.036325587301300644e+00,3.442944720323120489e+00
2.610979549354837559e+00,2.059812422736559068e+00,5.297946510832777456e+00,3.333376516646562315e+00,3.849464215752862462e+00,4.202106949655657786e+00
2.618389370009350348e+00,2.298517248980930905e+00,4.608765109326319553e+00,4.575566310757569255e+00,3.159770382913584807e+00,3.850377585779019451e+00
1.690422124730527109e+00,1.781293200371104835e+00,5.091202222445362580e+00,2.980251129547338174e+00,3.468263476815744539e+00,3.165400916526189157e+00
2.382152839552189594e+00,4.182475145319863863e+00,4.696605746143640125e+00,4.005929650219352212e+00,3.210651484346648044e+00,4.583874563569429128e+00
3.673242000004652397e+00,2.754172463636149537e+00,4.670228151393002847e+00,4.189816413607956314e+00,4.358570528453380888e+00,3.806769147956045263e+00
3.640980821051983618e+00,3.831084667295399981e+00,4.815174940238621915e+00,4.399614752169539678e+00,3.471065272692945847e+00,5.276432030760993541e+00
1.986649273125682402e+00,2.573676833739126479e+00,7.226925569715371367e+00,4.223897204599908584e+00,2.477218718484307747e+00,5.857690008017183203e+00
1.185600481100519188e+00,3.021131610960635872e+00,6.653004534677458892e+00,4.585436610944396030e+00,2.392467850063913382e+00,5.730829495358948478e+00
1.941775469641796814e+00,2.660705410210757904e+00,5.618332218515324605e+00,3.234260506926543322e+00,2.840144201730917306e+00,4.417527222376715024e+00
2.663163036330050915e+00,3.758974016996579515e+00,3.749791569250244372e+00,4.437877742787994961e+00,2.763013258727281762e+00,4.461299740473349651e+00
1.601752715763749224e+00,2.079421478976144044e+00,5.790455597803201293e+00,2.653158851747624780e+00,1.739248105864312777e+00,4.733452433016088534e+00
8.450538221321610699e-01,3.666286414372462943e+00,5.957262043101389182e+00,3.880646319840803660e+00,2.086531148893388199e+00,4.431893362833970507e+00
2.051411181994012178e+00,3.540763381162731260e+00,4.976879073994909142e+00,3.569447190281555660e+00,2.901645173311822479e+00,3.719741021866417974e+00
2.971608754997994151e+00,2.492502414950892309e+00,3.903549107812304797e+00,2.900865183916942591e+00,4.392982843093353296e+00,3.059851657328271024e+00
3.305869131457190413e+00,3.263274861437427177e+00,4.333890494514503366e+00,4.148462416110422879e+00,4.295226575720661799e+00,3.319599498218122058e+00
3.458183298085198754e+00,2.810220098906319297e+00,3.503635783528602055e+00,3.306432386619352570e+00,3.357597243731496484e+00,3.418710116743682192e+00
3.337138784764710486e+00,3.898221646191787571e+00,3.361155101114450261e+00,4.482754788390907130e+00,3.459130036385702045e+00,3.892944049344485347e+00
2.233649676361757486e+00,1.158575723237112776e+00,5.461763489842479835e+00,4.027818365332002770e+00,2.060262830089663488e+00,4.243726290158949865e+00
9.837672786897699861e-01,2.856203418959875062e+00,5.931972497574590442e+00,3.881705517344838707e+00,2.301641057515010136e+00,5.457022249174293904e+00
1.998480528813109780e+00,3.379278743158720566e+00,4.473163461066001823e+00,3.324737017107457504e+00,2.606570084147809219e+00,3.553352547674367035e+00
2.260884765941999497e+00,3.889169613134569659e+00,3.868751396148414567e+00,3.960247584822810030e+00,2.110668384073147053e+00,3.672526770235871485e+00
2.483910769441374455e+00,2.602034996534890787e+00,3.987944194563197264e+00,4.339338933975927404e+00,3.096666968400845210e+00,3.670055717927320327e+00
3.081913749363770272e+00,2.096201926636003243e+00,5.539093470724139046e+00,3.187805552376561380e+00,4.001133531411080746e+00,5.048459497037964816e+00
2.755802916738455899e+00,2.801201297471161755e+00,6.015331201134721084e+00,4.961975886540393788e+00,3.774096320197897647e+00,4.749708906416745258e+00
2.248206646251739382e+00,3.862874204514833654e+00,4.445125126018941941e+00,4.472597866634334451e+00,3.438594302929803170e+00,4.079016956687332218e+00
3.624807012502916592e+00,3.620557089707041154e+00,4.680618937514340772e+00,4.177195492580798586e+00,2.947306295499256823e+00,3.862167154919289302e+00
3.978780766806456537e+00,2.430708239323153386e+00,5.147588894236820423e+00,4.039325349147224742e+00,3.353801133424203940e+00,3.916248855065538770e+00
1.696344695585735085e+00,3.654193324574054103e+00,4.692605783753313275e+00,3.530060487833382332e+00,2.605978419043179173e+00,5.299748349065502850e+00
1.791858925546776726e+00,1.870743866763684871e+00,6.594506966275893944e+00,3.791458702459844510e+00,1.673341631239008809e+00,5.508907539012660060e+00
2.870669894794026344e+00,2.160068016397520108e+00,4.449884064570384545e+00,4.455275039693311179e+00,1.711886040307222689e+00,4.317969330681000528e+00
1.990351570674256054e+00,1.924064071665535502e+00,3.981201701095580692e+00,3.352165985215826094e+00,3.450389636944813709e+00,4.436926098170886235e+00
2.562250989522142142e+00,9.394891232130193615e-01,6.763594898617720119e+00,3.441358774425306244e+00,3.375552814649942501e+00,4.458653661125319800e+00
2.347890410203250511e+00,3.169241382490111558e+00,6.236436476683138608e+00,4.980597399901569133e+00,2.867742469191210120e+00,4.441199368936976200e+00
1.478251661162374386e+00,2.544752630480055622e+00,5.245360941471473026e+00,3.470386248264881957e+00,3.499129250884367437e+00,4.481999014777760415e+00
