VR1,VR2,VR3,VR4,VR5,VR6
1.056089323672756208e+00,3.775117677029375507e+00,3.809915825575127535e+00,5.516267631242543601e+00,3.363912698254041267e+00,4.546902972770022977e+00
2.845501780355409682e+00,1.465823350666875857e+00,3.853985643203738043e+00,4.902162874445432195e+00,2.527246024781341749e+00,3.475465417398563961e+00
3.707601405819746621e+00,4.826912654799619951e+00,4.564355632069481139e+00,4.973522089911225130e+00,3.208861390992991058e+00,5.034703494897963871e+00
2.819128828932752295e+00,3.095458430745549272e+00,2.735398604137449396e+00,3.455040494271135909e+00,3.886116828616273722e+00,4.159713278076804244e+00
2.746479282414359346e+00,6.082106716829118298e+00,1.868022757545842794e+00,5.191939501626944065e+00,1.922842532007843941e+00,1.536421060385727788e+00
3.625963740438854277e+00,3.053763724502056132e+00,4.941136882918263140e+00,4.957960863895683801e+00,1.150093321638445687e+00,3.352475262713310311e+00
5.228426565565792217e+00,6.066689843461357867e+00,5.335253918474711199e+00,4.211380539753714736e+00,1.098978105865599630e+00,3.360186005661560671e+00
1.933810330723015003e+00,1.881800907475042584e+00,4.438548391521183412e+00,3.696112782759818582e+00,3.442788247923150635e+00,6.076048107699864254e+00
5.136274498131421229e-01,2.349355816874137304e+00,3.995612528471957248e+00,5.612600371691250700e+00,3.918930241985830953e+00,4.845583416535325760e+00
1.371595250317901193e+00,2.200574471347378047e+00,6.175958488831277293e+00,5.813054781098744073e+00,6.155477661671515222e+00,3.920171455958628037e+00
1.398623156947394142e+00,4.021577813590122119e+00,5.419563667763259929e+00,4.733751728220012112e+00,5.423605449065145301e+00,3.626205181424087876e+00
3.434132516776004174e+00,3.713452013766095572e+00,5.060522605823532416e+00,3.355361752029098810e+00,2.222933184595585310e+00,4.230610944600797119e+00
1.269039096572138980e+00,3.882433045212431821e+00,5.590049726888289605e+00,3.787384247879857391e+00,3.973977663870713162e+00,6.556405007975282473e+00
1.519449697413177258e+00,4.335934115796426624e+00,2.735092062285014336e+00,2.458106543706914060e+00,2.982233195665052516e+00,5.122689244638453765e+00
9.561464598319513453e-01,4.307090027651364395e+00,3.548959180648411760e+00,4.082260820379786104e+00,1.799130106616162461e+00,3.347819602072946044e+00
3.499134621149777580e-01,2.261814167240491891e+00,3.433794479376541364e+00,5.065774885947754491e+00,3.845437442995253363e+00,3.957256819661029379e+00
1.651200533715976082e+00,1.746453298461941639e+00,4.516084687286503474e+00,5.461076047600622374e+00,5.842306992148355249e+00,4.355319583225522706e+00
2.082589633515272265e+00,2.389396203078086423e+00,4.184910185376111258e+00,6.632670447233601330e+00,6.114037472007378682e+00,5.057739691310642272e+00
1.008661951152017178e+00,4.777907635705030742e+00,6.190016363211854333e+00,6.202057095429754696e+00,3.653036296732705246e+00,3.958642284386517218e+00
4.171207606641750942e+00,2.806686023149832732e+00,8.884661200621518873e+00,6.434776604254487609e+00,1.836553006179322267e+00,4.604027867972108723e+00
2.487698351291382615e+00,4.500137434736322106e+00,4.962660638497634835e+00,4.062037664022128070e+00,3.661936713771012375e+00,4.604000734916843030e+00
1.587520087494182608e+00,2.459042987841242311e+00,5.760804035172849780e+00,5.057235774609742052e+00,3.381603662971895297e+00,5.006139758329956280e+00
0.000000000000000000e+00,0.000000000000000000e+00,0.000000000000000000e+00,0.000000000000000000e+00,0.000000000000000000e+00,0.000000000000000000e+00
2.311267828519163459e-01,5.327356321407616946e-02,2.293557043954418173e+00,4.795370762724178171e+00,4.527010630662005042e+00,3.598226486678719027e+00
1.516480842579628341e+00,2.827564119494987871e+00,3.758078951233299492e+00,3.939492665594171772e+00,4.490226082023188070e+00,4.189696683511382247e+00
5.657591260217649243e-01,3.674129572783781938e+00,6.298604198289322831e+00,2.950269536929046588e+00,3.938046916298650224e+00,3.851567427153463008e+00
3.084199283949735637e+00,1.621796206892584191e+00,4.422146915878379048e+00,1.993680834048943140e+00,5.152565208837213362e+00,5.972630416077826965e+00
3.098069161838905128e+00,2.184477474785047946e+00,4.790739724539346156e+00,3.599582516983802716e+00,4.970426770843198838e+00,6.453348282646848233e+00
2.375809173680635933e+00,6.112319245069955720e+00,7.103821484732748104e+00,4.536426630219033029e+00,4.959491467193323899e+00,5.584811987819351842e+00
1.283856037220861168e+00,1.834464965970544981e+00,8.546145059940913669e+00,5.762482655792217301e+00,4.688375780697914941e+00,7.757599941437280933e+00
4.339016744316093188e+00,9.760977465557467703e-01,5.458224755689548680e+00,6.558399962571405339e+00,4.549661914708074129e+00,6.132531895498801511e+00
1.506006069215846344e+00,3.460706942043395351e+00,5.182702338523557550e+00,5.100957531730653471e+00,3.354874223177212844e+00,3.715076834218014490e+00
3.588596489981042303e+00,3.897603260801731917e+00,5.333834449561143387e+00,6.388419608558058904e+00,2.831538658623667715e+00,1.319081593798874685e+00
6.676811671212286026e-01,3.650797345788055814e+00,4.730119295783513422e+00,3.878207042183964504e+00,1.820718058270245354e+00,3.341712364362923626e+00
1.292182922832894709e+00,5.303014349410196893e+00,3.339151371518176425e+00,3.447012886579472912e+00,4.658320794102432494e+00,3.194510325950821183e+00
5.563176001026461037e+00,4.438978593320880073e+00,5.487319332886887224e+00,5.087693363908703859e+00,5.126037118976043416e+00,5.268772151609765864e+00
2.635394725771651459e+00,3.714816804435798758e+00,3.651072056609264038e+00,6.450942913698538561e+00,6.219446588381446261e+00,3.618047748863466584e+00
1.382508762787181489e+00,3.887213870794891779e+00,3.142472988982404125e+00,4.157207190778067663e+00,4.883898045037518010e+00,6.882955538716341692e+00
3.132330162126429673e+00,2.020301218774493535e+00,5.048622011545457866e+00,3.563768603401950230e+00,4.968138636772631678e+00,3.238265140422845523e+00
1.059251735541122841e+00,3.798502361406834726e+00,6.138024383590225952e+00,6.283182209792892436e+00,5.527516711995448695e+00,2.495151127411859182e+00
1.228278346852839320e+00,3.055433750159664008e+00,4.967631052106914247e+00,4.656777802652246834e+00,4.753471481119805553e+00,3.967907865820850866e+00
1.381459925867495997e+00,2.108496685820943739e+00,6.274089700275490955e+00,1.436614305002537950e+00,2.692812191662445009e+00,6.003738408482123923e+00
0.000000000000000000e+00,0.000000000000000000e+00,0.000000000000000000e+00,0.000000000000000000e+00,0.000000000000000000e+00,0.000000000000000000e+00
1.926957370324773544e+00,4.954786490944935728e-01,3.480313525880605940e+00,3.582738619400467783e+00,3.003937231324099955e+00,4.880403763539898243e+00
1.892185686209355566e+00,4.393598491243855264e+00,1.887220435819604081e+00,4.544990056139913470e+00,3.703695470291427760e+00,3.801773415837682357e+00
2.348114488044974912e+00,3.547233826975135784e+00,2.961762494298560977e+00,7.244070806087154146e+00,3.016836717879679330e+00,7.924423837147531735e-01
2.420493286099704378e+00,2.626378288631801894e+00,4.346898294692650211e+00,7.858572645364881204e+00,3.454182850057997189e+00,2.478424657883967708e+00
2.067840001422684981e+00,2.230517938008227397e+00,3.471699924710589080e+00,6.985002822629336805e+00,3.572411234081838582e+00,3.537846056636207326e+00
1.236894724915882371e-01,3.000675008020468049e+00,1.610319100928789382e+00,3.803984446265904040e+00,5.990364467814899285e+00,2.189456566123199721e+00
0.000000000000000000e+00,0.000000000000000000e+00,0.000000000000000000e+00,0.000000000000000000e+00,0.000000000000000000e+00,0.000000000000000000e+00
4.487823839734575770e+00,4.784928587473288530e+00,3.707424003543127622e+00,4.728723670124576728e+00,8.950589224752234507e-01,2.907883484170419308e-01
2.096881890009976601e+00,1.947307822779058339e+00,6.633162380776374434e+00,3.891587040915222229e+00,1.400264507902260869e+00,2.596339777106865476e+00
3.620000305930272777e+00,4.249735972824475461e-01,4.804958627046401531e+00,3.920427339463352645e+00,3.479874621640078214e+00,4.510979055631750612e+00
3.626630460992199989e+00,3.006156274041501764e+00,1.985425694953186326e+00,3.967377270339212281e+00,3.565425946199456853e+00,4.917448357717047358e+00
3.593177808519570249e+00,3.578996224911251023e+00,3.136747319837759562e+00,4.330407492876076958e+00,3.872383678205985280e+00,2.941364855058333116e+00
3.067954797781518916e+00,3.559626618138176823e+00,4.275773484907982258e+00,3.805892284755484134e+00,7.888845343580404013e-01,2.744172658815899890e+00
3.485167300430595638e+00,3.631028418897482624e+00,4.627197492046518867e+00,4.525363017332882265e+00,3.466278074110854757e+00,3.545281492847110805e+00
6.295414203566229716e-02,1.310682167012770405e+00,4.291300890420830960e+00,3.933152015652001232e+00,5.518352004912481235e+00,5.191903583701443559e+00
3.786736538883661574e+00,3.620608174108043364e+00,3.635921744127198707e+00,5.040093428283684673e+00,4.128606862098270547e+00,3.662629396473492172e+00
2.852651821791512443e+00,4.819502982314569195e+00,3.424773855608278517e+00,2.641935401460051569e+00,2.228297782733926535e+00,3.902847633953746787e+00
3.813261319801368732e+00,5.177323241812404220e+00,4.092049136750496530e+00,3.751829202871579838e+00,1.889795325287752847e+00,2.961976494358808942e+00
3.002559835793826348e+00,1.797804955163693652e+00,4.742951789862260625e+00,3.354654331636351294e+00,9.982669935339769651e-01,3.252004026177223395e+00
2.865826612592784706e+00,5.340423926161198764e+00,2.343446661228796302e+00,4.736709534675936695e+00,1.454131843431325066e+00,5.262211788783272226e+00
1.920379942329623502e+00,3.375273613704007136e+00,9.357113018304170637e-01,4.706135393011231294e+00,8.007516962388572246e-01,5.600158139487079190e-01
6.103211276664511686e+00,4.735025961757681756e+00,4.338283870601909342e+00,4.719996274462308961e+00,4.072350422415955684e-01,1.144185856811000157e+00
2.062055813335018417e+00,1.442459523945983202e+00,2.857315816688283050e+00,3.803702061591123673e+00,2.295288508624264256e+00,2.844389860190266184e+00
3.792309310832227887e+00,2.565637921793448406e+00,2.558823787165619201e+00,5.549931124576954034e+00,4.505971170710578733e+00,3.951909352006759857e+00
2.748963928542350832e+00,5.737333890063195163e+00,4.592577799241356118e+00,5.737877180332703553e+00,2.941123500580872907e+00,2.756378400623738401e+00
3.335942080657249065e+00,4.468224782476822199e+00,6.482190078534674882e+00,4.038124145520098018e+00,1.737224151934796179e+00,3.060863767950303682e+00
1.313192655716133528e+00,1.293006514607651702e+00,5.219966657312245850e+00,3.638818888295346721e+00,3.432668368832862527e+00,5.133158355010905893e+00
1.896319345166142423e+00,5.375746429209689481e+00,4.175277899944113358e+00,4.060483697415858906e+00,2.446628885726161329e+00,3.636557090959782634e+00
1.101764650731637651e+00,4.415212909820147580e-01,5.721741226176353834e+00,2.496870969459990874e+00,1.529286454483306912e+00,3.355517993720626535e+00
1.248248450363573347e+00,2.697508549221961704e+00,4.919760918505291514e+00,2.769315548596999133e+00,3.872131126511827670e+00,5.469031492476487344e+00
2.501214069899445391e+00,1.768669655762306947e+00,3.863595481306393964e+00,5.032005319955981548e+00,5.474782121771681886e+00,5.161966521192791646e+00
2.250350677707109615e+00,4.372444426255451155e+00,4.958616550349637109e+00,1.214097199644717406e+00,4.562005555888260844e+00,4.458001780610113762e+00
3.140586156026908604e+00,4.254509743297442803e+00,7.022310658407404205e+00,3.716738194533528716e+00,2.143153968129394293e+00,5.341978168370321356e+00
3.897068648171414296e+00,3.621386524421797315e+00,6.408354522933350061e+00,3.947197019572217247e+00,1.299863980891009518e+00,3.716234650337697509e+00
4.075321602005170796e+00,2.742623733487954851e+00,6.101378186149689853e+00,6.043458750277073577e+00,2.170641873278826406e+00,5.539006643763452864e+00
2.192692157215517135e+00,1.436404898832270183e+00,5.249802037995882742e+00,5.444824384515650983e+00,1.388148931285805743e+00,3.201368099558997038e+00
2.292312328782905695e+00,1.318335067969322205e+00,4.078135248255282619e+00,5.045934404398932926e+00,3.720227307877498113e+00,5.926903581248532227e+00
5.611882435242367961e-01,3.561615780660360553e+00,5.800184946716846923e+00,2.766615976057650972e+00,3.847986959019955133e+00,2.966233608313380010e+00
5.993237794115424677e-01,2.692898140578158017e+00,4.931634023390884636e+00,4.046290031752334926e+00,4.417955969139985228e+00,7.213108755945119022e+00
9.528297481366840849e-01,2.748559268898332686e+00,5.582675004185956524e+00,3.912204272670457339e+00,4.782739523396164927e+00,1.761027751417468146e+00
1.479162558971746977e+00,9.555167536695599040e-01,3.632595422110128425e+00,5.531460383606463083e+00,5.154260164347197914e+00,5.805191313092465499e+00
6.513258455414925763e+00,3.642285897230469693e+00,3.853617878610561043e+00,5.847522277424026527e+00,5.161784891299118883e+00,2.948837121995204313e+00
5.507500751626182023e+00,5.350494774132881659e+00,3.676057626253609101e+00,6.234907246881322251e+00,2.709928697923589702e+00,4.309239052502355172e+00
3.210442946571976819e+00,2.960758072419649611e+00,6.912236209411958043e+00,6.754723884978288240e+00,1.698213801274950807e+00,3.590865133459653080e+00
2.654107425458395397e+00,3.125142595501022136e+00,5.941833415892313397e+00,6.689742443272186811e+00,3.899587632053757247e+00,4.125940488247351823e+00
1.993725278263205780e+00,2.681555565456510415e-01,5.279146781086746287e+00,4.320058827592395012e+00,2.685580312799630942e+00,3.991596374909443412e+00
1.582123653909617733e+00,2.118195391710168352e+00,6.867358168963635379e+00,4.053590881642188393e+00,3.337157535098592920e+00,2.994286192093421395e+00
9.553338970397868835e-01,1.271172611942045672e+00,5.769938868178044800e+00,3.146733845920642647e+00,5.964245533163583524e+00,6.788195394856084697e+00
3.030075441205413167e+00,2.952489503275192106e+00,6.138241050325728310e+00,5.072356702109867221e+00,4.756738436981590823e+00,5.341775000530486928e+00
2.623562441672040002e+00,3.855546885888693431e+00,4.780043860104179920e+00,4.009693219547801668e+00,3.723987376782171399e+00,4.591100629159082125e+00
2.652550832913226575e+00,3.449151081348297954e+00,6.912680346110640528e+00,3.831307716430594645e+00,4.651084913191058767e+00,4.186432023216934084e+00
0.000000000000000000e+00,0.000000000000000000e+00,0.000000000000000000e+00,0.000000000000000000e+00,0.000000000000000000e+00,0.000000000000000000e+00
4.181391203126646694e+00,4.257092366596046062e+00,3.543863690660880916e+00,5.495204902603829211e+00,5.765448824467308775e+00,5.387203455914361783e+00
4.094458925709949071e+00,6.435711969081904016e+00,3.607550389131152446e+00,4.920907753170983057e+00,2.955007751279123518e+00,2.774990204299658370e+00
2.789539697426024922e+00,3.183517910649075411e+00,3.138236380029304939e+00,4.672498898343479645e+00,2.272937502796970044e-01,3.484924472793137884e+00
0.000000000000000000e+00,0.000000000000000000e+00,0.000000000000000000e+00,0.000000000000000000e+00,0.000000000000000000e+00,0.000000000000000000e+00
2.607240149977235522e+00,4.245212301720740378e+00,3.217022454908664564e+00,3.123923188558260122e+00,1.028510997289940221e+00,3.194571371702833673e+00
2.544835393165337578e+00,3.650141543162288560e+00,6.030651254462735977e+00,4.227816377851732810e+00,2.463471322617607040e+00,2.926810805654818104e+00
0.000000000000000000e+00,0.000000000000000000e+00,0.000000000000000000e+00,0.000000000000000000e+00,0.000000000000000000e+00,0.000000000000000000e+00
9.688067883159707794e-01,4.733904456197072008e+00,4.897083527049855611e+00,3.944278750179283755e+00,5.308546669147120589e+00,4.394300155096353855e+00
8.020756896156535642e-01,3.406412499956702700e+00,6.273123235489308946e+00,2.856517114762926024e+00,2.803048878829774715e+00,5.349941171825909336e+00
4.116466668998620015e+00,1.493282266140263825e+00,3.905069606815313676e+00,3.466195466608216869e+00,3.088686624746691312e+00,6.533578514898652045e+00
4.497294231039917989e+00,3.337474225559005969e+00,2.466035525427637154e+00,2.671277038365343248e+00,3.458805095311234812e+00,4.750299189373360598e+00
1.645583408969550909e+00,2.991676961421525949e+00,4.161996822338466906e+00,4.342560295090598821e+00,2.516524337692143565e+00,4.256576656941820858e+00
1.076111990621268610e+00,3.160358895961492109e+00,6.060758846981309844e+00,2.909450205785995003e+00,1.836093020220295635e+00,1.725016667421563454e+00
4.328353877057194765e+00,2.962129004859849424e+00,5.621370140373899815e+00,3.715162692393278565e+00,5.530479305031335890e+00,4.687650670432427447e+00
7.890178714189728382e-01,3.900105137618124829e+00,4.963662857044545795e+00,5.128953813056496891e+00,6.091346594675991710e+00,5.594703806919504530e+00
2.145444161976584940e+00,5.560795907629411339e+00,5.838725381649831903e+00,4.105191017985101887e+00,4.704925732562539764e+00,5.928596626275620451e+00
1.805046711517087399e+00,1.226754123166091448e+00,7.351329766835410950e+00,5.470466505368738019e+00,2.598169894245449640e+00,5.040504862479823878e+00
5.255353213841058135e+00,2.267978044439130869e+00,3.955763460135681697e+00,4.129224219819016994e+00,2.428482585400113081e+00,4.337731856061002311e+00
3.934501421605927973e+00,3.607732881509138512e+00,6.507311555773322098e+00,3.637744080352780962e+00,9.761872785015577314e-01,3.042504956239277192e+00
3.013286057836812581e+00,1.160303609567356231e+00,7.009574344665729484e+00,6.179243019947127991e+00,3.137985274351604570e+00,4.788675933909712690e+00
0.000000000000000000e+00,0.000000000000000000e+00,0.000000000000000000e+00,0.000000000000000000e+00,0.000000000000000000e+00,0.000000000000000000e+00
0.000000000000000000e+00,0.000000000000000000e+00,0.000000000000000000e+00,0.000000000000000000e+00,0.000000000000000000e+00,0.000000000000000000e+00
1.563442217140365909e+00,1.676032607773511707e+00,2.187540840942923115e+00,2.624460279162609044e+00,4.487698750753263965e+00,4.677855667536153561e+00
5.594525112951211909e+00,2.743882121191422385e+00,5.361647124850525969e+00,5.919456985767639345e+00,3.852294701587360315e+00,3.202019217922224215e+00
1.559169804816429972e+00,3.413570079160227255e+00,3.884717945231771719e+00,4.424977790686833501e+00,2.440051144172588504e+00,5.591516835122245510e+00
2.460222366747376821e+00,1.522719249091049054e+00,5.148614558003513864e+00,2.054661837446694062e+00,2.427171372879862510e+00,4.467053489751357631e+00
2.216064925328085966e+00,3.495490337708565765e+00,4.563718792719837936e+00,4.060848692395810922e+00,4.309294619469156373e+00,4.221876166812450037e+00
3.747557518375241870e+00,4.736247643208232994e+00,3.253795030300270952e+00,2.075575454934400987e+00,7.580250729831798928e-01,4.138701163186767396e+00
2.455633668606179931e+00,4.526969320295315846e+00,5.354887482798439180e+00,2.830861842636855918e+00,3.571448685872038453e-01,3.338862363176534398e+00
3.820780488231137362e+00,3.205119885343417963e+00,4.563916210297062293e+00,4.176483675623210878e+00,1.161656698474105465e+00,2.067252416508002177e+00
2.121536542878149856e+00,2.021128393822670510e+00,5.779751828567180283e+00,5.862340231176871974e+00,4.203261168351575705e+00,4.890229676232469735e+00
1.132599584151662953e+00,2.658973757921508696e+00,3.256333355417247333e+00,4.948200040379999720e+00,5.663808891626463726e+00,5.131371182955806631e+00
1.449185412458583455e+00,2.835948014253404814e+00,4.879984422945966571e+00,4.570620902986389567e+00,4.400282843619559792e+00,3.971082588193389995e+00
1.492819179196637425e+00,2.598808199793036344e+00,2.979415331876969386e+00,3.707853470469036683e+00,4.311087536851949231e+00,4.136648575676854733e+00
6.359158190345137740e-02,3.979122143369798525e+00,5.666998457745985540e+00,2.290582701732418958e+00,4.692894297405611148e+00,4.048216342189021155e+00
2.048341414588820797e+00,2.252048089060189273e+00,4.867040686892427637e+00,3.062654543272903318e+00,3.037722030786236260e+00,5.927243625045154118e+00
1.268353436837661663e+00,2.997869179093633818e+00,3.690972100407075018e+00,3.140359913318778062e+00,1.650748056631603511e+00,5.746357903509451859e+00
1.661927877763706984e+00,1.648511680884649389e+00,3.921499069011068261e+00,2.434876956564124839e+00,2.895826862264899493e+00,3.235326239200603027e+00
4.606482744927161477e+00,5.891574368281027319e+00,4.171123444688578985e+00,3.618000577166506027e+00,1.671203080981743305e+00,3.819973417981344710e+00
1.148650140143483656e+00,1.572741379069325873e+00,5.493539582986030290e+00,5.118867113152530735e+00,5.687094673470187267e+00,4.667821229962951790e+00
2.121825635006306054e+00,3.717998604723170786e+00,3.171161540612676966e+00,3.998226750532931639e+00,4.587788325657568222e+00,4.854690409902032044e+00
2.547207798024658132e+00,4.529578286363928896e+00,3.592171108806498481e+00,2.949544391587503256e+00,4.085945993240366114e+00,3.027242305210348317e+00
3.335252174400503922e+00,2.817566525918029363e+00,3.956178788397306079e+00,5.691306841960313001e+00,3.112778768148821928e+00,3.971114786469577496e+00
4.496919611753880108e-01,3.863159480134531698e+00,4.191428650870999917e+00,4.261859540470994467e+00,3.143456358432733300e+00,2.913341194310909543e+00
1.505373476375482245e+00,1.624522911773386147e+00,3.138349774963487882e+00,4.669592120181119022e+00,3.705385130450977726e-01,1.920496677139227337e+00
2.947800212662283315e+00,4.680536379738864383e+00,4.819392447514509570e+00,2.765413682443692345e+00,2.527827954206646854e+00,2.646007018295116531e+00
3.275867685948819830e+00,3.490163788891890384e+00,4.910571413538005636e+00,4.685786616836256080e+00,2.415853783874016170e+00,4.155468500908331642e+00
3.092329119910611102e+00,1.268389994983460944e-01,5.350695161335045746e+00,5.483642495097923231e+00,2.474435547701200111e+00,1.753402232355024459e+00
4.005961956388361500e+00,4.290711001017394111e+00,3.577290499015842506e+00,4.382868466262759277e+00,2.943015691824168112e+00,2.172651704503867798e+00
2.728829713144072855e+00,3.822374307952280503e+00,3.854729788306363147e+00,4.817341706638625709e+00,2.831704429186890692e+00,3.732735657296263554e+00
3.361683875603917571e+00,3.710315453228302918e+00,4.213898925256482464e+00,5.107599940053623833e+00,2.520104000054695703e+00,2.213683085286869634e+00
5.609786130953020589e+00,4.878357741305826778e+00,5.520979706861817604e+00,5.188074374447317894e+00,9.648190308377575519e-01,2.990464965075557036e+00
2.538634142598994448e+00,2.846453353602568903e+00,3.868400445593089820e+00,5.112860931383781171e+00,9.333486183770776101e-01,2.449647384584420440e+00
3.162639516400666650e+00,1.764057879094926840e+00,3.628120192956178602e+00,5.265842288602350152e+00,2.405347871173954211e+00,5.513672047447694347e+00
3.570734084985403456e+00,4.073889602975978796e+00,3.038853984735671254e+00,4.075522831765759690e+00,3.543467807110519452e+00,4.021155107105521154e+00
