VR1,VR2,VR3,VR4,VR5,VR6
3.354697863714286576e-01,3.292821893804576128e+00,5.421708395470074215e+00,3.763310617840544658e+00,3.015423028576392106e+00,5.485818765881406378e+00
3.698639254182520375e+00,2.289633689736848332e+00,5.788373874147739073e+00,2.653596932749758164e+00,2.367336765824239908e+00,5.157042678753348319e+00
6.230365722945050422e-01,6.334775190354462460e-01,6.837144945771470361e+00,4.595328852496140648e+00,3.464211042723921441e+00,4.425244589887262769e+00
4.046522793731780254e+00,9.221550337279955656e-01,5.844888327937222350e+00,3.758859330689682920e+00,1.687735308009299384e+00,3.849281527808707803e+00
5.746178322174865016e+00,2.029843337883620258e+00,5.812147143301641172e+00,5.649831268552466312e+00,2.188651623218104358e+00,6.580756499982070906e+00
2.364921417383382352e+00,2.454962421414654372e+00,2.981210433691459549e+00,6.844099674333640415e+00,5.781379004151260048e+00,7.729459887800992135e+00
4.396132597561304145e-01,3.694672766525473495e+00,5.024766105021505780e+00,4.968466802219678513e+00,5.102619541949154680e+00,7.255447044389875089e+00
0.000000000000000000e+00,0.000000000000000000e+00,0.000000000000000000e+00,0.000000000000000000e+00,0.000000000000000000e+00,0.000000000000000000e+00
1.635198492260711456e+00,2.715547203348815941e+00,6.422062015951699898e+00,4.193195682660331158e+00,2.991194719692783277e+00,3.670989555404471361e+00
5.589114372850305656e-01,3.168670998424964580e+00,4.377889561778487426e+00,5.828564986735610631e+00,5.461442636253915239e+00,5.428879961423097811e+00
2.755166402612171606e+00,3.118101795164454515e+00,4.563447282133079597e+00,4.049681381094100807e+00,1.767721241140245425e+00,5.185441529095058399e+00
3.067920057112455634e+00,1.797362538233840290e+00,2.489093783573733454e+00,4.165898309156816914e+00,3.196728791030500005e+00,4.760754228228553764e+00
2.713801953880762952e+00,1.912045960533091504e+00,4.976912602064177626e+00,4.078366199261975744e+00,3.449442680029841668e+00,4.178702531171698098e+00
9.861269068314706399e-01,2.310906561917557944e+00,4.404494027943081313e+00,3.007204165413698504e+00,1.575016986842452393e+00,1.146413916022735791e+00
1.960188009472543680e+00,3.552663461823037050e+00,5.692502515887233550e+00,4.046250678238502374e+00,4.014699094507617971e+00,4.231727917841149988e+00
2.590637214278961764e+00,3.025203648264036982e+00,4.136374599315912448e+00,5.340336322154182191e+00,4.205271229893933871e+00,4.277232668477322086e+00
3.829667050531844197e+00,6.696334140102335297e+00,2.357367635574707077e+00,5.375319063760930050e+00,4.100059140986099138e+00,5.729610315926782604e+00
5.384954094576301920e-01,2.985960779858455982e+00,4.532910135256751794e+00,3.939892802901343138e+00,4.711823929349445272e+00,5.370517243000401564e+00
4.532393044872701893e+00,3.961180588308153894e+00,5.400903480513004951e+00,4.674625988701873069e+00,2.443459938780128571e+00,4.191412888340962262e+00
3.292499376176276193e+00,3.582623895874690323e+00,4.220601716741752440e+00,3.804381448258166820e+00,4.635324061324075373e+00,3.744131090753749724e+00
3.897959080936792109e+00,2.232012513521960617e+00,2.192391498831660179e+00,1.238117971423459363e+00,3.686586155673344134e+00,4.403722971146784460e+00
1.925445072271643188e+00,3.059891653399885669e+00,5.494094919880944339e+00,3.165627497176399352e+00,5.809015340651646042e+00,4.052151176972489388e+00
2.369789218435762290e+00,4.011379786893860988e+00,6.209699125784975848e+00,1.990265886000405438e+00,3.324729388408719011e+00,5.047509108098386044e+00
3.475747799020513007e+00,4.164937119235466056e+00,8.062714451053315301e+00,3.928095567170164060e+00,2.830894373428431976e-01,2.944581437803733159e+00
3.884520232622393987e+00,2.501877981240447468e+00,5.709717183046191913e+00,6.099163556855981660e+00,2.528652154859451606e+00,6.018684881469868131e+00
2.422165322277169963e+00,2.690430546021415736e+00,4.074376223393225693e+00,4.980707403188403326e+00,3.270296648388109961e+00,6.667943598639234359e+00
2.566129739370738960e+00,2.727289663093402261e+00,4.778975964875010085e+00,4.885567753024587567e+00,7.066785336113245997e-01,5.777033418058271863e+00
1.378831582157041824e+00,1.526559526957658397e+00,3.944107394469042127e+00,4.698443040482064958e+00,1.745901588438928398e+00,7.502326747865076584e+00
2.777478900906328096e+00,1.531251065514049881e+00,4.555262528687086032e+00,5.410776517563130383e+00,4.552786745168322824e+00,3.339589576898980283e+00
2.353110079672114718e+00,2.198358201135001799e+00,2.388058839231462116e+00,4.223261880714959560e+00,4.590312700318797567e+00,4.577127328611605428e+00
2.879030579645605492e+00,4.947208179332363009e-01,1.793457282268528630e+00,4.907673765445954572e+00,3.706527921196647757e+00,5.938782265164143759e+00
0.000000000000000000e+00,0.000000000000000000e+00,0.000000000000000000e+00,0.000000000000000000e+00,0.000000000000000000e+00,0.000000000000000000e+00
1.979032664319463786e+00,1.127189267557388463e+00,5.489712764469631523e+00,6.209198439118073232e-01,2.880705100909754623e+00,3.179169738786039812e+00
3.229932314157830220e+00,4.232293283054671562e+00,7.256055665541646604e+00,1.670472321388370318e+00,1.712240577586606083e+00,3.669019887739882524e+00
1.648301163295378569e+00,5.805132149329623736e+00,7.565894370548273962e+00,4.418775002290288967e+00,2.124036935186717212e+00,4.217110992641870837e+00
3.936319206329480735e+00,5.032239202435755843e+00,5.930452113440698447e+00,4.087311983793886938e+00,1.649337367811598565e+00,3.264329555212404976e+00
5.817912732462857672e-01,3.361843951932389274e+00,4.082279862844192309e+00,4.021577646878249368e+00,3.726306402632082460e+00,4.397262820972632547e+00
2.525289516756676456e+00,1.957623520634418579e+00,5.804035060552265257e+00,4.305127112281549984e+00,2.232070679885625353e+00,3.670884372477623891e+00
9.170830716902382829e-01,6.294120783380858342e+00,4.746032889652288311e+00,4.405633239457180217e+00,2.653911921523345541e+00,3.148122198429003760e+00
1.301363095411526727e+00,3.839149804548126266e+00,7.340455665529423968e+00,4.551217215179687692e+00,2.052980879107081602e+00,3.036851433231348540e+00
2.218822124097354909e+00,5.454448065286101155e+00,6.830976851392150273e+00,3.415720499147917977e+00,5.059316632667751890e+00,3.225042899888451053e+00
1.719277569956483731e+00,4.532499861409183595e+00,6.191711064046165447e+00,3.470386408686866986e+00,2.085892770556995846e+00,3.605937367243572389e+00
4.862383505805910389e+00,3.969235220380521234e+00,6.978838132874475519e+00,3.924252948422657372e+00,4.114067733451795661e+00,2.844193987281415481e+00
2.496648380760881913e+00,2.681725755581894965e+00,5.579132626793875893e+00,3.308837611432357662e+00,1.800790773470842376e+00,2.984567517837171557e+00
4.871006312505409497e+00,3.161345570834928509e+00,4.282995515047666402e+00,6.246437348991995542e+00,4.905865153299020953e+00,5.571286824270668347e+00
1.139915743029417339e+00,1.806097458712408788e+00,4.479445551609509302e+00,1.846377174057924009e+00,3.416897869368790808e+00,4.218055623092939577e+00
3.266450548283061028e+00,3.414197900625951299e+00,7.122063608240148724e+00,3.993583620152674651e+00,2.339913664353484357e+00,4.325717580783718930e+00
1.605287271638907498e+00,1.742255041077227062e+00,6.364123739855115147e+00,2.178738636786574645e+00,1.636448905875343973e+00,3.149948089105625293e+00
5.077011229872503861e+00,2.539081761799365289e+00,6.600633545568321381e+00,3.014748879707477514e+00,2.559444555194010817e+00,5.241589568955066447e+00
1.941222531903492143e+00,2.370780894238527114e+00,4.736308323910284557e+00,4.110578934064293755e+00,2.292518001457145793e+00,2.801377847680329936e+00
3.206634988563716426e+00,1.826316517043035770e+00,6.201959104951649593e+00,3.859050332351398271e+00,3.415235413154022126e+00,4.249457935816924881e+00
1.942430258717764868e+00,3.539875696600848443e+00,4.498002483988877032e+00,5.602017662410033516e+00,1.733905794661896316e+00,4.988754439992694856e+00
2.519981799410291323e+00,3.837742140004033242e+00,4.986531720433021064e+00,5.987783840736963015e+00,4.835110535754971295e+00,6.048087412611860003e+00
7.026031945827964087e-01,4.932378280169807283e+00,5.093317025894501526e+00,3.969748926963695634e+00,3.762453193357604420e+00,4.547701691194569129e+00
2.698569390733823514e+00,2.926069363768762699e+00,4.521642317928369792e+00,2.519254507146551081e+00,3.335350935567308106e+00,6.025914974522790679e+00
1.029626515154527633e+00,1.417643017259312188e+00,2.775917851170031980e+00,2.604365630437214474e+00,2.433349488518547155e+00,4.338244823469165290e+00
6.303822763276170082e-01,3.965727438089552415e-01,4.899884530352343504e+00,2.416285608203243118e+00,2.156516481515217798e+00,4.638668204580280729e+00
2.679056490088923770e+00,2.662109436770341730e+00,4.972379959554552364e+00,2.974042423199060092e+00,4.581937314036912845e+00,5.089972662250823454e+00
1.949480166378556589e+00,2.731626627555025610e+00,4.441696004056057134e+00,2.160660182793368911e+00,3.882929337297257533e+00,5.723111739866454606e+00
2.033555373598617155e+00,3.700182250242923132e+00,6.389281600755413848e+00,2.329943837376833304e+00,2.266483719625515203e+00,4.674323936001278490e+00
3.508648986220403110e+00,4.891705205859340211e+00,5.418397492924708736e+00,4.071507154394847561e+00,4.673253427442219277e+00,4.050505123552255782e+00
1.975084462453472689e+00,4.388674513690595802e+00,3.430967626738700815e+00,3.026686708737794440e+00,3.801018762813793916e+00,5.252386712937475721e+00
6.772060207152412747e-01,3.353965439295488071e+00,5.113086968524990894e+00,3.809771410065797781e+00,2.860968151875459498e+00,7.608782290075530419e+00
9.940107951881891335e-01,2.404252465219623769e+00,3.326440482295200507e+00,6.130604320513522332e+00,1.572995491534270318e+00,7.978478908764699895e+00
1.492870599327528414e+00,3.998747979488037618e+00,3.774535547278729197e+00,7.313327312625339083e+00,3.759496017065697249e+00,8.680425687147788949e+00
1.481454447901920046e+00,2.596712636117203488e+00,1.996789755397842647e+00,6.633904123867010227e+00,3.621331863232363890e+00,7.650688435451598046e+00
7.183112982908279598e-01,2.873681881417654793e+00,3.018629409175671796e+00,6.339192833188672438e+00,3.585058872365748606e+00,5.930039911815351061e+00
6.307050716774842414e-02,4.579045162133908775e+00,9.005836713664939097e+00,5.252260159957423902e+00,3.085305508080006032e+00,5.011248204510152959e+00
2.158393715020785919e+00,3.386249426263314710e+00,1.161021494754344019e+00,6.158346768152149764e+00,5.745499546704483151e+00,6.383040060722935394e+00
1.364033752805229094e+00,3.925208101263420790e+00,3.232902898842960226e+00,5.511651487700451213e+00,2.811619123215856941e+00,7.307102073655350694e+00
2.088826848273639847e+00,1.478799980004403380e+00,3.971444981203334557e+00,3.097646277832844408e+00,8.744951470880417688e-01,4.482795980806758784e+00
0.000000000000000000e+00,0.000000000000000000e+00,0.000000000000000000e+00,0.000000000000000000e+00,0.000000000000000000e+00,0.000000000000000000e+00
4.051754641436603244e+00,1.005952113709832840e+00,6.420713652039545138e+00,3.770558909628677124e+00,5.949310115665542575e-01,2.559495092874595645e+00
4.830367720923865349e+00,2.786737881715515730e+00,6.400434494980271616e+00,4.260069813398303928e+00,2.246457991723060488e+00,3.401757915488017758e+00
1.040459475374783338e+00,3.852668641990907528e+00,4.651082294108108250e+00,5.736129215554749194e+00,2.044383163106179957e+00,5.222778756461243788e+00
2.567052506057658778e+00,3.320995120392114863e+00,4.928620848563969759e+00,3.816526571970008330e+00,5.000136731348419517e+00,4.510786888773309578e+00
2.297500732169073245e+00,4.058624727125545562e+00,5.522316008101759266e+00,2.765578175459351140e+00,4.397205439745150102e+00,4.473555835457253771e+00
3.705690659359790029e+00,4.532512837418060769e+00,3.794611526176232985e+00,1.546316710940866646e+00,9.043368496105377297e-01,2.692386623691070291e+00
0.000000000000000000e+00,0.000000000000000000e+00,0.000000000000000000e+00,0.000000000000000000e+00,0.000000000000000000e+00,0.000000000000000000e+00
8.535769050751824683e-01,2.003776694634590072e+00,2.638688373542007248e+00,4.276656583997115568e+00,3.321948283738866969e+00,4.000722939662189503e+00
3.618701013117832765e+00,2.286222380313046365e+00,3.423131418027993256e+00,3.804328380303338974e+00,1.456544131755744154e+00,3.158807545835787156e+00
2.333315270038061051e+00,2.417806870966462185e+00,5.767896405136763605e+00,6.159226187616537729e+00,2.838605885198774548e+00,4.649318429020919297e+00
1.213580118125198171e+00,4.621769360984826491e+00,6.314704253861296301e+00,4.056546218496089651e+00,2.437445164784357132e+00,3.267797583779097348e+00
3.941546871035541688e+00,4.531328837026540768e+00,5.608368283450131386e+00,4.458493265991910981e+00,2.944739498414798984e+00,4.692313623364356978e+00
3.280262674325847616e+00,4.504214664214956088e+00,5.605407079004770310e+00,4.174770841693510981e+00,3.973771463616223354e+00,5.181047029357080724e+00
1.275650513885115966e+00,5.466972970375506335e+00,5.505320135751206045e+00,3.703781354523197678e+00,4.464197283482437939e+00,4.150936181861498042e+00
3.137743301242597482e+00,4.412212386709898126e+00,5.765265120573962676e+00,4.884040529587855062e+00,3.007106453931046364e+00,3.040172388288812755e+00
2.875512612867495044e+00,6.409815291884696009e+00,6.769897257014034331e+00,2.351710317425446561e+00,3.348366148173218981e+00,2.316923505609157719e+00
3.909996545849495408e+00,3.561716900477406966e+00,2.914076941817119515e+00,4.769611728101462056e+00,6.754420918903374371e+00,4.087883453040149107e+00
3.643216655215148592e+00,4.034078387759389983e-01,6.702999054324585870e+00,4.865995250568444064e+00,4.169701752734906286e+00,3.585139468335797552e+00
8.543850231996186206e-01,4.602452285632248952e+00,6.159318071845635068e+00,4.295971234671710270e+00,2.879080484494780823e+00,2.726640079392453675e+00
1.756451015101266222e+00,4.744741385326904037e+00,5.291786542263193560e+00,4.275912785789201642e+00,4.572745576338177464e+00,2.920817849487144180e+00
3.323588923063789391e+00,2.670686673512708609e+00,8.539426782752489231e+00,2.727147493441812287e+00,4.134536505546676288e+00,3.178348740959346497e+00
5.104611238573513177e+00,4.018292562284280223e+00,3.115537378955016479e+00,2.302169308973030404e+00,1.604521238921645443e+00,2.828265946752747784e+00
3.270455381241567760e+00,2.910548905743115533e+00,5.530133282877239154e+00,4.024003337624485255e+00,4.655706429800175350e+00,4.801675978933420019e+00
2.215459462606387042e+00,1.804886837074196393e+00,4.310467109668031149e+00,4.662231883174286828e+00,2.643380269426504725e+00,4.095815124515596928e+00
1.988140732071934869e+00,3.312451084464462348e+00,3.449670908776054201e+00,4.447008948392437766e+00,3.069134038589722557e+00,2.402676313670642383e+00
2.278400785087445257e+00,1.082614865298551887e+00,8.328284371830420696e+00,4.350729378022344385e+00,3.907296024617876729e+00,3.551391905621228418e+00
3.149818148973273946e+00,1.368153717586507945e+00,5.646530773105522094e+00,3.436650962581224267e+00,1.125917683271723035e+00,4.346625292559444631e+00
2.182573436031677083e+00,1.754639438851437028e+00,3.213176538879706889e+00,3.213758043049763202e+00,4.771393064366046488e+00,4.705427095767658940e+00
2.674457290145990207e+00,1.561244210837363200e+00,4.683680800543849720e+00,2.217142892622673944e+00,3.760955252537784954e+00,4.267916880854892625e+00
8.593514612600401392e-01,2.990943199418992116e+00,4.535250060065498801e+00,3.101517700769531594e+00,1.706366749326906351e+00,3.899034493625594511e+00
2.801044905123650341e+00,2.733136968403441447e+00,5.412877710819081756e+00,1.888513816905649900e+00,3.089523357492574451e+00,3.510799055480208875e+00
2.402712164061343358e+00,4.691287476938263090e+00,4.979818406641616235e+00,4.754441629427788030e-01,1.918974266697536679e+00,3.442099516665198422e+00
3.724135172091409984e+00,3.492247906731374751e+00,6.607483745113974294e+00,1.533207975228487285e+00,2.080376281284392892e+00,4.396388819069262155e+00
5.218433496968963858e+00,3.586553061672134834e+00,7.389190269107515974e+00,2.927214962819202348e-01,3.474098836276189317e-01,2.821607391309673751e+00
3.391454170624675690e+00,4.544622255522389409e+00,6.213305390373451864e+00,2.000479446133343053e+00,2.610544364999486611e+00,1.992933823863078491e+00
3.369904772818895999e+00,2.592233019045467657e+00,5.792073369320793752e+00,3.476670177948613105e+00,9.462466364617969639e-01,4.189309099940015102e+00
3.536294219782010195e+00,2.981430151318277044e+00,5.491448252280536124e+00,1.962318795538420702e+00,3.113674738487485438e+00,3.134065783176461562e+00
4.529268391718321851e+00,1.439808138672472815e+00,2.590455293100940359e+00,4.296153604465570375e+00,2.783969226937676567e+00,6.564967271115854430e+00
2.187617955893072175e+00,8.660078899137655384e-01,4.500743556192017714e+00,4.562787161017515913e+00,2.086636432059761681e+00,7.600418437048094944e+00
2.641251449972789267e+00,3.404072665540917253e+00,5.764361037152393230e+00,6.308352052581902569e+00,2.998393804546734653e+00,5.214428068414626694e+00
1.908209515705350467e+00,1.660178565030597797e+00,4.285045824215956145e+00,5.068766516905933273e+00,4.088710078156192473e+00,5.530070373606312373e+00
0.000000000000000000e+00,0.000000000000000000e+00,0.000000000000000000e+00,0.000000000000000000e+00,0.000000000000000000e+00,0.000000000000000000e+00
2.425296623125991591e+00,4.492912344066527730e+00,5.310422464135489129e+00,3.783512873510887164e+00,2.441417190652320990e+00,3.072784914742693552e+00
3.644791142612126222e+00,2.879040467911359258e+00,6.727494377003132797e+00,5.317607788408341918e+00,3.748100117349387528e+00,3.982303494849221526e+00
3.241497507940997558e+00,4.034341588753187935e+00,3.153782022639829652e+00,2.697056764022551789e+00,3.792018875587525262e+00,3.824540536288711934e+00
2.940979575527253420e+00,4.173621697774803962e+00,6.177679588939205324e+00,1.815480133537597851e+00,2.125353612077834242e+00,7.142706536483114377e-01
4.244882874277687179e+00,4.932404324957508024e+00,7.968319280728177745e+00,2.250597221914958368e+00,2.803472312877155925e+00,1.969017788928520751e+00
3.944798504757373259e+00,2.507455580163675535e+00,6.121314131101577516e+00,2.532758190990064495e+00,3.002713106379860442e+00,4.265610003357611646e+00
2.939620674857116089e+00,5.532801354967578078e+00,5.850629851350202415e+00,2.501356994876901219e+00,2.895999782470396688e+00,4.553323747162490776e+00
3.332317736254942098e+00,3.844126654984059144e+00,5.761640670337165204e+00,1.803970078927974896e+00,4.192429587204706820e+00,2.215271172030517821e+00
3.643593155894858437e+00,1.286218948989613864e+00,5.306296705403129366e+00,2.490587670526485109e+00,3.028615202934226591e+00,3.870390435937554940e+00
4.309391418066911505e+00,3.323895432164663433e+00,3.270239356038796341e+00,3.968777341293747263e+00,4.331982513445916894e+00,5.439307460780648640e+00
3.805278695046280468e+00,3.506157745070145104e+00,5.895356791637488492e+00,3.457505185307162776e+00,2.200819308819464304e+00,3.730699714084483976e+00
2.972064643716457066e+00,3.797907349169784119e+00,6.101476640886131619e+00,3.545088480871218195e+00,3.599881409924145625e+00,2.222339138289282534e+00
8.256607987442565744e-01,2.709783580670815262e+00,4.931450347734495310e+00,3.362792145725117088e+00,2.505330810582072409e+00,1.560190032844849917e+00
1.617615379142953502e+00,2.343263306356587528e+00,7.532415592849712738e+00,1.165845078009302149e+00,2.123124853717424987e+00,3.563607546638842827e-01
3.445157140703357435e+00,3.786640167470157525e+00,7.909504625394701449e+00,4.582464493550785001e+00,3.377186520788276081e+00,1.514286150485766758e+00
2.729412588870823164e+00,2.754645089223497934e+00,6.077386023877171972e+00,4.295532786688780469e+00,2.508736220276058582e+00,2.686314447062506439e+00
2.694496673596953329e+00,2.010878486646606955e+00,4.123052499141801164e+00,3.654294388729118381e+00,5.064649160285707552e+00,4.762105906017152890e+00
1.536261828136061380e+00,3.290746390675906685e+00,7.247824914722146517e+00,4.186423226883931648e+00,3.687117688881266009e+00,4.861606775656912127e+00
3.352022591306917043e+00,1.743938935145766145e+00,3.548871010169667883e+00,3.133659072719829020e+00,1.930921903455457889e+00,5.748588827977062721e+00
1.881624576189101727e+00,4.490257459819610553e+00,4.409420662560527227e+00,3.468820090238638354e+00,2.164836918436259694e+00,6.001405276082607543e+00
3.405391120228993262e+00,2.467472525827036467e+00,5.153171396626444078e+00,2.732429545432360829e+00,4.841762534092179493e+00,4.590956222655854901e+00
0.000000000000000000e+00,0.000000000000000000e+00,0.000000000000000000e+00,0.000000000000000000e+00,0.000000000000000000e+00,0.000000000000000000e+00
3.534819909749481681e+00,2.532184520520230908e+00,5.443140567163147203e+00,4.377818138130320946e+00,3.868739981820711105e+00,1.833492253692484475e+00
0.000000000000000000e+00,0.000000000000000000e+00,0.000000000000000000e+00,0.000000000000000000e+00,0.000000000000000000e+00,0.000000000000000000e+00
3.975477783553268196e+00,2.367939612484257328e+00,3.315036965621800391e+00,4.297654204913026632e+00,4.577380407692820619e+00,5.489810731780205622e+00
2.704932009493347778e+00,9.964463733272150847e-01,4.956392112037586450e+00,4.293384376055117357e+00,3.107419154641648529e+00,5.410964144496668737e+00
1.336116853199800003e+00,4.078297666152773004e+00,6.013767843070494834e+00,7.187037223898853355e+00,3.653206965680812601e+00,3.281268163857630871e+00
5.945841519493823668e+00,2.802095127546433417e+00,2.584166599484577276e+00,5.617323905555918095e+00,4.152818434114701418e+00,5.367421481531887473e+00
2.711572619248889371e+00,2.876441980282078426e+00,4.217714519050042909e+00,4.295759747958148189e+00,4.372723514533827682e+00,6.378964874877294022e+00
1.980173090062741448e+00,2.262020423732688634e+00,2.955727107775020013e+00,4.822494988558309714e+00,3.332952520001009500e+00,6.089009016836294919e+00
4.091309067797638477e+00,8.315332929903891390e-01,5.561989580788472054e+00,6.212543174358001075e+00,2.457789660593070025e+00,4.781479953597374433e+00
2.017686473618636178e+00,5.265345127405205439e-01,4.766908061192759227e+00,4.732310536510629717e+00,4.735914169148936814e+00,4.492930758626946464e+00
1.846167697521710949e+00,5.974273302581658562e-01,2.139470266803739307e+00,2.227679644685224059e+00,3.147936997583310248e+00,3.744079116026676424e+00
5.095888923242341662e+00,5.087040831961049392e-01,3.619954370004520250e+00,4.080997663991444924e+00,3.004352574573164514e+00,3.256967999402573533e+00
4.161532097942593822e+00,1.535219891745221554e+00,5.519024134822787531e+00,5.069396658232643738e+00,2.670700518312364657e+00,4.471891134708871895e+00
1.685410311471410738e+00,1.527339229893008188e+00,1.299031621440303041e+00,5.199700337907399827e+00,3.678514485089466213e+00,5.159886719493743890e+00
