VR1,VR2,VR3,VR4,VR5,VR6
3.196151723373068521e+00,3.827418231171036744e+00,6.193615990406464711e+00,3.923470361649128879e+00,4.769991622358375594e+00,7.067335054487524637e-01
0.000000000000000000e+00,0.000000000000000000e+00,0.000000000000000000e+00,0.000000000000000000e+00,0.000000000000000000e+00,0.000000000000000000e+00
1.022042002810161776e+00,3.153582713854087061e+00,4.531170361385646217e+00,4.181953985276927632e+00,4.339905239993033348e+00,4.566138532430838559e+00
3.761795801489708602e+00,2.789058850151465041e+00,6.676856555889325584e+00,3.322674966844325617e+00,2.294500760804293993e+00,3.753772834719152129e+00
0.000000000000000000e+00,0.000000000000000000e+00,0.000000000000000000e+00,0.000000000000000000e+00,0.000000000000000000e+00,0.000000000000000000e+00
2.878674547217723756e+00,5.266692714639453321e+00,4.088082658364150745e+00,4.000254058781476552e+00,1.266449579275736426e+00,3.057315218349640595e+00
6.302708767694706893e-01,3.235506782715011909e+00,4.415858964148508647e+00,3.963275869111891669e+00,1.581545471406468728e+00,3.784487608826449190e+00
2.060674297539485611e+00,4.551133034325749449e+00,5.744774343137341255e+00,4.498042425845343750e+00,2.648584187851867000e+00,3.938524534796646659e+00
0.000000000000000000e+00,0.000000000000000000e+00,0.000000000000000000e+00,0.000000000000000000e+00,0.000000000000000000e+00,0.000000000000000000e+00
1.475199873522291316e+00,2.311181757372798184e+00,1.630704010091516221e+00,1.148997402038824944e+00,3.234168502694338976e+00,4.227487938390138922e+00
2.197388492537871052e+00,1.245888436549190015e+00,5.698089267101607902e+00,4.506514363070874829e+00,3.589899059142831472e+00,2.130406415506205686e+00
2.561125801780545608e+00,3.149514719300523957e+00,2.568144304008706857e+00,3.642093697235016414e+00,3.742257409718524386e+00,2.967600788640810006e+00
2.390280677533407339e+00,5.865135612844673219e+00,4.715454379070835422e+00,6.731963611029764927e+00,3.878049134458213754e+00,2.956565941302411016e+00
1.722371032524344425e+00,4.081136329615999259e+00,4.344698716153420293e+00,1.704130005262429304e+00,3.243117479860118557e+00,3.726945623837079502e+00
3.860501280510450606e+00,4.743416905764874514e+00,5.958234610811973475e+00,6.675699437891440269e+00,3.217296977652563506e+00,4.245986283319192367e+00
1.875597898032028032e+00,4.540934466591512120e+00,6.687849874278397166e+00,3.794429971658642931e+00,1.603931954309240959e+00,2.575499128354711509e+00
1.092348854539764602e+00,1.548981381714222838e+00,3.734553315590568356e+00,1.700514695646103025e+00,2.534316479553759827e+00,4.713815559885438766e+00
2.788310510588880131e+00,3.416274487710914798e+00,7.692934873949443642e+00,3.782646891143168766e+00,5.639992565738493724e+00,3.351168297943631025e+00
3.271410296640103077e+00,4.773669619048870771e+00,7.806351030968455618e+00,4.983798032598685701e+00,4.410602615083443645e+00,2.430299556307026876e+00
1.664872348922166401e+00,1.132947045101880823e+00,5.921605495584953971e+00,4.405585924146467214e+00,2.036616942578931777e+00,4.905551563121016478e+00
2.832950987233057383e+00,4.452085007608046929e+00,3.707986030252858889e+00,3.261806942953063171e+00,3.593810460443057853e+00,4.733130204422331566e+00
1.537898840144185542e+00,8.104638378170614388e-01,7.654665196617144396e+00,2.948943983589932039e+00,4.020288504199478474e+00,5.044532641955394858e+00
2.386569575435547375e+00,4.149614477144725200e+00,5.174178240605734835e+00,3.572472333799264099e+00,2.482359526325566890e+00,4.820836861916351523e+00
0.000000000000000000e+00,0.000000000000000000e+00,0.000000000000000000e+00,0.000000000000000000e+00,0.000000000000000000e+00,0.000000000000000000e+00
1.753800403695059185e+00,2.558017587561791650e+00,6.668100602649050579e+00,1.824438955270637042e+00,2.528347904155263226e+00,3.958879405944794261e+00
2.062459595312160054e+00,3.328729452376940401e+00,4.503684124498981589e+00,4.022518398883572210e+00,3.691724678864372944e+00,3.119850497634551800e+00
2.745113445525297458e+00,2.304039035689538384e+00,5.028510727338559860e+00,4.526022035381273234e+00,4.790920658278050581e+00,2.350278338265824996e+00
1.844063924817971989e+00,3.049039812664685378e+00,2.988499768063597184e+00,5.001573627836432223e+00,4.818916154203098046e+00,5.949867565178516671e+00
2.230377536781074976e+00,4.607272284458066025e+00,7.076454870914911766e+00,5.899303708991170403e+00,4.587004197499148006e+00,5.758007844431348943e+00
2.169114509248277756e-01,2.763424732806241568e+00,6.226213178846900398e+00,3.949786165302420216e+00,2.922991549647983689e+00,4.129669072177694744e+00
3.206260487028786965e+00,3.217124333200677366e+00,6.452182220796124135e+00,1.603997133846764900e+00,4.107162487555723551e+00,6.046522838845975301e+00
2.432936897057659031e+00,3.545176524539317420e-01,3.377048766751599373e+00,3.085028189418926203e+00,4.313714903722502214e+00,4.625592608303775499e+00
3.740620388931413132e+00,2.246039047897888885e+00,2.938422071156635340e+00,2.525260342628040888e+00,5.722910395176808329e+00,5.490889654472464798e+00
2.568989787276675596e+00,2.144537459891964204e+00,4.106075416740736728e+00,2.616007918540754762e+00,4.823915093030461065e+00,4.740738901904545166e+00
2.221343982841068154e+00,2.862523532715087971e+00,4.386923156909678490e+00,5.409398746236146138e+00,5.457673987793309145e+00,5.217336590326859813e+00
5.326572437374506030e+00,1.349171144405395317e+00,2.976555782128369909e+00,2.399030355293402472e+00,4.673320571337724161e+00,4.865095534086144369e+00
4.117682797206825285e+00,4.063973942836371478e+00,5.393613504021264049e+00,4.679046120500334638e+00,4.768125876669431662e+00,4.460967992201990917e+00
1.190660881229078871e+00,5.071318206116700367e+00,5.618518956011425480e+00,7.084141294160443358e+00,4.472561194963927456e+00,3.156075977369865448e+00
1.061424469157498329e+00,4.145905465748377594e+00,5.360645038439391996e+00,4.665633543175153441e+00,3.541289128689211196e+00,2.648286077752645795e+00
1.394571597018265274e+00,4.761938932286321702e+00,7.598457390893347707e+00,5.099930591612407582e+00,3.102415413725641447e+00,2.088695513465035347e+00
3.251442559637210294e+00,3.228242229488614168e+00,5.793648346616515177e+00,2.308089065630064773e+00,3.588085961317393657e+00,3.689646787761276414e+00
8.389540784814113472e-01,2.315455408954907757e+00,3.830738652024646917e+00,4.265995658159166481e+00,5.519318030845436596e+00,6.298380644244899074e+00
1.110413345150792708e+00,2.871174518931587816e+00,4.895542293034168324e+00,5.437273812928736128e+00,6.477447371059338543e+00,4.466645838070320451e+00
0.000000000000000000e+00,0.000000000000000000e+00,0.000000000000000000e+00,0.000000000000000000e+00,0.000000000000000000e+00,0.000000000000000000e+00
0.000000000000000000e+00,0.000000000000000000e+00,0.000000000000000000e+00,0.000000000000000000e+00,0.000000000000000000e+00,0.000000000000000000e+00
0.000000000000000000e+00,0.000000000000000000e+00,0.000000000000000000e+00,0.000000000000000000e+00,0.000000000000000000e+00,0.000000000000000000e+00
1.116453008934120472e+00,3.384491843500738284e+00,3.171494475575931116e+00,4.956563328140119573e+00,4.644251628720892811e+00,2.575362009947272490e+00
0.000000000000000000e+00,0.000000000000000000e+00,0.000000000000000000e+00,0.000000000000000000e+00,0.000000000000000000e+00,0.000000000000000000e+00
3.670950490222376406e+00,2.400918812130304225e+00,2.699622382723789293e+00,3.468564003310909083e+00,5.653514738997370337e+00,4.781059331267992540e+00
4.296042880220372950e+00,4.163211312748314796e+00,4.475270959891517464e+00,5.269647107825175425e+00,5.110738110343898022e+00,4.830382167351194411e+00
2.464493117655530696e+00,4.982225301866791689e-01,6.719106543221246675e+00,4.022704483245937546e+00,3.707586177027249352e+00,6.107547890148381953e+00
3.975453953181238287e+00,3.548216759247289520e+00,3.954923937519720045e+00,4.096345146576189755e+00,2.350612290700892171e+00,4.758638784884837492e+00
3.072851405535570457e+00,8.733995531651324029e-01,7.450668001632309689e+00,1.598328017173349824e+00,3.117681940598445056e+00,3.277716361689918756e+00
3.120380152699978815e+00,2.828774212279263622e+00,3.974007129254575332e+00,4.910528725222255808e+00,3.676230100466622019e+00,4.714270420384647053e+00
1.967262348994233356e+00,2.232441094734031850e+00,4.448634772666737014e+00,3.824099119595297580e+00,4.363462786339219690e+00,5.185646648677305848e+00
3.067241357235920951e+00,1.673073498689600536e+00,4.050678753408179844e+00,3.269025748019024569e+00,2.901502553857035149e+00,3.369893083819011981e+00
1.870923887318818313e+00,3.946886857426915363e+00,4.079824305108791904e+00,4.271152046860332341e+00,2.881527783594037828e+00,3.256955914017952480e+00
1.764736361769348116e+00,3.418165736716778813e+00,7.070846994434743849e+00,2.883553487698376383e+00,4.228584505429512141e+00,2.960964269706612750e+00
2.290034489541390439e+00,2.273990376052175577e+00,3.408918402744805398e+00,4.516944991537540588e+00,5.052563482524142557e+00,2.976009800021047980e+00
2.340617373457697603e+00,1.206372546501423670e+00,4.951082640561412340e+00,3.081088969975831482e+00,4.538172365622038740e+00,3.891783292506405978e+00
0.000000000000000000e+00,0.000000000000000000e+00,0.000000000000000000e+00,0.000000000000000000e+00,0.000000000000000000e+00,0.000000000000000000e+00
4.505516556879870294e+00,4.335505974419542774e+00,4.160087077808960032e+00,4.467731195157121249e+00,4.203527265332490437e+00,3.810607724366823934e+00
4.085561371165963962e+00,4.050285977002042515e+00,3.376817808684561051e+00,4.902009447697760258e+00,2.615578303603923516e+00,3.527082521897823675e+00
2.695325132460093087e+00,3.853686037575320356e+00,6.352889162966937064e+00,6.490398985122665110e+00,3.355053133876806370e+00,2.686695986459411767e+00
1.348481072919213153e+00,3.353861155044786546e+00,4.009512896119184155e+00,3.856774158666286922e+00,3.356628932553713973e+00,3.826114070003199252e+00
3.751530265032716471e+00,3.964959067714152852e+00,6.408718858168935384e+00,3.804013615829283879e+00,2.679349123113528464e+00,3.292529780495721425e+00
1.548393772205775010e+00,2.254758507464717621e+00,5.800299227403116653e+00,6.133230285106829882e+00,2.865596889934093561e+00,3.588982103423364656e+00
1.905090679103268236e+00,3.912561227306961431e+00,6.717825336798665781e+00,1.907180744606222333e+00,3.055602553011344202e+00,2.450013775231526303e+00
1.807413100489889235e+00,1.602815057429379353e+00,3.461544356010354928e+00,4.100196863170809891e+00,2.052531883171129667e+00,3.670583552406094796e+00
3.603291424197385240e+00,3.758754363124687359e+00,3.620242439089841113e+00,7.821891026409401704e+00,2.132593656530854531e+00,4.166576319951763807e+00
2.034853513236028366e+00,1.589757373481243796e+00,6.475043815304598382e+00,3.681069963485309238e+00,3.562470620639365926e+00,3.318126646091326126e+00
9.978032583687088675e-01,3.993328121234382966e+00,5.785281409780301587e+00,5.970115517064327193e+00,3.256137448455739047e+00,4.547505894179003860e+00
3.744710711461424424e+00,2.076444417675425758e+00,3.119833866205318440e+00,3.283781578141688584e+00,3.664653963280842586e+00,3.823929294931702749e+00
2.076046160412472918e+00,3.565470138651344989e+00,4.606982571378433811e+00,2.888119034281742437e+00,4.305214236726738086e+00,1.761827412760463840e+00
1.031141463630156352e+00,3.891671870683718115e+00,5.319299370377089886e+00,4.946344651851024565e+00,3.859293915643998929e+00,5.457697901036070220e+00
