VR1,VR2,VR3,VR4,VR5,VR6
2.381180668586410754e+00,3.018707378781992912e+00,5.021856949744757159e+00,4.059099139928893152e+00,3.214851076458726808e+00,4.229124003967967838e+00
2.404174592449246806e+00,3.027726934108057488e+00,5.016458751904043112e+00,4.048700014419612359e+00,3.217646132954595117e+00,4.229737852237168028e+00
2.399807454429283116e+00,3.012068861637430039e+00,4.998225199737012403e+00,4.043199744652422822e+00,3.193022224418426980e+00,4.210181885109484767e+00
2.385571878641176813e+00,2.993776603429767924e+00,5.005136370504671639e+00,4.057599107288664797e+00,3.209253039378538119e+00,4.245211313284579902e+00
2.400368842408306502e+00,3.027597044621960887e+00,4.986960183794023393e+00,4.049253970353344556e+00,3.201288059613918602e+00,4.236445745026897747e+00
2.400380703484159550e+00,3.024710158318255626e+00,4.983766536630790611e+00,4.056104422355823580e+00,3.199087910163477044e+00,4.220727710443244796e+00
2.431303185520214960e+00,3.032331094972402941e+00,4.997814368640007388e+00,4.047735472188977113e+00,3.181524831939097187e+00,4.197183473525782027e+00
2.401347598257227212e+00,3.018360282563918862e+00,4.994091027637228564e+00,4.043289738812883449e+00,3.219587544367286558e+00,4.231324650308129875e+00
2.406616704270250207e+00,3.041198669751711492e+00,4.999798909990381013e+00,4.042784230201367457e+00,3.217623160365980617e+00,4.238888589993445422e+00
2.388673203272316581e+00,3.008608965030920679e+00,4.986481381360655440e+00,4.036769179770459459e+00,3.212095944341449627e+00,4.204195916719362991e+00
2.411843969939290400e+00,3.016080091287131282e+00,5.005240106948048329e+00,4.039374903291296448e+00,3.201590048654591403e+00,4.212680601903067590e+00
2.387466220610955592e+00,3.020795249371934332e+00,5.006748473212519812e+00,4.070444783112913356e+00,3.197171569622827114e+00,4.233045458664618010e+00
2.397063500778460199e+00,3.003846082435079001e+00,5.012959474206048149e+00,4.046400019748709553e+00,3.220834875470226066e+00,4.239672311108497738e+00
2.405317169122742182e+00,3.013954809430835713e+00,5.002341263179209463e+00,4.038155372194075277e+00,3.230655623554721245e+00,4.206614943952989627e+00
2.413006314057430490e+00,3.011826470967569502e+00,4.993686144820268957e+00,4.046534394527604661e+00,3.224869411167945898e+00,4.241987964828743074e+00
2.384492546950026437e+00,3.036471465652167190e+00,4.990629653395321164e+00,4.041803253527582740e+00,3.212884770506899024e+00,4.216182182096229525e+00
2.401560344485477394e+00,2.989870629843307537e+00,5.000196525258758129e+00,4.048652576600762387e+00,3.238000290443385776e+00,4.225030456040570925e+00
2.397364768418685177e+00,3.017968205030701956e+00,4.995700105177839134e+00,4.038992061763168273e+00,3.230188096077385662e+00,4.239749662913476769e+00
2.406315307413809723e+00,3.034345457825703640e+00,5.009741849411517123e+00,4.056481448136918466e+00,3.215921919478168522e+00,4.225350200840803261e+00
2.416576117013551794e+00,3.021934483624467926e+00,5.015351743202432822e+00,4.047690614880253612e+00,3.195054248111639517e+00,4.225752782905797034e+00
2.408740417664835487e+00,3.031990117866906864e+00,5.003521643195423252e+00,4.056160447800720270e+00,3.204445441870452882e+00,4.244246871066432725e+00
2.409763579096656283e+00,3.017068717240190434e+00,5.009761956500710767e+00,4.068090187211036657e+00,3.198454975426370694e+00,4.224878677911789282e+00
2.395752190599710563e+00,3.028350634418748744e+00,5.005838461378392168e+00,4.062973264401279927e+00,3.209519068908799788e+00,4.247358622017168628e+00
2.401632660003236275e+00,3.037054587112127724e+00,4.986856221774245590e+00,4.044205389730902489e+00,3.190023345269701327e+00,4.222357035968669514e+00
2.400606625256561877e+00,3.040971560336028556e+00,4.986960354350137514e+00,4.036957654772406201e+00,3.187479612244146665e+00,4.235327092175317887e+00
2.373247514532645486e+00,3.026480587693514135e+00,4.978823214260374108e+00,4.047461414408847880e+00,3.223383843191838238e+00,4.203382871917543895e+00
2.388354886402298316e+00,3.036184992405917438e+00,4.974585283066790709e+00,4.017826042716264645e+00,3.209808251283317926e+00,4.222974658870271014e+00
2.417815873520575032e+00,3.020119839955585306e+00,4.965906989394003546e+00,4.043408705405388659e+00,3.214928024997322886e+00,4.187509323908604308e+00
2.402285356187075838e+00,3.025877785685965105e+00,4.966760461040995445e+00,4.051471837868979797e+00,3.227712904738278876e+00,4.212912281900069722e+00
2.371953306665870453e+00,3.024318130707846830e+00,4.976747192628495853e+00,4.043546273861954532e+00,3.246666446824515440e+00,4.204681034315489008e+00
2.423283436190406981e+00,3.019343180185409370e+00,5.015377145587777363e+00,4.062370839466561634e+00,3.229011126283642952e+00,4.216706907671150084e+00
2.383348165214809189e+00,2.985107080056983886e+00,5.000880614156760551e+00,4.055481412144837705e+00,3.234759558297776838e+00,4.240562284579834085e+00
2.402921635537288214e+00,3.026300775686068256e+00,5.031439325498229032e+00,4.063123868494098900e+00,3.230061708394318387e+00,4.226325156912348113e+00
2.412336138783619077e+00,3.043624372730270533e+00,5.041512727177649644e+00,4.062603326633385414e+00,3.204293459484596873e+00,4.242996978104977224e+00
2.409568930228845662e+00,3.022049222733638629e+00,5.031858753720434230e+00,4.055662113602654273e+00,3.189478580642436167e+00,4.230876740412114145e+00
2.412248005591834943e+00,3.045700219509286821e+00,5.022096571436379442e+00,4.063288540199999410e+00,3.200767435404823225e+00,4.211001230766376224e+00
2.394372304542084162e+00,3.031216196032533006e+00,5.007759883879635332e+00,4.061160177299704799e+00,3.228213223647900421e+00,4.250649589381604088e+00
2.386972516078763373e+00,3.019100447926645447e+00,5.012106257292516354e+00,4.069052996736288286e+00,3.227486136805498340e+00,4.215860809405928222e+00
2.401703274878101535e+00,3.036988997274847613e+00,5.002629753462542794e+00,4.079142316970555626e+00,3.221243686581523047e+00,4.230478648288493737e+00
2.391898876135784668e+00,3.016858943534522552e+00,5.016883061225782647e+00,4.083746357546575112e+00,3.207955031850771022e+00,4.239673876879272996e+00
2.380914117051541989e+00,3.023823419239545895e+00,5.038907398294591111e+00,4.088496126114297802e+00,3.211418380827971042e+00,4.244874090212355178e+00
2.385362408873553886e+00,3.013728666056988637e+00,5.027768342197097340e+00,4.053372693527696136e+00,3.220288242882232588e+00,4.238610135863050132e+00
2.418160826303659139e+00,3.014522672220171007e+00,5.009413079438080452e+00,4.052349003491930723e+00,3.203757349898523010e+00,4.243122352284306231e+00
2.428183430840576751e+00,3.024395570933708921e+00,5.014123815566879472e+00,4.049313017731555497e+00,3.182187103727875055e+00,4.236390842848734906e+00
2.410341047314686680e+00,3.020878672777208340e+00,5.008545876475894332e+00,4.065881527490152081e+00,3.194880532874420087e+00,4.247424008637783466e+00
2.400551691030649248e+00,3.037139269329220070e+00,5.018960177321504013e+00,4.069069252755588728e+00,3.216523196745572744e+00,4.235579468013251692e+00
2.412422093121620037e+00,3.028410457873545347e+00,5.007859060796082673e+00,4.078848775269054983e+00,3.204380870973179363e+00,4.248319467527612581e+00
2.406464378305321006e+00,3.017594811559104695e+00,5.003699686718248607e+00,4.060834142424406323e+00,3.197000489544608914e+00,4.218801988633555489e+00
2.396428293036447776e+00,3.016255591795517610e+00,5.029094090080011625e+00,4.071267759884856119e+00,3.210261287613438874e+00,4.219123833910926713e+00
2.398208242045903660e+00,3.010801245704474827e+00,5.046622175703983970e+00,4.063967911049739534e+00,3.238890739621078652e+00,4.234779418585724819e+00
2.386452006688343896e+00,3.026270785742296798e+00,5.025385640876095295e+00,4.058150816372328329e+00,3.228004240403860692e+00,4.253710929061191415e+00
2.396398966196036540e+00,3.014623708109656519e+00,5.029970636414461183e+00,4.076292404104063571e+00,3.204798398014804484e+00,4.239026545593154616e+00
2.401537146369419951e+00,2.994934273034391303e+00,5.001197279729451495e+00,4.055831826906394433e+00,3.214128724321632991e+00,4.239307008803585575e+00
2.415585937042367348e+00,3.011766147535049232e+00,5.020304677916616498e+00,4.071590563952017128e+00,3.204047007372504474e+00,4.246468668132684421e+00
2.398859937516371499e+00,2.998331343990469300e+00,5.017112038667629115e+00,4.047442688387525855e+00,3.214044276720527726e+00,4.248656493665357914e+00
2.406237962509972128e+00,3.025929080805005889e+00,4.984132743422426515e+00,4.031618831501281974e+00,3.196886317148809109e+00,4.231008738226035959e+00
2.391952374437632312e+00,3.023838931785219231e+00,4.986909595789366989e+00,4.042357236641143992e+00,3.222302833545322542e+00,4.230931319192488438e+00
2.403209652241665051e+00,3.024953225449496408e+00,5.003681841903340199e+00,4.063921779108577326e+00,3.210304085133937502e+00,4.224303838627166741e+00
2.409966688833362181e+00,3.017886641102140999e+00,5.032858294727688531e+00,4.047722183646154548e+00,3.194319789620617911e+00,4.230457818589333563e+00
2.396924834682565120e+00,3.021680413355084305e+00,5.008614270940578095e+00,4.057242173687325426e+00,3.201171779127498507e+00,4.225914899132961366e+00
2.390135352009276737e+00,3.007457862769921775e+00,5.019930601275922832e+00,4.071062511496835512e+00,3.227695094728380898e+00,4.232894332756070632e+00
2.389284730921418465e+00,3.034697784844639035e+00,5.009707759284973250e+00,4.057454567275971868e+00,3.209700125156924599e+00,4.232914117526572539e+00
2.399031041805977704e+00,3.004643998452721121e+00,5.002299375690975936e+00,4.064423682766522106e+00,3.207385060345769645e+00,4.250943130457779162e+00
2.414703108100052287e+00,3.042714985183521570e+00,4.999342118022151560e+00,4.046868205702556232e+00,3.203467384389791395e+00,4.228961864404208626e+00
2.391025342584017555e+00,2.992016712044411886e+00,4.966209743260194820e+00,4.027779297441653306e+00,3.222244554063783184e+00,4.226244732378004798e+00
2.406609949449876495e+00,3.019669685384183122e+00,4.964021380599560551e+00,4.019658130900586990e+00,3.212087165639892827e+00,4.220277919967157843e+00
2.408506070815942479e+00,3.007465199436715420e+00,4.981152098284015395e+00,4.039083472465879510e+00,3.211595682772284466e+00,4.221152362664084556e+00
2.403283957520668146e+00,3.012402294534917147e+00,4.984990131372700084e+00,4.044562606337407829e+00,3.217885196279114179e+00,4.230174607850269553e+00
2.386744114232731029e+00,3.015559759938375439e+00,4.993164374800584504e+00,4.054592777677505033e+00,3.197054753957957907e+00,4.214429491688314933e+00
2.408528853691786598e+00,3.027478980615868398e+00,5.005073413130935123e+00,4.046402680268400331e+00,3.196678038904934294e+00,4.216841013366082969e+00
2.405576759208278403e+00,3.021286917858737375e+00,5.016744900487230652e+00,4.052405171086941316e+00,3.213133861598498342e+00,4.237684629855777985e+00
2.392518816516759905e+00,3.022733464258931413e+00,5.009263282050413046e+00,4.054068736137585560e+00,3.219801363886462209e+00,4.242736562392462218e+00
2.415661522193442767e+00,3.031380776728187509e+00,5.004991416339782617e+00,4.048434257597596009e+00,3.182689879361628726e+00,4.216487131439382807e+00
2.385473028619757407e+00,3.014558273893305884e+00,5.000110252867825622e+00,4.041981291753054428e+00,3.198602261833793481e+00,4.240021394341448868e+00
2.400017039175827094e+00,3.037715200620443756e+00,4.985799649390343369e+00,4.044439101255972169e+00,3.202897065813814503e+00,4.228553889777362684e+00
