VR1,VR2,VR3,VR4,VR5,VR6
2.409491239265868945e+00,3.033891747742825995e+00,5.033969246395700203e+00,4.051193414347919131e+00,3.189170780199702904e+00,4.206612649550478977e+00
2.397603424522801951e+00,3.019421397516676375e+00,4.990166118231669223e+00,4.039447368256890769e+00,3.193617310043115776e+00,4.197702524802171098e+00
2.385045038321730981e+00,3.043486649357499907e+00,4.989564451403857070e+00,4.082297589067233723e+00,3.205019925976470230e+00,4.203445192840719713e+00
2.380734360810045303e+00,3.028359063591842926e+00,5.004555543573667720e+00,4.070505952084173096e+00,3.215240275152542626e+00,4.206660661758875541e+00
2.396884477873332475e+00,3.016330579744024742e+00,5.015266949926582285e+00,4.040651173104784277e+00,3.201255119957955309e+00,4.212100520683394578e+00
2.387309081197627414e+00,3.003100904620785716e+00,4.971700501298339958e+00,4.042682381642285883e+00,3.195279500725304533e+00,4.197843679207304390e+00
2.396301439710186720e+00,3.003924306999941063e+00,4.986131992173415739e+00,4.050178082954100311e+00,3.196055858742963274e+00,4.203724821766234854e+00
2.381485153088457096e+00,3.028069716745963369e+00,5.004582985733623701e+00,4.087814043540424436e+00,3.180612959819299590e+00,4.195283945637969580e+00
2.380316692359407238e+00,3.040553482387891471e+00,5.004282854712386097e+00,4.042629545593809048e+00,3.164131806806607994e+00,4.202128954737530009e+00
2.390304802439047638e+00,3.013319278411210611e+00,4.994907013833792320e+00,4.058258719833755634e+00,3.165392798621224024e+00,4.217801484168863801e+00
2.394491992871429442e+00,3.001563376525366866e+00,4.993729569930167145e+00,4.045270408657305694e+00,3.188493798002475454e+00,4.225145386514990165e+00
2.391142754470114262e+00,3.035114298134849342e+00,4.975395887210471102e+00,4.057080231135774540e+00,3.195255942705371499e+00,4.222398210442303679e+00
2.399264374367318098e+00,3.022388816376652354e+00,5.006380577964397283e+00,4.049628209114847444e+00,3.187297290904826497e+00,4.224485289603464366e+00
2.402947565380054495e+00,3.018263146074063208e+00,5.009955703667631433e+00,4.070210957108781891e+00,3.192637643080586951e+00,4.234782889227888703e+00
2.395465249390574591e+00,3.032283500141291999e+00,4.978951335923256671e+00,4.030635356720724261e+00,3.182332980918522125e+00,4.197662592730779352e+00
2.402836140181015878e+00,3.031307567253505475e+00,4.995247390834063772e+00,4.089023875321901258e+00,3.199512960606711864e+00,4.212867761732009164e+00
2.414816206501300577e+00,3.051883300634117724e+00,5.016483436745073909e+00,4.063019863741597959e+00,3.190109454048290161e+00,4.216935875229332886e+00
2.418242814718817524e+00,3.024584054293999458e+00,5.014448964034086131e+00,4.053708209369796478e+00,3.197552774676955867e+00,4.217671204809549046e+00
2.402499957643956296e+00,3.018658957384855235e+00,5.015679701109589494e+00,4.055106556179705279e+00,3.213687049709001098e+00,4.206479702792961461e+00
2.415197854633170049e+00,3.028273231097043716e+00,5.018191252913809741e+00,4.054462669835153577e+00,3.214321289855678554e+00,4.213118481589577691e+00
2.387525280063858890e+00,3.005363517807066120e+00,4.983771682865782537e+00,4.045337700410552628e+00,3.227846123619197094e+00,4.191341258960991745e+00
2.392542304270175890e+00,3.015221037095624723e+00,5.001163619040546848e+00,4.052089522163719870e+00,3.189700691283244183e+00,4.198150997778566484e+00
2.405785106907352588e+00,3.037541414008682494e+00,5.024778063714622434e+00,4.069537269965822546e+00,3.203276904657035740e+00,4.234000826374737514e+00
2.400367244685917445e+00,2.994669189351250260e+00,5.024583886531529764e+00,4.026092020560016138e+00,3.221923161756881537e+00,4.221184290973568842e+00
2.393492186766581931e+00,3.032110698078616107e+00,4.975179110585129294e+00,4.039334132846869707e+00,3.204589289677715058e+00,4.193096687850054849e+00
2.381466068858055785e+00,3.025032541982243472e+00,4.999853581412439851e+00,4.081084897327281524e+00,3.214085694283058015e+00,4.220801581596492547e+00
2.385250257894691472e+00,3.002900331556007885e+00,4.995353598886757673e+00,4.052966441931315167e+00,3.222881702661462455e+00,4.219252465676555985e+00
2.404089723577405913e+00,3.014702861023146330e+00,5.010109799865467117e+00,4.045029606348375495e+00,3.230073658227323730e+00,4.238091952497259562e+00
2.407475945176578591e+00,3.013787515034596964e+00,4.984601334637491554e+00,4.043182599663179388e+00,3.234216253104970296e+00,4.221985019268243100e+00
2.407184923841826141e+00,3.018210630551890983e+00,5.018112016862055214e+00,4.059995301586982741e+00,3.219525764924079603e+00,4.215460055313540622e+00
2.382961224062951189e+00,3.015264486086083107e+00,5.030922373743941911e+00,4.041738368152658190e+00,3.193300239881871949e+00,4.231026482593416738e+00
2.390786202542255268e+00,3.012886011551997978e+00,5.014022896328980572e+00,4.045305005337075599e+00,3.191025456622714529e+00,4.245783517947898211e+00
2.373652369159111153e+00,3.013229111940421756e+00,5.005987911143067848e+00,4.027297917692020057e+00,3.203015480188144526e+00,4.226728987292045936e+00
2.394442536603569316e+00,3.035829744018146314e+00,5.029312188773761072e+00,4.059593146724483681e+00,3.207675508960468491e+00,4.222172024070626861e+00
2.389180552940846081e+00,3.022380251243709903e+00,4.991887012421170056e+00,4.042119657546529687e+00,3.229112233631211026e+00,4.211904748314198699e+00
2.411442286585491868e+00,3.043692946314269676e+00,4.987267697991944360e+00,4.062181453111488594e+00,3.200949460950322401e+00,4.170894399370567385e+00
2.409042340745753741e+00,3.051395280016448996e+00,5.013418529498505194e+00,4.075896575187559101e+00,3.208432064503394798e+00,4.216798888945169743e+00
2.420509974945215248e+00,3.016784398987539362e+00,5.003070307198239419e+00,4.042100791827362372e+00,3.206570957302209646e+00,4.222304165634626294e+00
2.399791305217551241e+00,3.017453403816976021e+00,5.002467002301374421e+00,4.042795502333318858e+00,3.201920072224653691e+00,4.226838286331140004e+00
2.410855652297838603e+00,3.017674812834183928e+00,5.026378342481301331e+00,4.048316447077881186e+00,3.207689295945623353e+00,4.228490276481482901e+00
2.396862745261572947e+00,3.019040173263550564e+00,5.008408856590119029e+00,4.046264539993343234e+00,3.193490585343476074e+00,4.228291853543784562e+00
2.415187481000293790e+00,3.026732998269146435e+00,5.016297804998085752e+00,4.063434989856435031e+00,3.202592762332285403e+00,4.228470081641932943e+00
2.405280134238158674e+00,3.008395876971249994e+00,5.030260967593504162e+00,4.038714202026235434e+00,3.191904649780514358e+00,4.227984132299059894e+00
2.405704544155613522e+00,3.033153748576143283e+00,5.028486995034232798e+00,4.052013988360281260e+00,3.165769590548506152e+00,4.219604381015476413e+00
2.396609586788280399e+00,3.020018323244088698e+00,5.003632857831481040e+00,4.030708451779339896e+00,3.194158517609358761e+00,4.237317412811281159e+00
2.415186301494529175e+00,2.989837589341223456e+00,5.006419876427942839e+00,4.040412479653712197e+00,3.211840435355718171e+00,4.231642093056817266e+00
2.416464937815218317e+00,3.012350519361552070e+00,4.975251006653242491e+00,4.043876686378636620e+00,3.211243404361527887e+00,4.221733202799820894e+00
2.396025838524513674e+00,3.012102905727728874e+00,4.991029361071000814e+00,4.082066561773494584e+00,3.195230933726299849e+00,4.213450680790156611e+00
2.397245888717096651e+00,3.043962852314033185e+00,5.005728316197186167e+00,4.092509149771751176e+00,3.218887049922319221e+00,4.228873224816282139e+00
2.405107404191654918e+00,3.018161383885221927e+00,5.007186499557287895e+00,4.058255177532414493e+00,3.200640707104109417e+00,4.216476064698875703e+00
2.402962203040198474e+00,3.023679297297951596e+00,5.019113215847731624e+00,4.077216169008643476e+00,3.204856066148660698e+00,4.229581194375018782e+00
2.366037478328975041e+00,3.040661310049326715e+00,5.000054435181756851e+00,4.061676540485748887e+00,3.201969584147193348e+00,4.208947261584610189e+00
2.407393645026061346e+00,3.026289308636624487e+00,5.019219586505141883e+00,4.052720238944030662e+00,3.191685270855245449e+00,4.207218778705047235e+00
2.395640346453913772e+00,3.036898310540316892e+00,5.006129938221957509e+00,4.054015368423948829e+00,3.179014813244719573e+00,4.219347596127857258e+00
2.407903784030688943e+00,3.038278538480178703e+00,5.044433196957808896e+00,4.044331356878672068e+00,3.184459947492653598e+00,4.240194891209053907e+00
2.375829898969771481e+00,3.009758562946098337e+00,5.000931465246420515e+00,4.025817708641240777e+00,3.188906695943829472e+00,4.233728303568169871e+00
2.394654574347780951e+00,3.027907101921743394e+00,4.981998432310433600e+00,4.050501089196576920e+00,3.204637808818378453e+00,4.222261143292660890e+00
2.401362017794878678e+00,3.017160096513195278e+00,5.025248108036027617e+00,4.058906357603051518e+00,3.204687303026306111e+00,4.253555627385138926e+00
2.404390833126571536e+00,2.986485371303762459e+00,5.014300185971686474e+00,4.042949537546969729e+00,3.199796413897070035e+00,4.239472459825879724e+00
2.412434617694341643e+00,3.033385832649002189e+00,5.026198574033688082e+00,4.049510027812702972e+00,3.196721124588414842e+00,4.239664319836216499e+00
2.409535398561691633e+00,3.037138572645414314e+00,5.012667319470366145e+00,4.043976565010253488e+00,3.224822897073114980e+00,4.254551896812759360e+00
2.400313439365087120e+00,2.989121214024621498e+00,5.036124441007800989e+00,4.031644396984802370e+00,3.241696850338783076e+00,4.257022513009239617e+00
2.409825564810215592e+00,2.999587188304589258e+00,5.038100096292501995e+00,4.023228611468399940e+00,3.250372168890200086e+00,4.282959363348664894e+00
2.414542836621187849e+00,3.019373687117413496e+00,5.030240359241215486e+00,4.035221598978186108e+00,3.235376469992789605e+00,4.270721889408511274e+00
2.395975686001442728e+00,3.027900186416041972e+00,5.011121807755030133e+00,4.046512822021870015e+00,3.235399160442138378e+00,4.255721219850506998e+00
2.402022133401943815e+00,3.007982769093386022e+00,5.006751838786556164e+00,4.055515551726952772e+00,3.218081718060674667e+00,4.242816102788389721e+00
2.392921689380960615e+00,3.024725554899783120e+00,4.995997135445423787e+00,4.069806828699016776e+00,3.212266655796172987e+00,4.219540764770102648e+00
2.406148885312009433e+00,3.026993925817244691e+00,5.015444414748838398e+00,4.072102693963537412e+00,3.212235887988556637e+00,4.208388429397924568e+00
2.401574521252238359e+00,3.047830841716234307e+00,4.997789389658198189e+00,4.047073028800376449e+00,3.198069663835003684e+00,4.223409690251707538e+00
2.408110267588393860e+00,3.016705414015599995e+00,5.012546694061801311e+00,4.022150201992196195e+00,3.207076033442117335e+00,4.224785509168351716e+00
2.419426404129005004e+00,3.031301698478032325e+00,5.010423675354567230e+00,4.064627534350989002e+00,3.207197519359166193e+00,4.244248397718465071e+00
2.394257528411761982e+00,3.019623406301992219e+00,4.994996116157526700e+00,4.032453033153893251e+00,3.196425408170577409e+00,4.231563705904617834e+00
2.391480025995901482e+00,3.002613509200683595e+00,5.009475272151108882e+00,4.049543878227947147e+00,3.204876150284472480e+00,4.220015939724526710e+00
2.404581101074552585e+00,3.021670840512659328e+00,5.051589431937027364e+00,4.061505690796979984e+00,3.227474131941582058e+00,4.249495922676439719e+00
2.408474812764359818e+00,3.028192641952310193e+00,5.053911604113110023e+00,4.037773330459725862e+00,3.238092629905614306e+00,4.272615655728198014e+00
