VR1,VR2,VR3,VR4,VR5,VR6
2.408940551748476988e+00,3.015383896614288073e+00,5.007359275083964611e+00,4.046602086827285838e+00,3.208471264427174674e+00,4.207814356339426354e+00
2.408281612596004262e+00,3.031417574574701845e+00,4.988449652918634847e+00,4.037067050136512236e+00,3.197673658447885092e+00,4.234414312735824915e+00
2.416942022879645879e+00,3.028439421124357267e+00,4.987473054892178403e+00,4.051047941529175134e+00,3.213720490967182819e+00,4.230015211406387365e+00
2.407832989896266707e+00,3.035645009325308674e+00,5.002343130148250161e+00,4.045771843232178533e+00,3.199375141409327217e+00,4.222777390571094358e+00
2.423911917511048397e+00,3.022572926380971747e+00,5.000897827052538602e+00,4.044410543860811558e+00,3.223491929916416865e+00,4.218414042769529360e+00
2.412355662731683115e+00,3.018801855291332714e+00,5.009067287858695039e+00,4.048865469928230709e+00,3.208802725584575022e+00,4.255500476936434850e+00
2.412587372570075051e+00,3.017703160202759527e+00,5.026888529040825837e+00,4.045794781573391674e+00,3.204704586838381442e+00,4.248036388426044141e+00
2.390190857635619448e+00,3.043111524360822884e+00,5.024404078075831670e+00,4.062534159560896363e+00,3.214526183744274235e+00,4.249347087610090057e+00
2.371841712383992995e+00,3.032596384298216208e+00,5.009918598048121119e+00,4.039970370299282187e+00,3.202316081098667944e+00,4.227308791355077311e+00
2.394525776555336272e+00,3.035206051265717520e+00,5.012856092576379652e+00,4.044915333572313365e+00,3.195956665292033261e+00,4.235559386320914221e+00
2.401912101740248495e+00,3.037861115630529074e+00,5.026679612823342858e+00,4.045430999839973119e+00,3.216270667005762807e+00,4.224854625204793379e+00
2.438240373057824595e+00,3.036945881819265391e+00,5.004173512376583588e+00,4.043834103016458847e+00,3.207059784713431672e+00,4.226809908158886131e+00
2.429286028215513760e+00,3.051207150706068294e+00,4.987117173217499477e+00,4.053147487936493043e+00,3.211502061109115402e+00,4.199135910895535062e+00
2.421617215051873551e+00,3.029679721689059413e+00,4.981432259369592330e+00,4.023130181071233658e+00,3.201846202269671871e+00,4.239134016785440551e+00
2.404002787159035481e+00,3.058981994588160447e+00,5.003182157235094074e+00,4.074238080591361388e+00,3.220319886265855303e+00,4.222272625742563790e+00
2.410573432782842307e+00,3.045199966904209354e+00,4.984701616748155928e+00,4.043050670264426216e+00,3.224170585979721615e+00,4.215903972005849987e+00
2.400164338986702894e+00,3.018987776355687824e+00,5.011604515008458272e+00,4.062214131474735090e+00,3.214649656862047067e+00,4.211787325017392725e+00
2.411057897557401741e+00,3.007501749203441932e+00,5.001227252679538715e+00,4.077959123070518999e+00,3.225998952635501738e+00,4.224801244078229878e+00
2.374240094140435797e+00,2.997603373245332214e+00,5.013601767740060389e+00,4.048270774302438646e+00,3.200095065841682906e+00,4.245835078238918925e+00
2.393281708831008103e+00,2.992511916183679954e+00,5.014435039162078667e+00,4.026868032748076587e+00,3.211292560518105521e+00,4.222046257434796779e+00
2.400593283665403366e+00,3.018289339811937921e+00,5.034319858021394367e+00,4.056127825998466996e+00,3.212605674999604144e+00,4.236712416666570391e+00
2.369785750117824996e+00,3.002885150987185447e+00,5.027769663224049168e+00,4.049944449173310979e+00,3.202146310661459605e+00,4.233398894257137890e+00
2.405498217252877158e+00,3.002652007727753869e+00,5.019036659015812418e+00,4.041997498897283769e+00,3.203419478900353390e+00,4.236810842413330391e+00
2.418903005465917300e+00,3.026029939595932472e+00,5.023177909457371193e+00,4.047274520972023559e+00,3.205387648229176989e+00,4.255549067596501089e+00
2.396065903078958392e+00,3.023886253161962134e+00,5.031274941950524493e+00,4.061046588065690521e+00,3.225391147607114206e+00,4.227630170551604394e+00
2.380725907111386874e+00,3.017558147913588673e+00,5.024115442781947216e+00,4.055374234075563855e+00,3.214403622823175599e+00,4.236410923102168269e+00
2.396261847884709972e+00,3.015962968039812342e+00,5.018109203749714808e+00,4.048128126487037903e+00,3.209036196125432561e+00,4.243040030227189341e+00
2.393366133341027879e+00,3.014338865608179319e+00,4.997006005156466202e+00,4.057612650853312353e+00,3.226150857681754580e+00,4.234259755609267373e+00
2.391357562904263823e+00,3.032715435307753005e+00,5.004460963366078374e+00,4.069555177536463120e+00,3.217958234974342524e+00,4.220470224510130208e+00
2.392810324221611662e+00,3.019348147232438162e+00,5.004247486507749088e+00,4.062676284145714689e+00,3.222295056336740515e+00,4.222239219357875051e+00
2.389753138726142367e+00,3.013583947554600684e+00,4.991674122884643516e+00,4.049167089198133951e+00,3.216388715725781111e+00,4.236976032437361539e+00
2.397207225317028900e+00,3.016715635648628879e+00,4.987744856807968752e+00,4.065899139485705582e+00,3.222464149225814367e+00,4.204699984552223491e+00
2.380245235189946573e+00,3.014426892925701651e+00,4.979661122093287595e+00,4.063666173611872878e+00,3.229125171015030826e+00,4.225549537098080677e+00
2.401782855612794698e+00,3.035256581155457045e+00,5.004415850345931283e+00,4.046663229066060907e+00,3.210080855612627904e+00,4.209392972192087079e+00
2.398585728801673866e+00,3.024018437156895889e+00,5.027927268156690666e+00,4.031215675944497256e+00,3.213249653513072346e+00,4.224695345956603454e+00
2.392467359267168803e+00,3.013595147600193425e+00,5.014360284732258144e+00,4.070684245233847420e+00,3.227250422695688847e+00,4.227894330737808737e+00
2.385065900655432447e+00,3.019014095866793923e+00,4.992544487247078777e+00,4.052181381459137199e+00,3.219737139843180440e+00,4.220759215418678600e+00
2.406402910481132196e+00,3.023370810367894901e+00,5.000017501286997401e+00,4.042755949322868858e+00,3.202624568710866093e+00,4.220945119555757685e+00
2.408743563249738262e+00,3.026818532463297462e+00,5.012985107046250555e+00,4.048854314806765053e+00,3.198146639745386821e+00,4.242478662723290661e+00
2.402424646086320781e+00,3.033407879522454387e+00,5.010606750041085355e+00,4.058858267008366383e+00,3.236632542595629491e+00,4.226435825630193932e+00
2.405333515583991666e+00,3.025474568183819102e+00,5.003777206908000430e+00,4.036849876965460382e+00,3.191094231488802890e+00,4.223123143553393355e+00
2.421015033743637801e+00,3.022123947776476971e+00,4.999269438916708275e+00,4.046279752225196980e+00,3.209021493440666006e+00,4.220837315522408595e+00
2.423100341636259536e+00,3.038240985392385518e+00,5.013271221153002166e+00,4.075587746938988509e+00,3.210592693223376148e+00,4.239454004574522372e+00
2.390513161858718760e+00,3.009808030830085634e+00,5.003907909153912925e+00,4.045306156502251227e+00,3.246906060788190995e+00,4.225830757387885050e+00
2.405695517451642118e+00,2.996280965600639057e+00,5.005358530540020112e+00,4.069998622697669433e+00,3.220871678348443901e+00,4.224052408495890809e+00
2.394461670147139731e+00,3.011608612540346286e+00,5.033205038361427519e+00,4.046116403898756708e+00,3.205705558323630022e+00,4.240683939810859115e+00
2.380182142527438760e+00,3.013639364194734327e+00,5.029106818594031303e+00,4.048416177282810224e+00,3.211708239510077778e+00,4.226404649792797841e+00
2.400273022897753350e+00,3.005219385937265120e+00,5.025110458933559343e+00,4.043825300674051881e+00,3.208477791695175441e+00,4.265377029605600612e+00
2.414131835719737218e+00,3.014794625375407655e+00,5.053047591247334047e+00,4.059700526510284568e+00,3.229682306788436374e+00,4.252751283681775796e+00
2.391558612445473742e+00,3.021520637806182297e+00,5.023877799811262257e+00,4.060550893292782071e+00,3.195743631809447649e+00,4.214062540619684327e+00
2.384123159005642645e+00,2.996083657046161974e+00,5.021390750851065121e+00,4.054863901388096714e+00,3.231788733859209284e+00,4.257442226833658694e+00
2.367968882337943004e+00,2.987989558280269797e+00,5.044070624379688894e+00,4.058312114147221372e+00,3.217604608739624172e+00,4.234703830608742336e+00
2.357797062120945863e+00,2.984258470149869780e+00,5.037075898443871935e+00,4.058087546943895063e+00,3.219650483424957965e+00,4.217384436763097710e+00
2.376055398595669388e+00,2.987799450524177391e+00,5.048619724386859353e+00,4.032468687164695531e+00,3.183259508364199242e+00,4.236973700139827770e+00
2.389577941606903178e+00,2.998434449986340677e+00,5.034493804973743103e+00,4.064610950746444296e+00,3.205081637187741084e+00,4.232996030638924267e+00
2.397806806646765931e+00,3.006151103445144912e+00,5.009543931482011381e+00,4.043789798008772252e+00,3.196694859619393814e+00,4.226132489997239006e+00
2.403130214666720388e+00,3.001845404405270923e+00,4.999616183023861460e+00,4.035117895438617097e+00,3.202733467174361692e+00,4.227547232771845742e+00
2.399787455175927064e+00,2.999228185117668755e+00,5.003886537010272306e+00,4.070548367791877453e+00,3.210633427957653385e+00,4.229715686846473588e+00
2.388945442303994859e+00,3.005211796782875755e+00,5.010203684718997685e+00,4.044131695470574606e+00,3.199312834958599527e+00,4.233631688883756183e+00
2.377612848674134138e+00,2.981529819412125359e+00,5.045785899717983192e+00,4.060341369277604251e+00,3.201445201835745991e+00,4.239697050433080427e+00
2.387847621833700806e+00,2.985714528526891787e+00,5.051029498199815393e+00,4.050984984445120674e+00,3.218843575714561034e+00,4.240096993381410329e+00
2.377792501899915312e+00,2.984169237126111263e+00,5.038225845147600523e+00,4.057023831105035505e+00,3.199016545527785471e+00,4.216811057390480677e+00
2.399878891519612090e+00,2.987732700255718576e+00,5.036379863582835625e+00,4.049612976370319473e+00,3.216653630607169578e+00,4.227425183480751691e+00
2.383312869211739127e+00,2.994926966397832846e+00,5.036480394246273029e+00,4.056459585001928936e+00,3.223458270319237595e+00,4.254852659568095774e+00
2.395143887582134035e+00,2.994881176919209409e+00,5.036238609833354474e+00,4.034861767353454809e+00,3.215950902777285236e+00,4.248449021475480869e+00
2.391041001132784061e+00,3.006368900033737468e+00,5.031047527568988542e+00,4.030715435507350008e+00,3.217582070987704324e+00,4.210459360770551385e+00
2.400220872800072680e+00,2.989146199625664746e+00,5.020781591528594490e+00,4.066437573210818890e+00,3.203263386232586551e+00,4.233621295172432575e+00
2.386800446140570298e+00,2.997490888024565425e+00,5.027076830869241952e+00,4.026013009406527843e+00,3.189330568948770317e+00,4.226922828709019697e+00
2.412732150921342633e+00,3.027021534291214344e+00,5.033595091336655614e+00,4.057367176058006564e+00,3.199860470167375404e+00,4.230419424836054709e+00
2.391355465220868837e+00,3.042328701802765600e+00,5.030488232749371846e+00,4.066852073493922859e+00,3.216013384409427189e+00,4.235978175972979543e+00
2.369603026451487349e+00,3.039869422692945466e+00,5.011951243007352730e+00,4.036367452424334701e+00,3.207285667361003068e+00,4.225088871077828045e+00
2.387536711017305802e+00,3.018596258394153686e+00,4.999353497810695046e+00,4.061270473103875567e+00,3.195929011482234294e+00,4.228138904266232956e+00
2.365098095166374925e+00,3.010208494584257988e+00,5.004387145226862010e+00,4.056354558263189247e+00,3.218980376858356252e+00,4.219626027094432352e+00
2.398122361594011931e+00,3.034654717788163314e+00,5.019900100780181340e+00,4.041691645730309368e+00,3.204551392727283510e+00,4.229384224421979255e+00
2.395097075448041402e+00,3.018363487476950269e+00,5.022517348256797298e+00,4.046445759799129682e+00,3.213660235246675434e+00,4.233589753885790508e+00
