VR1,VR2,VR3,VR4,VR5,VR6
2.215617435968517235e+00,3.455127968198766997e+00,4.711300914185715172e+00,5.325381196827795094e+00,3.883276655650145237e+00,3.568269944472881594e+00
2.744821497173485891e+00,3.066255551501702481e+00,4.660192766270538023e+00,4.143257776467559772e+00,4.765452905799722139e+00,4.351883590797056556e+00
2.829085389150057139e+00,3.357732727116585547e+00,4.404457507961126339e+00,3.979498454949213837e+00,2.827371241734850660e+00,3.256533177755153385e+00
3.246397803694350159e+00,1.942420540280046959e+00,4.738694247677197602e+00,4.120815535469551705e+00,3.001694060317395607e+00,3.117116074589808328e+00
1.950381660466898204e+00,2.957908986854036026e+00,6.262045546418946174e+00,4.611556245161673395e+00,2.818913147066792746e+00,4.894412992285197106e+00
1.050578840106280332e+00,1.682573754157090651e+00,4.974185093408987512e+00,3.582996076041605527e+00,3.000745953790968201e+00,3.583103610443615139e+00
1.617270304930481739e+00,2.378155411308234157e+00,5.670982684517979600e+00,3.745870132556986309e+00,2.247561928492499028e+00,4.922935918751662143e+00
2.027115384865957992e+00,2.887846705420753501e+00,4.796419165665668061e+00,4.290630872073421642e+00,2.022515263974632660e+00,4.294637122856319600e+00
2.622512311729348067e+00,2.648219612466167661e+00,4.929890067337532322e+00,5.384589134499821128e+00,2.097963905587062250e+00,3.388444791488840035e+00
3.259793874309366402e+00,4.365099261730317259e+00,3.622491557953304575e+00,4.787977316858308185e+00,2.619251419595625574e+00,3.647679671015208847e+00
2.128112093936638249e+00,2.995649084858841071e+00,6.696404213036746711e+00,4.988696582674884361e+00,2.938590124584301577e+00,5.274488597637955856e+00
2.605028116434768393e+00,2.906233697092194479e+00,5.840100498118494521e+00,3.600492649971638759e+00,3.278900877770070554e+00,4.594463339500472365e+00
1.386393653804739445e+00,2.879858455071612422e+00,4.319394640943133190e+00,3.039218069216733653e+00,3.494300822446741339e+00,4.340935343873941754e+00
1.989847459742979607e+00,2.692426015934969552e+00,5.500877148840805475e+00,3.515144298644577781e+00,4.064085750665323182e+00,4.023004976427241530e+00
3.232120886015690253e+00,2.497785142780806211e+00,5.880430104872695907e+00,3.659108257181754809e+00,3.862209867711030142e+00,5.217923974073332971e+00
2.306481747988967879e+00,2.708145502940554117e+00,4.249588023741894816e+00,3.230546705349207848e+00,4.338383131659870884e+00,3.957127685976673526e+00
3.842859112740671268e+00,4.698023151357340055e+00,4.961795215751010346e+00,4.759504187905716499e+00,3.853726105942853142e+00,4.277249950379851562e+00
3.918985980796977131e+00,2.846666708714140626e+00,6.154989099527167440e+00,4.061220877692104381e+00,2.836956981534408673e+00,3.192287604846311133e+00
2.915641219115545191e+00,4.313551823408678487e+00,5.550645363130813692e+00,5.276112504095645583e+00,2.999141102910915624e+00,4.345166795418920813e+00
2.135237377477483101e+00,2.605121504388480780e+00,4.569861272264210683e+00,3.961239552599747693e+00,2.515144582647576676e+00,3.368707423906411869e+00
2.957423604514141324e+00,4.055314141139980677e+00,5.012862417232659240e+00,4.235873407706748139e+00,3.012732977022312575e+00,2.988504933904776006e+00
3.206733052085284807e+00,3.627651196399150457e+00,6.543832520876872394e+00,4.457567466371556542e+00,3.671946969712094333e+00,4.046296872765517527e+00
2.296325831216305069e+00,2.634286009781845017e+00,5.205011353969724475e+00,3.118890848901196389e+00,3.770458053071952698e+00,4.349002801967568388e+00
1.889056214068664419e+00,1.822228093687007222e+00,5.375201146408551622e+00,4.042982642055567233e+00,2.854055891846153603e+00,3.551033894531759216e+00
3.006055508259002806e+00,2.742040681792080381e+00,3.538447960513350310e+00,4.024771596744146862e+00,2.736662320610516286e+00,3.815075948041648068e+00
3.195079717554130561e+00,3.249040446361290968e+00,5.419536274601070680e+00,5.066162771793838004e+00,2.914141596910300169e+00,4.550816115846579635e+00
3.506964081336016115e+00,4.092797492938164972e+00,5.928395325931440141e+00,4.597247575605991621e+00,2.828017658308545901e+00,3.523196683507401783e+00
3.282947174809396795e+00,3.508075617197514706e+00,4.471506782962501703e+00,4.170708420539970263e+00,3.620335776354565382e+00,2.961410439883811474e+00
2.618107572633328939e+00,2.817129777047411299e+00,3.367353476550344116e+00,4.319488734376557559e+00,3.371079052763291450e+00,3.571767782491994225e+00
3.431916576588019296e+00,2.896119315933412430e+00,6.340717849559082353e+00,3.952461101729016768e+00,4.135256197834721981e+00,4.729530728929469241e+00
2.299469629749216981e+00,3.111198177912942509e+00,6.324777404870379982e+00,4.316020442897542608e+00,4.218437914345753548e+00,4.366404151337851758e+00
1.987895030894082815e+00,3.051918419742818411e+00,4.469794960898257230e+00,3.198989011147924000e+00,4.675920921103851491e+00,3.671877556945807086e+00
2.392832605440034399e+00,2.950304578322815008e+00,4.869308505602154113e+00,3.462335004473206190e+00,3.858137652698643283e+00,4.068675222602954555e+00
2.238004349696171680e+00,2.885031399424642373e+00,5.282363735362599400e+00,4.352836255941075372e+00,2.267141051111579486e+00,4.778164621439350057e+00
1.562940005731916937e+00,3.278454799485069238e+00,4.259210972976375409e+00,3.457823378661851521e+00,2.110122506879435811e+00,4.146754101594130937e+00
1.693435205204834482e+00,3.405958833991215684e+00,4.625507609326207970e+00,4.137097562594695077e+00,2.629681400252848800e+00,4.172785490154663712e+00
1.094917591447928551e+00,2.759916819636021756e+00,4.385691191163452629e+00,3.874378365914686650e+00,3.394416748510491910e+00,3.451647524652144305e+00
1.383534789135193677e+00,1.762474675309751992e+00,5.161664867240080667e+00,4.170610109283176214e+00,3.852572173563670432e+00,4.048793821672773241e+00
1.827177470871542919e+00,2.510603670707248103e+00,3.377391311613692437e+00,3.304467903486783431e+00,3.025215860919138411e+00,3.387132855681667554e+00
3.108849794039326486e+00,3.334703946304786726e+00,4.306389651844439115e+00,3.432363162872034579e+00,4.018213383708886255e+00,3.787229644576393106e+00
2.557553109696319993e+00,2.917823226761728339e+00,4.919274715294438494e+00,5.512028205528467950e+00,3.440116238811713245e+00,3.965697451447359523e+00
2.558526601496215580e+00,2.477096738290888389e+00,5.092969706122315365e+00,4.257338776864121321e+00,3.257767308770922909e+00,3.325440676391645312e+00
2.547886667857754084e+00,3.934935253272835443e+00,5.031812100041446634e+00,4.116079263233593188e+00,2.378240535074547246e+00,3.756085690832960289e+00
2.835580792241525039e+00,3.865317106846939854e+00,4.002736260139379887e+00,4.838534005336855515e+00,2.593212196212060228e+00,3.234547420709612986e+00
4.209489953898287951e+00,4.578104682980647766e+00,4.836514695886267035e+00,4.251430195448014260e+00,2.119080079436031827e+00,2.733849851312238233e+00
3.696233001470289992e+00,3.254587397432070706e+00,5.975737564008144709e+00,3.505838803840521933e+00,2.587979243879807711e+00,4.101898188004952317e+00
3.653924164855745449e+00,3.281214612802129338e+00,4.846064638402592273e+00,4.097350321417180474e+00,3.059069961112799607e+00,3.823990228016274973e+00
3.702156790208427584e+00,3.267198699584190180e+00,4.349394045625055938e+00,4.206476642234142638e+00,2.472563632908526987e+00,3.604984599192735839e+00
3.804949898538192432e+00,3.970756040330242875e+00,7.118181221765686573e+00,4.361191731551555151e+00,1.812559627118670580e+00,4.988448783191459235e+00
3.348427829196041650e+00,3.957212893149766764e+00,5.102718876103528700e+00,4.540614776715234058e+00,3.802698253577788456e+00,4.694136412039158657e+00
2.525203904281180911e+00,3.958987047554030525e+00,6.046184236804069911e+00,4.547309556461949676e+00,3.928262951423594718e+00,4.221152791794227532e+00
2.075578110372662266e+00,2.564399524036861777e+00,5.289275034408475129e+00,4.525913374658518507e+00,3.968958699406766488e+00,3.920818569779614293e+00
1.474542578340135357e+00,7.343845009142091484e-01,3.269526834557336059e+00,2.689447913895508080e+00,3.873138590467496645e+00,2.369516456091430801e+00
2.485907124076669916e+00,2.142651493838147125e+00,2.605018165775082828e+00,3.498151604430735251e+00,4.485126666710774757e+00,3.464329234668718449e+00
3.894249966884687275e+00,3.579796294466439210e+00,4.086170252160856720e+00,3.539079257900004993e+00,4.487692420678035532e+00,3.443940208280373838e+00
2.922411949526564356e+00,4.149812111091391920e+00,3.849040701691360589e+00,4.528435083180138321e+00,4.170554081819318526e+00,2.540282551228335350e+00
3.198163393974053914e+00,2.794457683280366478e+00,4.622596663019315599e+00,3.665143891034403190e+00,2.840174095556265321e+00,2.572016936225376860e+00
2.927986709535862708e+00,4.227871169043260657e+00,5.279062049780275601e+00,4.762347585499953517e+00,3.168531698495797855e+00,3.688734556754397431e+00
2.462044174596944579e+00,3.496642271130419033e+00,5.778555567738438370e+00,4.080986434546513664e+00,3.148309805899786262e+00,4.221841530881300208e+00
3.065399829612680094e+00,3.419172883443708510e+00,4.517798041450053148e+00,3.331820799980111047e+00,2.399301453301633913e+00,4.063658191760660898e+00
3.319488785047075119e+00,1.778822806278973268e+00,5.574805925243678573e+00,4.836798943094322567e+00,3.005555019619453372e+00,5.443346763524428589e+00
1.991445615236123068e+00,3.080725614136535118e+00,4.833706737252548180e+00,5.126727286454174859e+00,2.976843252843002663e+00,4.842401534820906406e+00
3.361043240158003265e+00,3.107394281082696885e+00,4.257517931318438364e+00,3.521948268424612394e+00,3.902387792733598815e+00,3.320017843177061501e+00
3.039987068215608712e+00,2.608264639208192737e+00,4.355521272744497630e+00,3.595615880018721899e+00,3.785212228677234947e+00,4.195717565959458106e+00
2.387174955856986358e+00,2.685057521988115870e+00,5.681112841697840921e+00,4.759768484917508147e+00,3.547721914780140651e+00,3.994451579684073383e+00
1.306542321977075538e+00,2.912068028946984022e+00,4.663345438368000195e+00,4.028617699829871057e+00,3.865068213531548391e+00,4.133118978336277394e+00
9.416692446929875171e-01,3.019546166461472669e+00,4.447487321436348395e+00,4.429210775163030966e+00,2.654264285252112998e+00,3.880119609884222331e+00
1.376413847031777937e+00,3.298881724700487350e+00,4.488281760476644955e+00,3.982466940544882927e+00,2.570184467518125793e+00,3.773356845401412585e+00
1.991122838170520382e+00,2.707756095639393124e+00,4.128242330917253788e+00,3.638945648686533474e+00,2.932810519905027391e+00,3.486726291838216252e+00
2.125079266207008821e+00,3.122665883163934453e+00,5.192697222347807617e+00,4.371892155770837896e+00,2.733120024170336837e+00,3.554090598679950475e+00
2.577865334994061453e+00,2.621011784004640965e+00,4.691257932054034185e+00,3.676447068721186540e+00,3.226406733530321258e+00,5.203703912765089257e+00
2.768041734813877497e+00,3.903481613566067043e+00,4.050164837345711533e+00,4.839514473836437070e+00,2.373461536926424920e+00,4.483058814717264973e+00
2.729371025064608158e+00,2.535681941028342212e+00,4.915245929169254957e+00,4.152362074311195528e+00,3.061269084507929783e+00,3.235200347767242413e+00
2.718335983396090949e+00,1.505988380050124364e+00,4.787009680002776157e+00,3.377371164005507520e+00,3.532338225412947175e+00,2.956216277087569289e+00
2.842441257077845673e+00,3.372111304429266987e+00,4.085360418381280390e+00,3.651804336130494377e+00,2.850867944892381267e+00,3.661195180300136354e+00
2.860500565567762443e+00,3.367576408618617290e+00,5.017675032716656602e+00,4.507595609623471944e+00,2.572229699644987377e+00,3.679700306603267190e+00
1.811262249477346042e+00,3.738035966337510452e+00,6.398592198956691846e+00,5.199589239451078093e+00,2.775314459772785458e+00,4.566325282766245053e+00
1.468368843020104952e+00,2.537858841344978966e+00,6.164588218049198431e+00,3.878909448695724738e+00,3.464963859173078475e+00,4.359914749599886008e+00
1.116948352884487683e+00,1.528413888572971668e+00,6.401743146927409533e+00,4.001374211306131023e+00,3.893616513883416452e+00,6.099230072536289349e+00
1.060675407306575835e+00,2.122871975283910473e+00,5.492927542382282091e+00,5.215533278155294994e+00,3.845387543013143450e+00,5.359222646871995011e+00
2.521494221901633193e+00,2.642692043806982305e+00,4.282654300628854216e+00,3.298202087899065216e+00,2.949028861715091043e+00,4.655408132956099898e+00
3.188408840167343605e+00,2.919197559792269470e+00,6.280067033510664309e+00,4.097911927742303284e+00,3.295120980541176525e+00,5.209587985873042726e+00
1.438934136357606253e+00,1.646480697295892748e+00,5.445874734507826886e+00,4.540376998231185901e+00,3.028727672629544010e+00,5.637717885162003562e+00
2.101519654749200328e+00,3.195182216816057963e+00,4.989003968867210759e+00,3.651265438114533524e+00,3.987468020890170273e+00,5.528110438087999512e+00
2.012647858777098619e+00,2.676510585860433000e+00,3.940179498849294415e+00,4.473689661283711594e+00,4.119345012694387798e+00,4.395714162397885261e+00
2.572012342444623734e+00,3.198962479862000219e+00,4.510117382414555287e+00,3.685561016171637228e+00,2.045313387327569288e+00,3.913763131421214680e+00
2.124310424384358686e+00,3.362850896156324154e+00,6.599682671831919478e+00,4.287789883820183334e+00,1.846057706295375134e+00,4.875968653916574524e+00
1.685045892643657339e+00,2.430041458385249875e+00,5.613588776093576094e+00,3.810268761360590339e+00,2.997019211930278981e+00,4.643169775098644259e+00
1.930929762911999026e+00,3.069367611170733312e+00,4.453816641620971239e+00,3.558622707216913206e+00,3.407445721580021125e+00,4.669200915986669642e+00
2.477017144685902394e+00,2.102624415218203424e+00,5.795897379465953847e+00,2.811486594034789732e+00,3.330574750070820933e+00,3.994725998338681805e+00
1.846338802705568050e+00,2.705203590833184180e+00,4.689292018447184240e+00,4.712873601547740599e+00,2.784838279887686507e+00,3.994151358743828428e+00
2.684260223098750231e+00,3.429482450103261026e+00,5.307941922774688237e+00,3.518774578966928246e+00,3.790045602710950146e+00,4.658587138797185112e+00
2.711811287725147235e+00,2.764237862213244412e+00,6.174067777742175522e+00,3.523143774262897487e+00,3.833734954401889716e+00,5.234055498924834460e+00
1.874303007028637946e+00,2.450921108039719964e+00,4.665003384211491522e+00,3.575623720816876627e+00,3.844109921311983591e+00,4.467468309355169254e+00
3.368002234596168876e+00,4.974881716048057179e+00,5.891910797397869715e+00,4.678042636423390022e+00,3.630786890922991006e+00,5.554956354729013945e+00
2.873910885588704556e+00,4.075033644703441205e+00,5.249104046309005511e+00,4.276857025881717789e+00,2.624629139686540213e+00,4.305161288754166371e+00
3.718625138115070783e+00,3.934404010303041765e+00,4.999653893678128291e+00,4.833868183476745628e+00,2.231934787557179334e+00,4.524760373980819317e+00
3.133695280407608585e+00,3.084230705136723039e+00,5.979318838848104889e+00,4.392499716146454958e+00,3.186238319527752161e+00,4.730006302864783407e+00
2.970426647322065072e+00,2.875332428869265655e+00,4.081442713838311143e+00,4.773579224440990920e+00,3.271581579227466730e+00,4.151347237294856107e+00
2.406490058737274396e+00,1.937812006282230604e+00,5.329980554582500751e+00,3.803744870813830836e+00,4.103043434358444763e+00,3.623105093353355954e+00
1.775244495733721450e+00,2.896727722335437072e+00,4.809494417809987432e+00,3.639020575478860042e+00,4.457399566402551194e+00,4.589443922033686007e+00
2.892607534078714959e+00,3.573326779759901317e+00,5.406654977989427735e+00,3.500563312700044172e+00,4.110795362273684361e+00,4.649928406947100967e+00
1.816305818940020966e+00,1.737117760428332991e+00,5.880080122746104365e+00,3.816911826103345007e+00,3.417531628662064058e+00,4.046045220750698057e+00
1.677778279228090863e+00,3.877423395286661467e+00,4.934181039805185520e+00,4.642474829823630245e+00,2.888098306802991733e+00,4.964793650708783979e+00
2.041667075595366754e+00,2.845750217789328129e+00,4.400087507488462890e+00,4.175574801945495018e+00,2.283853026815015674e+00,4.133258148701790979e+00
2.246040756617070144e+00,3.536363585284553857e+00,5.713477335179412364e+00,4.990044634361090914e+00,3.687236457295284708e+00,4.275990803300270926e+00
1.741867813763752437e+00,1.363863857922376077e+00,6.774446547864982016e+00,3.376506919680177354e+00,3.118790373442500208e+00,5.261972611225739449e+00
8.232140052562253452e-01,2.295818908285608195e+00,4.024906088855589203e+00,3.930456862666644735e+00,3.213221934156534232e+00,4.692560194917857253e+00
1.661060287584951611e+00,2.493324677703098402e+00,5.454518264041284148e+00,3.023120053550493846e+00,3.323613566204952186e+00,5.688459500082665876e+00
2.713528786573065066e+00,3.862197042019774429e+00,6.080090204525088637e+00,4.931079158137778862e+00,3.865238351391997451e+00,5.717623441314221289e+00
1.022172458788192850e+00,1.414159960812870542e+00,5.966825206188500097e+00,2.951900841228134009e+00,4.414263671264990307e+00,4.556778414375005859e+00
1.334881371933086980e+00,2.696029469828760128e+00,3.767626244432078941e+00,4.237126435686279002e+00,3.507373470752895184e+00,4.437652811836882982e+00
1.600358634326633389e+00,2.755833982311297170e+00,5.447547379931773293e+00,3.059999055547436342e+00,3.958692688151642880e+00,4.140210520648440529e+00
1.556850941746577677e+00,3.982909821794438088e+00,4.132158810370944124e+00,3.550308028598347043e+00,3.885863992326480165e+00,4.124641004377092912e+00
2.295353759145802641e+00,2.848679556415593339e+00,5.607902749127212871e+00,2.412711586053426949e+00,3.463985416717333621e+00,3.976193230463625383e+00
2.358562476852980705e+00,3.365482140464621352e+00,5.148561484477089500e+00,4.503583606230234793e+00,3.698758329000181089e+00,5.134722093623622641e+00
2.928364092308149313e+00,2.569799021510775106e+00,4.936085672704003002e+00,3.081222638969202787e+00,2.391217053906417700e+00,3.920190261158494671e+00
2.435131353075253635e+00,3.381895956761240551e+00,5.855294500722119544e+00,4.196504872442826439e+00,3.515024680249584588e+00,4.448403965440130392e+00
2.222463357792838323e+00,3.371203135639991633e+00,5.403262085598314002e+00,3.154174712974124883e+00,4.892603083657009577e+00,4.149556580683920082e+00
1.861367194715962903e+00,3.210940002038912500e+00,6.638454254434877910e+00,3.452653093702775511e+00,4.086677730797981134e+00,5.191786738717883765e+00
1.671655797974433533e+00,1.501035428740482569e+00,5.110979008472188667e+00,2.562501370396587319e+00,3.491418997102289978e+00,4.704953084966341237e+00
2.474404318865155883e+00,3.226654872110283900e+00,5.314962021056842900e+00,4.635517058882220098e+00,3.826009911147954412e+00,5.581127534018586189e+00
1.848234483553819363e+00,2.530822140394168862e+00,3.510630678336886135e+00,3.744024848962574481e+00,3.537903790009123917e+00,4.357165700671502329e+00
2.851612141981078263e+00,2.840566755804031285e+00,5.783658662440180898e+00,4.259780129215953615e+00,3.377900996004259415e+00,5.738228732725739967e+00
2.690830046058062752e+00,2.815273982665596364e+00,5.153939965568268278e+00,5.646281212096193158e+00,5.036509476879810876e+00,4.968944615930452890e+00
1.962282966254177197e+00,3.702401998349490686e+00,5.217966334367972969e+00,4.224401015460440334e+00,4.238467495885160474e+00,3.671095392119377188e+00
1.956666395744367293e+00,3.087080424268424217e+00,5.196804545823211718e+00,3.062798260340623191e+00,3.870378423192896378e+00,3.716889631397293225e+00
2.089884747234747486e+00,2.854415540282716268e+00,6.086057083011109370e+00,3.638337966821729275e+00,3.588071381470081533e+00,4.557241761934440305e+00
1.537914966265185646e+00,2.396889420046258046e+00,4.704389315328064924e+00,3.830789862551049474e+00,3.270350773568101665e+00,4.283367518291342435e+00
2.300800992195694228e+00,2.934881433990456756e+00,5.421083110785168024e+00,3.018163634938133111e+00,3.055875168112351492e+00,4.609401691974930770e+00
1.621773304855050668e+00,2.957898479897136834e+00,6.468007794102332397e+00,4.141854387606175081e+00,2.407635242275137699e+00,5.990225749758163687e+00
1.078382258662809345e+00,1.088998977115267941e+00,4.462824739105540672e+00,2.969227452296772096e+00,3.345724968202021365e+00,4.803480665828919527e+00
3.044900566771906458e+00,3.726588913268234826e+00,4.102152548819620215e+00,3.791626612484637615e+00,3.662508422259999286e+00,5.347550089828371433e+00
3.228430916288935748e+00,4.462034862137961078e+00,4.420097537002065202e+00,4.265416778383213980e+00,3.085248212952778957e+00,4.157446745483547090e+00
2.137431956465778882e+00,3.087706563581828600e+00,5.880897106231369520e+00,5.001013700851731691e+00,3.008507317439007345e+00,3.054602193954134570e+00
1.133251475501049654e+00,1.893742536411538335e+00,5.325807024051827376e+00,3.313133848105699109e+00,3.209262844939142933e+00,3.824427701922765266e+00
1.726871853343974639e+00,3.596131312220733012e+00,4.949884421848135041e+00,3.818429370973413395e+00,3.069067198172543698e+00,4.710253689325631044e+00
2.534922835505126315e+00,3.775515505721941611e+00,4.431133314326415551e+00,3.618450894217645875e+00,3.261921450586839910e+00,3.664855555168244017e+00
1.760638746416834932e+00,2.764199258829806105e+00,4.919983692781108253e+00,3.827944251634965322e+00,3.256997199338024007e+00,4.060338965795115662e+00
1.606175187015419059e+00,3.296017972795071138e+00,6.871989128978048811e+00,4.238089801239188326e+00,2.836542764377667059e+00,5.049386973384127231e+00
6.925501923194403719e-01,1.448679766426401727e+00,4.961350509410539011e+00,3.146339154364103052e+00,3.633325064644475244e+00,4.694698506717480235e+00
2.242178398490204394e+00,2.887147538106640265e+00,4.849452750496622500e+00,3.969743136270334816e+00,3.203977996459854261e+00,5.207919457895497928e+00
1.965093336151070069e+00,3.345348865901209390e+00,4.205069438812484961e+00,3.695365361769495927e+00,2.889331745981198907e+00,3.743097757610799547e+00
2.562112158672503082e+00,3.037549637674584524e+00,5.174672636511938428e+00,3.431444973961033540e+00,3.063963591549055288e+00,4.550538267454141028e+00
3.316271394679283446e+00,3.536314606908474545e+00,6.555045471916010946e+00,4.972784043386196728e+00,2.959660899213169660e+00,4.789039201059939188e+00
1.659594087833119236e+00,3.994696967726844683e+00,5.594789645955279056e+00,4.416661632276716709e+00,3.126524248288468755e+00,4.289770481919908285e+00
0.000000000000000000e+00,0.000000000000000000e+00,0.000000000000000000e+00,0.000000000000000000e+00,0.000000000000000000e+00,0.000000000000000000e+00
4.080297120576474867e-01,1.673432454458290586e+00,4.741062514988870547e+00,3.248600015091011706e+00,2.936673284645402227e+00,4.505979470130194287e+00
1.557848287964696432e+00,3.757980432376602398e+00,5.386802911386628701e+00,4.121099829122163882e+00,3.724440122124105468e+00,5.735646537636429620e+00
1.450640664490251863e+00,1.402908349048654246e+00,5.285652423807619904e+00,3.317038044039404276e+00,3.687838074039882841e+00,4.960710582859912954e+00
