VR1,VR2,VR3,VR4,VR5,VR6
1.057595661339899129e+00,2.932038363350509158e+00,6.845847465540478183e+00,4.400799773546376414e+00,2.670749559626364178e+00,5.813897358764844370e+00
1.655864852252967978e+00,3.082881132639102351e+00,6.964571872494136784e+00,5.479863751789570081e+00,3.236836812478093517e+00,4.464972249849665786e+00
2.009111037752741691e+00,4.285801972039555707e+00,5.239568835840483274e+00,3.909357941985980744e+00,3.517169292222594557e+00,3.341603001418750551e+00
2.362517421819585017e+00,3.306421319571149375e+00,5.660241948983545157e+00,3.946449507891379049e+00,3.723444176143827278e+00,3.978931436917488185e+00
1.731962590528646651e+00,2.051083204584625896e+00,6.333084225358180497e+00,4.493164562803648288e+00,3.530732982446064927e+00,4.892898865606493786e+00
2.094464123541303735e+00,3.405751331652101754e+00,4.586423171020465261e+00,3.875187838364175796e+00,2.240221937020576704e+00,3.307226805767677913e+00
3.101552007013962164e+00,4.023270053572038485e+00,5.750374111189501036e+00,3.595729587204867350e+00,2.786505876723870401e+00,5.101914031336191258e+00
1.458128780372984767e+00,3.563659204289493676e+00,5.352683734045101005e+00,3.476987531851185587e+00,2.804880407336048265e+00,3.796552710419482057e+00
2.189926256772934732e+00,3.521178855106539274e+00,4.291467832069766786e+00,4.527897686930884902e+00,3.155755670221555675e+00,4.683160682974421896e+00
9.359235919731878628e-01,1.902443563404807358e+00,4.319328828884059668e+00,5.622561797084007829e+00,4.038878426381376840e+00,4.841448086314485977e+00
1.449258989507691497e+00,1.776725873275097900e+00,3.023260536948751742e+00,5.152836723819320675e+00,2.092811650089075215e+00,4.941814970347061298e+00
1.668288459585692607e+00,1.563665280677586811e+00,3.806822583053338871e+00,4.790826716105038408e+00,3.138046944845725328e+00,3.853987150022423869e+00
2.058788432062575779e+00,2.195991447131294905e+00,4.077818791562234146e+00,4.703762875896301487e+00,3.321119270546457170e+00,5.356024176635011180e+00
3.044415949549005962e+00,2.958342182316178182e+00,4.634646269872606972e+00,3.484204640591199720e+00,2.336900902405829594e+00,4.107857003323116096e+00
2.255902198512804713e+00,2.818324568017354537e+00,3.965722033255492995e+00,3.882796783663163165e+00,2.492840754834698025e+00,4.347987233679924124e+00
2.942437636498223874e+00,2.563254925514304006e+00,4.272471189854757156e+00,4.344597391433207889e+00,2.970216537241216148e+00,5.045130032721999669e+00
1.878872542994198813e+00,4.774854235382761658e+00,5.855158042980463051e+00,4.174291953904163854e+00,2.398363514273075481e+00,4.747281525291517035e+00
2.074652572020666330e+00,2.668875537151143007e+00,5.957137070599131334e+00,3.706656820834087984e+00,1.988254582176077534e+00,4.236181635686796731e+00
1.616076440915354073e+00,3.086103141687080331e+00,4.895499049409417935e+00,3.484286704340369134e+00,2.530796664489345815e+00,4.314931139263487481e+00
2.113554546009583923e+00,2.940669066533443399e+00,4.012311122420745946e+00,3.523507471891528020e+00,3.669402529858024398e+00,4.170100187096156041e+00
2.553649076335689827e+00,2.955471076257984997e+00,4.190650390783531520e+00,3.348880943318241599e+00,2.712247725722537695e+00,4.167690927006892920e+00
3.455859534439514213e+00,3.449427587465174305e+00,5.140485106590041653e+00,4.344110184601660762e+00,3.239038675133631973e+00,3.045405229271100911e+00
4.299048747446241769e+00,4.667995626029961542e+00,5.697582861135331633e+00,3.578426593481870199e+00,2.556753502939950629e+00,3.224601576964616356e+00
2.814099871902152827e+00,2.273467747035615716e+00,6.261012007086213416e+00,4.425362837205714328e+00,2.607524313730708698e+00,3.835181878328477456e+00
1.490023776409341139e+00,1.876153529888703542e+00,6.308571813300832609e+00,4.630204004289709907e+00,5.267033956388356586e+00,2.747929294361124875e+00
1.812431766475338213e+00,2.115413421407954075e+00,4.935538153644204229e+00,4.874942016237374887e+00,4.103010757314379475e+00,4.317764020348366039e+00
1.697551911075450892e+00,1.720158462147898248e+00,3.883599821529295060e+00,4.013411090746678234e+00,3.380131680788376780e+00,4.497141710048270014e+00
2.373159166772116802e+00,2.884899138462817092e+00,4.392142053566454152e+00,4.242244153091315084e+00,3.595613911667015827e+00,4.011042790941337977e+00
2.675896287011640506e+00,2.637848115264183502e+00,5.067984921259177433e+00,3.603236728630064167e+00,2.414428525181473439e+00,5.118919714507799590e+00
2.272163908615924210e+00,2.123811424774346701e+00,4.745681056478834314e+00,4.798587253797863106e+00,3.255967689863636050e+00,5.162133137777731307e+00
2.317518848769146711e+00,3.306426447585876893e+00,4.553064394404622739e+00,4.006339656689005935e+00,4.345135098653383210e+00,3.909380726955929308e+00
2.409385602329052745e+00,3.051366891204492671e+00,5.482638031085974362e+00,4.447071051735115965e+00,2.683900338434558552e+00,4.285080949120898985e+00
2.489890075657358093e+00,3.007200699108072861e+00,5.327813823296356333e+00,4.436312351128830933e+00,3.890850310137061285e+00,4.897988586048772852e+00
2.280073429708717292e+00,3.874901036031487500e+00,4.945286794201848579e+00,3.601664678721888002e+00,3.175745942544409672e+00,3.836864651953574068e+00
2.866100098441961563e+00,2.432194765983717311e+00,5.131455333937490870e+00,3.991533251763947465e+00,2.911519881837939305e+00,4.979210891505121417e+00
2.670460203410222721e+00,4.132922719173242498e+00,4.738429337865560420e+00,3.902026145828580983e+00,2.499584481625229948e+00,4.488599933531474129e+00
4.060124882183026251e+00,4.606881778732369703e+00,6.673410340095887960e+00,3.308807441007449945e+00,4.008459953171770174e+00,4.068155767859708227e+00
3.303061259599834543e+00,3.622629336066035322e+00,5.632457359840890909e+00,3.574796091190098668e+00,2.367855888258048935e+00,3.871281679284413357e+00
3.472848472752684490e+00,3.102363540292652822e+00,4.741411722579340626e+00,3.990511776240977859e+00,1.905434486679606465e+00,3.986982676814454951e+00
1.942038918448058649e+00,3.713940666412910652e+00,4.896066982394803091e+00,3.282496277076565772e+00,2.134260602798918161e+00,3.099025599338505188e+00
2.903201357985522257e+00,4.373070753579172631e+00,4.816508350156637697e+00,3.543207461640151656e+00,2.071973424594918178e+00,3.746336665113847886e+00
2.724816244264071319e+00,4.418158082540065479e+00,6.832944590145028307e+00,4.244875453376440788e+00,2.885608164282301935e+00,4.721615286311906523e+00
2.720403662100527864e+00,3.966420830421368393e+00,5.919518775550670853e+00,4.042438066160035426e+00,3.486400982823237182e+00,4.968225569005634945e+00
3.155133128084056438e+00,3.813706393385813076e+00,5.997950726148545186e+00,4.394843088285438348e+00,3.692104151194451678e+00,4.774223803814490630e+00
1.976801405957795632e+00,3.084069785503844585e+00,4.588593335443735377e+00,3.954578576673270174e+00,3.018278731320233277e+00,4.962221100712699950e+00
1.229043895189823044e+00,2.414074913239198317e+00,6.699259338178315204e+00,4.653903630250131762e+00,2.631060023120919134e+00,4.144674775000421363e+00
5.990911964603733431e-01,1.131234424449967690e+00,5.210105118197027707e+00,4.088609814363714179e+00,3.457559932104218969e+00,4.439142488991014268e+00
4.661100462079312834e-01,9.951425983159443156e-01,4.671167956918093722e+00,2.851477223086052781e+00,3.290384635048492434e+00,3.197910751391865869e+00
5.027200058138603378e-01,1.284744422511942208e+00,3.820644518610397000e+00,3.634008586809974517e+00,3.347085655456377484e+00,2.881285713498708212e+00
2.183485279505273269e+00,3.123180521755578365e+00,3.796196834682318055e+00,4.023544393374116623e+00,3.113646620615295291e+00,3.950264139486726389e+00
2.285736904770943934e+00,3.036092038593297904e+00,4.811500674621356666e+00,3.724039666591042685e+00,2.335359921913733317e+00,4.154292799706900574e+00
2.485779231528380429e+00,2.124773285455741512e+00,5.337930873519443509e+00,3.660389316954360872e+00,3.426601334107293173e+00,4.810992922540787475e+00
2.285420157866375312e+00,2.539756701858606469e+00,5.007722383614175321e+00,3.828531982419072222e+00,4.277035273184535136e+00,5.176100921119348719e+00
2.702664335708353960e+00,1.598365920094745096e+00,5.810904751097596410e+00,4.645444518880925244e+00,4.136806054343720618e+00,4.136867360432224139e+00
1.970203781235456031e+00,2.788016603802609961e+00,4.681090300149471695e+00,3.622433997900092351e+00,4.119838855722148807e+00,4.141401308769607326e+00
2.625396467956753188e+00,3.542603248495934665e+00,5.350331950608012477e+00,4.483007738299471967e+00,3.839955699763570873e+00,5.133345969864474334e+00
2.134626643026095394e+00,3.517630140941475858e+00,6.353918331309029277e+00,4.514625709417487975e+00,3.860523490261800639e+00,4.913361045376111846e+00
1.991608555078906884e+00,3.154071678899061038e+00,4.896833520902573511e+00,4.330894642173090503e+00,4.535618596164527005e+00,3.143980970579062451e+00
1.809849474231438160e+00,2.575579289290260032e+00,5.175102853642393974e+00,5.448335715946750035e+00,3.510612100146919268e+00,5.040983696645801260e+00
1.453517839799070455e+00,2.836057997291378197e+00,3.855809695263379133e+00,3.290167662675322013e+00,3.615521937287401233e+00,3.511319844664350320e+00
2.941323147965301477e+00,4.105132850262961597e+00,4.343341388189172925e+00,4.172483588116286057e+00,2.638068275025490905e+00,3.938862874287018645e+00
2.336670436480916546e+00,4.742148453454881896e+00,5.725626589870677741e+00,4.279542692047765939e+00,2.696779829421173336e+00,4.580317145795858913e+00
3.488346601123419877e+00,4.599551835210674788e+00,6.216822533738799450e+00,3.272973624144030591e+00,2.800534391642202969e+00,3.204533002526061658e+00
3.468625041513575091e+00,4.489120364005863451e+00,6.037439554472077141e+00,3.423143035820308544e+00,3.714352610574357172e+00,2.172628168402089166e+00
3.999589730985590563e+00,3.585053638561097600e+00,6.677247501371180505e+00,4.324188108891417137e+00,3.031756861154381699e+00,4.693230641033478534e+00
3.839994529446496774e+00,3.375604239599024226e+00,6.263636339044640344e+00,4.179863765308305723e+00,4.176653172106190581e+00,5.132581697895773232e+00
3.046973270010616908e+00,3.511627156985294373e+00,5.663620005414684577e+00,3.610653927389059881e+00,3.377551605153656489e+00,4.503670372013865553e+00
3.007735407405082384e+00,3.702379552234745130e+00,5.750229622566751075e+00,4.447029939550259492e+00,4.061005237300712167e+00,4.552405366594153513e+00
3.658725962088681172e+00,5.025064193048526917e+00,6.081787230233667074e+00,4.621028350721336331e+00,4.479642997346033439e+00,5.221453997957832271e+00
2.406812098893171825e+00,3.524446400698260096e+00,5.880126864564083178e+00,4.399195886535128608e+00,3.636110195725410499e+00,4.463204646948632615e+00
1.637611016995797586e+00,3.064508749849478075e+00,5.966300433198305164e+00,3.875977199837729703e+00,2.459027965986307684e+00,3.845503495981143605e+00
1.207735420740580379e+00,2.446451588779245512e+00,5.714890922009269403e+00,4.232008898339469027e+00,3.337834869688714790e+00,4.181037537891518774e+00
2.911795653816880325e+00,3.530294254917146990e+00,6.254637697480035285e+00,4.719433440609652308e+00,3.783748214780060959e+00,5.018617446511033364e+00
2.271576452825500247e+00,2.805156565396212276e+00,6.169981752008991016e+00,4.174380298527127664e+00,2.728961343688481200e+00,4.783923769944175675e+00
1.291179250004971912e+00,2.924899187398647182e+00,5.725601750498041653e+00,4.599674153723647407e+00,4.021929556553052620e+00,4.241635152571660683e+00
1.931808322581289872e+00,3.623290149902806512e+00,4.430336619675406595e+00,3.201587653898286145e+00,2.614024276488539300e+00,4.755622025496794691e+00
2.605102122321668379e+00,3.211425093022890032e+00,4.176662365329536719e+00,4.368126403068605335e+00,3.445116333172350664e+00,4.457777232358063557e+00
1.967401950586014747e+00,2.384597547417600438e+00,5.390115686762898761e+00,4.958583522910535279e+00,3.277470200395212530e+00,5.606886865173706269e+00
2.021567282106662589e+00,2.186687048845788794e+00,4.385550241663256799e+00,3.595474089697394682e+00,3.126575535362803748e+00,4.523759918515534828e+00
2.292430748914565442e+00,1.876396398414670541e+00,4.636797550699002457e+00,4.071578967490965262e+00,2.774764687911200234e+00,4.968076976857099147e+00
1.739166994902035190e+00,1.393717165570971916e+00,4.445211697158403474e+00,3.459491564725688750e+00,2.276522405886667322e+00,3.559577533272443972e+00
1.715964908377093590e+00,1.239081864185898496e+00,4.778072762513660976e+00,3.539300436191514798e+00,2.659012033175333301e+00,4.760189038668697137e+00
1.739070178446017190e+00,1.441830553979659868e+00,5.422127828939368399e+00,4.721665963994174930e+00,3.422762440729385958e+00,5.235014556192863822e+00
1.522638494650372598e+00,1.557346266422025671e+00,4.638382057972522787e+00,5.136135139562246543e+00,3.148281099842189956e+00,4.497503763170796809e+00
1.976132687754618811e+00,1.780102284829952364e+00,3.606822220615800045e+00,4.301751792863219848e+00,2.612262104590922007e+00,4.162141556743954141e+00
2.268852103288801381e+00,1.950678417379470009e+00,4.465201823449397978e+00,4.750551234840750148e+00,2.338465163692009519e+00,4.360177188267298831e+00
1.578198207155757427e+00,2.486833064509711644e+00,4.349745407501678152e+00,3.727635806413119646e+00,2.395378334445731117e+00,2.843679627014116029e+00
2.648659244371488253e+00,3.491921099189417621e+00,4.854574811184538596e+00,3.941031453763422565e+00,1.371570038662925928e+00,4.496004834831799357e+00
2.990039014346721036e+00,4.564805560682188457e+00,6.035664258582780661e+00,3.831219667625897607e+00,3.151193297450317399e+00,4.655658235291689984e+00
2.806154104399482652e+00,3.712092827857055521e+00,7.109878709420782705e+00,4.269539332854844993e+00,3.625844136007605023e+00,4.598898605085540936e+00
2.916248014340787176e+00,3.214533218000739545e+00,7.411450968125903316e+00,4.114918836175961658e+00,3.141025826893736106e+00,3.915659551133330751e+00
4.892418047140676407e+00,3.713780223194532937e+00,6.768665562202960118e+00,3.413858164448461352e+00,3.452556664222498739e+00,3.565470139062056898e+00
4.951412013636071308e+00,5.217071822510146895e+00,5.560176727616990000e+00,3.066705135482325595e+00,2.276977681638975959e+00,3.900255217057526202e+00
4.346392003543729565e+00,3.771924181485891481e+00,5.744441583260393003e+00,4.656618718955603420e+00,3.122802601059960104e+00,5.045218645444876415e+00
3.012143903772041220e+00,2.872165829010850935e+00,5.371962861683353907e+00,3.765964474164111842e+00,3.037601069626621353e+00,4.380949028927342503e+00
2.176622437740321381e+00,3.043991346913069940e+00,4.955175914311497287e+00,4.272191745337547530e+00,2.774393922379962518e+00,4.246725741701153467e+00
3.339635862827897927e+00,3.035859609707429296e+00,4.390568041212375761e+00,4.202558101701529658e+00,3.233573051653745090e+00,3.867938913677103407e+00
4.390934933944057761e+00,4.898923758142963436e+00,4.407891720816191850e+00,4.378391275219087220e+00,2.920664582019426803e+00,4.431557567472890646e+00
4.282346547918453261e+00,3.727700520981034327e+00,4.615030232622512329e+00,3.666777657055871664e+00,3.030219353827901418e+00,4.325012662389828400e+00
3.652223835658356954e+00,3.278480589587215999e+00,5.560013086334271826e+00,4.043922708836943158e+00,2.705288716649900671e+00,3.466610711098573105e+00
2.566426915498127848e+00,2.779120606104974911e+00,5.256339331388909741e+00,4.123765560212003578e+00,3.635147655512016573e+00,3.562322288588965158e+00
2.520705569206194596e+00,1.833441273640931346e+00,5.008366890202090360e+00,2.941103525949544384e+00,4.090302951826264355e+00,4.215448524239084449e+00
2.263391632053638247e+00,3.630619386133257187e+00,5.060400091938038081e+00,4.384043341113643244e+00,2.792186905687705334e+00,4.637224469573924424e+00
2.289276350472870813e+00,3.051679260857546705e+00,4.609294401816002917e+00,3.979973435294320794e+00,3.945993857959020801e+00,3.629978744247946754e+00
2.636781663506153617e+00,3.121345168862082353e+00,5.609895463911506397e+00,4.959444037417536144e+00,3.164004837821296157e+00,3.290775493393040207e+00
3.817478066796966996e+00,3.857576911397392561e+00,5.694195691214105182e+00,4.020253144101809895e+00,3.387936641642735225e+00,5.507542541060368890e+00
3.248450660475137752e+00,3.864098488005847987e+00,6.685876860879898409e+00,4.749279784934114623e+00,4.109498329373563408e+00,4.680235891042680230e+00
2.527485305916858049e+00,3.652992223823091411e+00,7.036661406430498644e+00,4.482438994193975290e+00,3.056503004613902785e+00,4.724124076641492920e+00
2.866172736790172149e+00,4.162526994243361145e+00,5.634454774175625680e+00,3.773231312378199753e+00,4.675091963842810117e+00,4.895747485968281687e+00
3.574482807119291117e+00,3.592122042982139885e+00,5.706651553338779159e+00,3.168845177524307388e+00,3.105981796655726601e+00,4.264461670046934216e+00
4.281066341199156966e+00,3.336953452055321012e+00,6.893958733525036742e+00,4.161452404292409035e+00,3.039522316752661713e+00,4.381927630133439777e+00
4.316180938392452759e+00,3.722025890515449742e+00,5.838564274258214226e+00,4.450733574337356835e+00,3.160813395986191487e+00,4.452589865091737487e+00
3.099474748953975567e+00,3.735863500991948971e+00,5.917494257108708133e+00,3.438141924024949780e+00,3.395085145390595027e+00,4.890080336499120328e+00
3.266378166158078855e+00,3.563109949315179215e+00,5.885029570565259327e+00,4.275053586975970710e+00,4.192595347849715104e+00,4.142640777500062654e+00
4.878097213832612411e+00,3.965531115779077354e+00,5.370024047104267062e+00,3.145175946180907456e+00,3.116919818681618271e+00,4.029742502686624483e+00
4.277756504295314066e+00,3.414021169654220422e+00,5.093741019852318530e+00,4.630182126501926732e+00,3.659839023622777798e+00,4.682635367584660813e+00
2.629914486612342728e+00,3.157517924097114292e+00,5.376196648479133700e+00,5.539898070517079276e+00,3.722191283420079877e+00,4.853240501710017973e+00
3.457185688345403740e+00,4.293925148884501830e+00,4.843236664375953460e+00,4.390428508611262437e+00,4.000136506219526211e+00,4.293482080275194512e+00
2.792553326202507069e+00,4.176663742956748138e+00,5.462916395323464513e+00,4.510196511037096734e+00,4.170625629114530497e+00,3.924727685789282106e+00
2.924903894330827647e+00,3.005627320221318399e+00,5.586517312248900247e+00,3.578194142292078439e+00,2.688150362275143035e+00,4.512287407064399680e+00
2.629497964842920865e+00,3.019616748245641080e+00,4.605458264069389962e+00,3.822768586530340240e+00,3.942389770834793250e+00,3.373346970781502918e+00
3.445616793415060108e+00,2.519445273071662328e+00,4.600325788119750570e+00,4.115098850092930860e+00,2.870812925207359090e+00,3.889039201066650797e+00
2.141925645821833424e+00,2.377866052013184905e+00,3.889707626163229293e+00,3.779345077579780998e+00,2.537061761279789884e+00,4.076788589951570785e+00
3.165645200767241541e+00,3.029229080614216585e+00,3.971556308153059156e+00,3.859359520247022779e+00,2.200345215009705147e+00,3.819866147875117690e+00
2.963939823948365415e+00,2.158005424645924375e+00,4.842651683458730538e+00,4.917576695227278805e+00,2.289113438678945123e+00,4.370552548955170202e+00
2.676662379039557393e+00,2.844767770090735670e+00,5.414304608304169264e+00,4.713708662909992242e+00,2.645955358782827282e+00,3.530256083808996248e+00
2.081523067190393039e+00,2.126878221326462537e+00,5.342523148405826205e+00,4.537699336297103869e+00,4.273317160113603741e+00,4.060900190510814411e+00
6.762276782031855227e-01,1.266628478149792070e+00,4.507761784420178941e+00,4.027964928037226500e+00,3.132544852111381672e+00,3.226717500311396147e+00
1.298564600984551731e+00,2.500672216604398646e+00,3.546104454367677405e+00,3.201849120655299696e+00,2.712402181223179998e+00,3.678401947815863604e+00
1.636117491293046955e+00,1.883786049219797532e+00,2.868012156007078595e+00,4.099191400308604294e+00,2.953340764510621330e+00,3.871782917075754060e+00
1.790839285685124294e+00,2.025633429380052419e+00,3.169105650078166025e+00,3.511444379434201402e+00,3.714928632105717110e+00,3.064861589333763625e+00
1.881451582387414501e+00,2.799757565203017329e+00,3.189274854446072283e+00,4.581126085763447264e+00,3.258851935646718712e+00,4.144615554108395550e+00
1.208565039161820565e+00,1.052850469310441017e+00,4.240935533901082799e+00,4.609244290692855017e+00,4.001132618954487796e+00,3.870696581623261245e+00
1.197625188449229050e+00,1.703440974364577976e+00,4.141421800834865330e+00,4.114944516718505696e+00,2.788121985678311265e+00,4.374439045112328728e+00
1.688699223912783376e+00,2.937336072642468654e+00,2.751799918591311123e+00,4.219517295131013590e+00,3.117137633977641098e+00,3.816843393567600273e+00
1.119343207987073985e+00,2.191657871412266090e+00,4.739807296416921112e+00,3.876093803668094306e+00,2.568576411479493338e+00,3.908770978468931734e+00
1.762581478920243638e+00,3.271629855753572791e+00,4.821493768844244521e+00,3.490688639569212270e+00,3.285743388621896077e+00,4.311711520377424556e+00
2.297527403340620999e+00,3.031740777880115090e+00,6.090064716827414237e+00,4.174090223002964173e+00,3.045405941635295655e+00,5.285573231408831951e+00
1.728093474074070990e+00,4.115263672001474582e+00,6.254887503364630064e+00,4.099903848533654305e+00,2.784751247466769275e+00,4.233604120685466654e+00
2.524375928254253498e+00,3.346302428452804900e+00,6.648085281143212733e+00,3.160804041014226407e+00,3.477147612782291120e+00,4.562100011458202431e+00
3.156648768834651619e+00,3.583373273008878090e+00,5.112476414579028017e+00,3.408210087800760846e+00,3.318304046007119812e+00,3.107361560673751910e+00
2.421418332071677337e+00,3.314384265213833114e+00,4.975089162999262626e+00,5.111872867021173050e+00,3.783818980134193932e+00,3.625785055018875269e+00
3.042393487132558860e+00,3.702039329857240268e+00,5.412721658913595135e+00,4.658159984763994288e+00,3.520594926481700693e+00,4.064316422854678201e+00
2.596247554155450832e+00,3.049510737446187392e+00,5.256505532476998255e+00,4.093555405181241724e+00,3.619068901088972279e+00,4.333951580447681806e+00
1.763474542840330894e+00,1.955419561454882604e+00,5.705551933834246192e+00,4.772648625221012963e+00,3.494933418340497422e+00,4.975975838682614949e+00
1.539162072806918635e+00,1.165912870871580687e+00,5.654694986197245754e+00,4.134893179452523881e+00,3.614475475253850156e+00,4.435728559313083963e+00
1.719134810955057047e+00,2.474169915973192690e+00,5.456421188349531270e+00,3.728229311820022485e+00,2.405279590390825284e+00,5.363840204150402080e+00
2.352816606826812595e+00,2.940794544049862846e+00,4.564012677350577363e+00,3.752912374024456099e+00,3.838229375407492761e+00,3.955015615282269525e+00
3.114173386298961343e+00,4.026308096116270718e+00,5.037070173785816785e+00,4.658975569389397720e+00,3.030338483754778878e+00,5.154512425912260554e+00
3.531846068771665514e+00,5.253744642818297450e+00,4.739278594001540057e+00,4.239873534011418421e+00,2.557613430618881800e+00,4.039489218927745817e+00
