VR1,VR2,VR3,VR4,VR5,VR6
2.731786250723088560e+00,3.366854204145057761e+00,6.183711926347268850e+00,5.073231460424385553e+00,2.730216986602685747e+00,3.541632282059856696e+00
2.147029545248869464e+00,2.493034836445147562e+00,6.032976342041553863e+00,6.748313215698947154e+00,2.332116196636273564e+00,3.861233929234130446e+00
2.769729948057601199e+00,4.502528202445731154e+00,3.975532650313612137e+00,6.429021594016317565e+00,2.302606191216454157e+00,4.827074649233701109e+00
3.045681509566393608e+00,2.362716645173861707e+00,5.451581214145324594e+00,5.826708980696575502e+00,3.461786121498110269e+00,5.548297684563162413e+00
2.610267259199367640e+00,5.154281810419993448e+00,4.872302323739485352e+00,5.694140599533861646e+00,2.167759407144542294e+00,4.871208281383248462e+00
3.190973599122873150e+00,3.230417830173359484e+00,3.365678633578552237e+00,3.521380690414123826e+00,1.969187441541202954e+00,4.930457780276453761e+00
2.247030759434013092e+00,1.431041077642567716e+00,5.333263515613784200e+00,3.069883451889769077e+00,4.322245291727543126e+00,4.511745333261163005e+00
0.000000000000000000e+00,0.000000000000000000e+00,0.000000000000000000e+00,0.000000000000000000e+00,0.000000000000000000e+00,0.000000000000000000e+00
2.079067686557832140e+00,1.890859704919364725e+00,6.389803288139017212e+00,4.029308438186563812e+00,3.909581766759495203e+00,3.072711043550580001e+00
4.090939694473498811e+00,4.078312700944721314e+00,4.806719985764002168e+00,4.310559542658872978e+00,2.814478758023676086e+00,4.440670547877090257e+00
2.471613966847562516e+00,2.855935596689254563e+00,5.486003865685672665e+00,5.778543355130824288e+00,3.619732017031786597e+00,4.400603050421185714e+00
1.691112528553510685e+00,3.198479393282924743e+00,6.203382075755908609e+00,7.123060980386197727e+00,2.975835274372948369e+00,5.656544499340515841e+00
4.305330052399757079e+00,6.059272106706682592e+00,4.129532741261093598e+00,8.112961925690107989e+00,9.718227794767484440e-01,5.685155075529381818e+00
3.014867676267163787e+00,6.222388089999044247e+00,4.546938019485052607e+00,5.633695234394436646e+00,1.632437118158325262e-02,6.011892355201307936e+00
1.978574452268776263e+00,5.984610475473576940e+00,2.844125193348596259e+00,5.662860635788819152e+00,2.595838701723859110e+00,7.015604055007363726e+00
2.302928794589938377e+00,4.845933664205376523e+00,2.624341929942429097e+00,6.249073592633545005e+00,1.411199506323776998e+00,7.446460578011857123e+00
2.804376976688791157e+00,6.626145109962827462e+00,3.840315156044431966e+00,4.847673392751821630e+00,1.148515667635221504e+00,6.295345060528554804e+00
4.283500415208500556e+00,7.127058416881824954e+00,3.669546551400757473e+00,4.804656014557338928e+00,2.050358391360818988e+00,6.410743509600852263e+00
1.896134052602187259e+00,5.409409084180987648e+00,3.916345529650007151e+00,4.685752383849019154e+00,6.090701617232765486e-01,5.563627601247662646e+00
3.885516759552859689e+00,2.965476217706898510e+00,4.672482906380239776e+00,5.719493924403211693e+00,3.472079404707193007e+00,6.971962183754635944e+00
1.926888622567134446e+00,3.686446420781732236e+00,6.296549791150079400e+00,6.496384040040860341e+00,3.297649374517597654e+00,7.841204270111717278e+00
1.133281884128529260e+00,4.451003320321047951e+00,3.509466037836676211e+00,5.544980761497829036e+00,4.142503489720512633e-01,6.340275900002669829e+00
3.060342274941910024e+00,5.457778577441137813e+00,6.040780231406026601e+00,5.031583240353331377e+00,8.492517745053094202e-01,4.093636808939122851e+00
2.789949451169471573e+00,3.430112806535800640e+00,3.326712179026678484e+00,4.650904070844134708e+00,2.013651447740055112e+00,1.720627090084135169e+00
4.990356275060518598e+00,4.735142759168725846e+00,7.305979748900233162e+00,7.360640118498420037e+00,4.560652016930175634e+00,6.365950448602605505e+00
1.267241124832408250e+00,4.148660349988636753e+00,4.272318258086667875e+00,6.473249496626355182e+00,1.749165571172776934e+00,5.970609072352371705e+00
7.018151910283805250e-01,3.106400206351041859e+00,4.109204307452190896e+00,6.025552535509400620e+00,1.698725313030758466e+00,4.588418542884780571e+00
2.028662241645816877e+00,4.824810991023730011e+00,5.332087105387257608e+00,4.546601335565486401e+00,1.562840010116722800e+00,5.766495839439207849e+00
2.171840434838258727e+00,5.303592728823452340e+00,4.292313792407052020e+00,5.039368477818285896e+00,1.604145615744742681e+00,4.043356432187142246e+00
1.693470106440636780e+00,2.892844093280107831e+00,3.693682952775854567e+00,3.703486245435447355e+00,2.989232602346109324e+00,4.684876963897522728e+00
1.293943865297225715e+00,1.620151997305146141e+00,5.181771805472775050e+00,4.037490783567138308e+00,6.601427816903818524e+00,4.559184260158637869e+00
6.617632643414144145e-01,3.339947090623201831e+00,5.083779380439390039e+00,4.880680387549226396e+00,3.335062406372914179e+00,2.596773067388789880e+00
8.461927769601818028e-01,2.197788552357001990e+00,4.985624717365521263e+00,3.368483676036968077e+00,4.003892142314160019e+00,2.877875024688759886e+00
3.730049456044330469e+00,7.031230238072878613e-01,4.916848858937274080e+00,3.025982035675155224e+00,4.804016696036590872e+00,5.093866392388067155e+00
1.153937780627496412e+00,2.438827361959701623e+00,8.077281682961007903e+00,5.605473474265880718e+00,3.346574148172512864e+00,5.765761676667041868e+00
1.634832409550407650e+00,4.913463159203734776e+00,5.089075754925294071e+00,6.571966206379672215e+00,3.218351861285393412e+00,6.061769757930590252e+00
3.908644189585741557e+00,6.349146699033640928e+00,4.852305958918917028e+00,6.664624645985949947e+00,9.616808809736148156e-01,5.073348598626153283e+00
0.000000000000000000e+00,0.000000000000000000e+00,0.000000000000000000e+00,0.000000000000000000e+00,0.000000000000000000e+00,0.000000000000000000e+00
2.756665075914966234e+00,5.286726662998562531e+00,5.317413586358301636e+00,6.516303705337014307e+00,8.861850965931488133e-01,6.995194470583075308e+00
1.907280983365575722e+00,4.311732276222805638e+00,5.311653601565385685e+00,6.998188154052736643e+00,1.809193517633175263e+00,7.844719852792424675e+00
0.000000000000000000e+00,0.000000000000000000e+00,0.000000000000000000e+00,0.000000000000000000e+00,0.000000000000000000e+00,0.000000000000000000e+00
6.371087832259547667e-01,3.762967690558688627e+00,6.312531133529324379e+00,5.953354184752289058e+00,3.300745907801138301e+00,7.235865839137951561e+00
0.000000000000000000e+00,0.000000000000000000e+00,0.000000000000000000e+00,0.000000000000000000e+00,0.000000000000000000e+00,0.000000000000000000e+00
1.207052609451844338e+00,1.591862374499829702e+00,4.711526363314323618e+00,2.796477241225378663e+00,3.390597653784098942e+00,2.281182223066788417e+00
1.627017653183392198e+00,1.593766599106331894e+00,6.308520565041792594e+00,2.907498395285596615e+00,5.216224060603138923e+00,4.637360530351598342e+00
1.113228700282518080e+00,5.712152971836030879e-01,3.709485208244470922e+00,1.506807714083929994e+00,4.726715362550283572e+00,3.983954641905455230e+00
0.000000000000000000e+00,0.000000000000000000e+00,0.000000000000000000e+00,0.000000000000000000e+00,0.000000000000000000e+00,0.000000000000000000e+00
4.678872473922526254e+00,1.252573246607708413e+00,5.910110951510015198e+00,9.116629290842892530e-01,6.469783170719354715e+00,3.912822821361118919e+00
1.944322530322543319e+00,1.723841472590691870e+00,7.818504968466410077e+00,2.540016633944938818e+00,6.767287298491905467e+00,5.261143077187223405e+00
1.711252833205352264e+00,3.230756733900151279e+00,4.258328225589490756e+00,2.850250446030731855e+00,4.731969285886263421e+00,4.010797402952480439e+00
4.578093792279618768e+00,4.691649463005729714e+00,4.268405183185426388e+00,2.163974652160872481e+00,2.253792700982249819e+00,2.524035932968660134e+00
3.048953103887119820e+00,4.421381711185199848e+00,6.345871650175101131e+00,3.360045791114711466e+00,3.323574581116641280e+00,4.596321512068361592e+00
3.501326652943283602e+00,3.954334905409163881e+00,4.118492969680218607e+00,3.935961592890931726e+00,2.339580264284069067e-01,1.872400615252368450e+00
2.998906733602587416e+00,1.991993302368099350e+00,3.714864569861567656e+00,2.227473879584371819e+00,2.410916141487733366e+00,2.666910873916870095e+00
3.306672456341941846e+00,3.446089346846776813e-01,3.861719255553428098e+00,8.615422972806290325e-01,5.117752741170461306e+00,2.708414785373181921e+00
0.000000000000000000e+00,0.000000000000000000e+00,0.000000000000000000e+00,0.000000000000000000e+00,0.000000000000000000e+00,0.000000000000000000e+00
2.280889157346622120e+00,1.310864829773649376e+00,5.722952289843043161e+00,2.681074266214280133e+00,6.831935400575853023e+00,5.119009784838137733e+00
8.440276843434653120e-01,1.474444797384713901e+00,6.719833497009775947e+00,1.986688680533483353e+00,5.899536347644427359e+00,4.852623784273873753e+00
9.005907518426630176e-01,3.184006842021417150e+00,6.099629319614908951e+00,3.100992872150916568e+00,3.981261021882434914e+00,5.640934416060060741e+00
1.474101580273474710e+00,3.866118736463441952e+00,4.488306063507955024e+00,3.107006411862800910e+00,1.771566550431704190e+00,3.758650818607853772e+00
2.433675483458093147e+00,2.207548777602012624e+00,4.945260876782149317e+00,3.351654438482643883e+00,2.982277914611795921e+00,2.850775934491473151e+00
1.514648915944143415e+00,2.615000801814091780e+00,6.605837419521666476e+00,1.848607451786788758e+00,4.042702708316768145e+00,3.017591102072138209e+00
3.320616894317564238e+00,3.518295679676604060e+00,6.667835480145356541e+00,2.325167797146225457e+00,3.253627599470969134e+00,2.188597605127321266e+00
4.195126924898348264e+00,4.109375005020611482e+00,3.982265921296273437e+00,3.236178034081079957e+00,9.657280843006237347e-01,1.169509208398830324e+00
4.117329488886544375e+00,2.498644259454105399e+00,2.647496466061998177e+00,1.755369380318655637e+00,3.952798630116554079e+00,1.819167472292284593e+00
5.754615146998666830e+00,2.953299936957412886e+00,4.792116740178047785e+00,7.046274252311626185e-01,4.705375118289760294e+00,2.539972851943978593e+00
2.214968748270420118e+00,1.890388354092078060e+00,5.629999139941642916e+00,2.240915906037124206e+00,5.589881163785483942e+00,3.536320097600263779e+00
1.588232356724450511e-01,2.497672281842179043e+00,5.113482186391425266e+00,3.252719805585545743e+00,2.875820911430500448e+00,3.982595595790644261e+00
2.849911742023862882e+00,1.906309380958635558e+00,4.215051268549101948e+00,2.824247820762447070e+00,3.678811619732103466e+00,4.156579476421562447e+00
2.297067799773838903e+00,1.317191682376497752e+00,3.834409960913968796e+00,1.667842076857604994e+00,5.183862331744217400e+00,3.590456105473847970e+00
6.435029213353540278e-01,1.269767702514379426e+00,6.068659641675885119e+00,2.806472484289389779e+00,5.280415301884673340e+00,4.003015191609424761e+00
0.000000000000000000e+00,0.000000000000000000e+00,0.000000000000000000e+00,0.000000000000000000e+00,0.000000000000000000e+00,0.000000000000000000e+00
1.628989214336272973e+00,3.605356407302815480e+00,6.569420192181452123e+00,4.592374091778003375e+00,3.690569214249093566e+00,5.978965289624057711e+00
3.085211747399081439e+00,3.228262755115881344e+00,2.263108716585888303e+00,5.139434404651526123e+00,1.917705096261249631e+00,5.620670267964106515e+00
9.033521228311554019e-01,4.900943594451847574e+00,4.199813868894024083e+00,3.664465331725046848e+00,2.847070713882327464e+00,4.685707243153639290e+00
4.252762174305460441e+00,3.072498035100470037e+00,4.769732015326811236e+00,2.392287040951901034e+00,3.644873784340545431e+00,6.418324484168467237e+00
1.372989243450335684e+00,4.244520085119834363e+00,6.674167040773921755e+00,3.318525826475876350e+00,3.550731886276798033e+00,5.484596411606384336e+00
2.734827356895289441e+00,3.921555266260219330e+00,2.962941389428868533e+00,2.402195866695485460e+00,3.733176891236173578e+00,4.318893896272928856e+00
4.172261260203840472e+00,3.949375462246689672e+00,5.263187174436065874e+00,3.305174154513967899e+00,1.508780864230373719e+00,3.716230384229132433e+00
2.290012603308695827e+00,2.509645326020233824e+00,5.283385185573801657e+00,2.983893340414590423e+00,3.134959411287314257e+00,2.788889092386359625e+00
1.942476255728387002e+00,1.154707891241719686e+00,3.409643632968490046e+00,4.052250234268841567e-01,3.593716612365724039e+00,9.030651441708026361e-01
2.583145401734612268e+00,9.108107972888741521e-01,7.889441325265798000e+00,2.567021616971853160e+00,6.318671830363410180e+00,4.059728074007735721e+00
2.632326986610794339e+00,1.898288216193567690e+00,5.959069630545752894e+00,3.480611855240292929e+00,4.176994107376348353e+00,5.107676534564407511e+00
0.000000000000000000e+00,0.000000000000000000e+00,0.000000000000000000e+00,0.000000000000000000e+00,0.000000000000000000e+00,0.000000000000000000e+00
3.261450328513772590e+00,2.027206419334858900e+00,6.251842146361918040e+00,1.058539647734946243e+00,5.741226401147858205e+00,3.757186585030764192e+00
1.547922672651087295e+00,2.081430370091205351e+00,3.678962797192248058e+00,2.044422810999477758e+00,4.062679745684875776e+00,4.042706200668555461e+00
0.000000000000000000e+00,0.000000000000000000e+00,0.000000000000000000e+00,0.000000000000000000e+00,0.000000000000000000e+00,0.000000000000000000e+00
3.373406162265665476e+00,1.421297556366573733e+00,7.034942001202042050e+00,2.625440406576385222e+00,6.050622321325960229e+00,2.742371505640768259e+00
2.278304907895985387e+00,3.331229630907156736e+00,4.318191568934651947e+00,3.217832392234658556e+00,3.331319539237640459e+00,4.632457224013744046e+00
3.184814798386591317e+00,3.849329770230598857e+00,5.313099841151205815e+00,4.227904848372368463e+00,1.755143787587027493e+00,4.777682834673483647e+00
1.599428590363524805e+00,3.320213258862092065e+00,2.832175926671657518e+00,3.505366325315295128e+00,1.498699535163230845e+00,3.222587859949652689e+00
2.251727331982323221e+00,3.572032563115401071e+00,2.461427428595508449e+00,3.706165631512614134e+00,2.039496193107178446e+00,2.619716100527346825e+00
4.447270535866006291e+00,3.891681877911153276e+00,6.597221329769000775e+00,3.349862904178046108e+00,2.748122899635752958e+00,3.474488182488372878e+00
1.681561851552846321e+00,1.975645101556310790e+00,3.604130935450599260e+00,3.617520777487403194e+00,4.535991735328526175e+00,4.778940083208435219e+00
1.309554420377490258e+00,2.716433757172540542e+00,4.153977733662555849e+00,2.360580425216452838e+00,3.384831776642260870e+00,3.543379113183586337e+00
2.708562838244241711e+00,3.023738569915566554e+00,6.219913255860314294e+00,2.710623727180883069e+00,4.622331670082978405e+00,4.111387861564765878e+00
3.405328456347595623e+00,4.007287712646507849e+00,3.451932632671318668e+00,1.838518961384030259e+00,2.014154615088995293e+00,1.808371352534352106e+00
4.605035218411717146e+00,1.355855027376651645e+00,4.914054587855379630e+00,1.156557151379679738e+00,4.301928267738651002e+00,1.723768555277276349e+00
0.000000000000000000e+00,0.000000000000000000e+00,0.000000000000000000e+00,0.000000000000000000e+00,0.000000000000000000e+00,0.000000000000000000e+00
3.119512051003576758e+00,1.006682521811175679e+00,7.013116665858511567e+00,2.747704730553294006e+00,5.531720700222995113e+00,7.601878570711795291e-01
3.637043374343217117e+00,1.017512603090811485e+00,5.014870486155782459e+00,4.068343520115777601e+00,4.683326972073980521e+00,2.252586844478583927e+00
2.348282928384084922e+00,2.737167983240764713e+00,6.261913515659593088e+00,3.081476473893915546e+00,4.987177756923759198e+00,3.340656336522632053e+00
2.435763119956559475e+00,1.942472725280650181e+00,2.310271305551261367e+00,1.110248254977974192e+00,1.846182906566825377e+00,1.575272624624999285e+00
3.468931398934882449e+00,2.104227051918404090e+00,5.108812228518598175e+00,1.724185036579615637e+00,5.852544710056159616e+00,2.103105341276661377e+00
0.000000000000000000e+00,0.000000000000000000e+00,0.000000000000000000e+00,0.000000000000000000e+00,0.000000000000000000e+00,0.000000000000000000e+00
4.076933691160263606e+00,7.483309282513954663e-01,4.054316468347877844e+00,1.348514124800944458e+00,6.255526774319168481e+00,2.021813465151506950e+00
2.939038317022961699e+00,2.285983654425095768e+00,7.413124689181538329e+00,5.066373809051900601e-01,6.020128959801543722e+00,1.348805410125667681e+00
0.000000000000000000e+00,0.000000000000000000e+00,0.000000000000000000e+00,0.000000000000000000e+00,0.000000000000000000e+00,0.000000000000000000e+00
2.540892776787282870e+00,2.142525493635647926e+00,7.047697513549969095e+00,2.142268967606403507e+00,4.181865875749482875e+00,1.895773231315657892e+00
2.770718881922667354e+00,4.216951265888031486e-01,5.876691963637326488e+00,3.803615115322677820e+00,5.219970214104419526e+00,2.772948248683609673e+00
2.951807785942280660e+00,2.440018684224050105e+00,6.364162263437558309e+00,3.828303052609881796e+00,4.070119061544236416e+00,3.428914970387399563e+00
3.267687060235060059e+00,5.461681127714298256e+00,7.321596072265160515e+00,6.253522417758008878e+00,1.566363127832433921e+00,6.330978485414790136e+00
0.000000000000000000e+00,0.000000000000000000e+00,0.000000000000000000e+00,0.000000000000000000e+00,0.000000000000000000e+00,0.000000000000000000e+00
3.932598672836395970e+00,5.211990187558532384e+00,5.028717298582374262e+00,1.077335821449266007e+01,9.981558236550354124e-01,7.752752762904220774e+00
8.237881353053548850e-01,2.546332222867479622e+00,3.850360487985442504e+00,9.302201975978354298e+00,3.275913051033461976e+00,7.578572653155084993e+00
0.000000000000000000e+00,0.000000000000000000e+00,0.000000000000000000e+00,0.000000000000000000e+00,0.000000000000000000e+00,0.000000000000000000e+00
2.094482092653107586e+00,2.786536754749089795e+00,1.313329694789983737e+00,6.187514831435349194e+00,1.408792171375345958e-01,4.953217609872268667e+00
9.310842915939612219e-01,2.552659159937669564e+00,3.858418978656542819e+00,4.668912599576309219e+00,3.636396989528176693e+00,6.477763573536142516e+00
1.341153381467400818e+00,1.445724112215189816e+00,6.175630004000719708e+00,5.697423629611219731e+00,5.426776767849332828e+00,6.220425290039583999e+00
2.816100780394013015e+00,5.842700577369843273e+00,5.076991998599627465e+00,4.692035557239757182e+00,1.068331306589407781e+00,3.719796013439031768e+00
4.275062872831401961e+00,5.430007392923854148e+00,5.735237933628923201e+00,3.196020161116377878e+00,3.051350635359837860e+00,2.336157086612106859e+00
4.004002025360025030e+00,5.012113552478048462e+00,4.872467678227727639e+00,6.240927881956501722e+00,2.661801927562202241e+00,6.060720633873033059e+00
0.000000000000000000e+00,0.000000000000000000e+00,0.000000000000000000e+00,0.000000000000000000e+00,0.000000000000000000e+00,0.000000000000000000e+00
0.000000000000000000e+00,0.000000000000000000e+00,0.000000000000000000e+00,0.000000000000000000e+00,0.000000000000000000e+00,0.000000000000000000e+00
1.380712340657629156e+00,3.597028211399544873e+00,5.983825267108328738e+00,3.258646016634854092e+00,3.968957471299107809e+00,4.498484350771676077e+00
3.412575788623075645e-01,9.641941263153830377e-01,4.723172300603489582e+00,4.239030685716041802e+00,2.413774236460413114e+00,3.513839979242694866e+00
3.321023998371907204e+00,4.568006799896650705e+00,4.174627478746139708e+00,4.418033858427974359e+00,2.475514099752367692e+00,4.220880915466485916e+00
2.336104159116818124e+00,2.470214403116402391e+00,5.298943900229101445e+00,5.489050817739965282e+00,2.964188417331389047e+00,5.328234173731316581e+00
0.000000000000000000e+00,0.000000000000000000e+00,0.000000000000000000e+00,0.000000000000000000e+00,0.000000000000000000e+00,0.000000000000000000e+00
6.366086148380170062e-01,2.821530739340341487e+00,5.938818774941164946e+00,5.969842797077435037e+00,1.954917351427184036e+00,5.727326956400868418e+00
1.118385140000286881e+00,2.643494598113409477e+00,4.005000868268854930e+00,6.458095615447991378e+00,2.451280198914781217e+00,7.088479425477763662e+00
2.991284867526172953e+00,2.427723008649219416e+00,5.567360836575941718e+00,5.211587407061882615e+00,3.180070083086519617e+00,6.248240142682418785e+00
1.747267090074213769e-01,3.191594211449119367e+00,5.957415215211950610e+00,3.606050398474275109e+00,3.574895113846584760e+00,6.290282263571204346e+00
1.141567603643973250e+00,3.331835086527275447e+00,6.352227076385357663e+00,5.157436528155725952e+00,4.274072212326665010e+00,5.532384645806390111e+00
2.607822692620219041e+00,6.675201722089373568e+00,4.166438192529644091e+00,4.844622171959980683e+00,5.690880219437692844e-01,4.780066060382220705e+00
6.978825011092586905e+00,6.571272884471682119e+00,3.122134339235099088e+00,5.182923150732582585e+00,1.054304727617937587e+00,2.946707713418065033e+00
3.429166630312776132e+00,4.323059461730766273e+00,3.970448987661414186e+00,5.077365678274129657e+00,1.585108815331335297e+00,2.417987661297444912e+00
2.922090687610318760e+00,4.432319510033214449e+00,3.801592244366699624e+00,3.483800196984635278e+00,1.799778887232518887e+00,3.217885669592007947e+00
4.608787474265949591e+00,4.438367419931486424e+00,3.428437739957034935e+00,1.949617974774412232e+00,2.469420774228366700e+00,2.479470104978847012e+00
4.087390190852784322e+00,1.327950022343141523e+00,5.072512097800811581e+00,7.735349711624275315e-01,5.919724382097138360e+00,2.871265908526329014e+00
1.025629821813184739e+00,3.399186483814891968e+00,4.287943078854993928e+00,9.992792818266509336e-01,4.994128373333727389e+00,3.414063473166273788e+00
2.461838789134986882e+00,4.391461844900383937e+00,6.393630110012019863e+00,3.359332681157594980e+00,4.404673278525905289e+00,2.798636395942078359e+00
3.786673870330714564e+00,4.060119626206599719e+00,5.181774515958097460e+00,1.763220606195575524e+00,3.178012864327891762e+00,1.502741933797776319e+00
1.522920359847309335e+00,1.778704228332851578e+00,4.834504077103590092e+00,2.965121578859519769e+00,3.345900442109604356e+00,4.990211304725340469e-01
4.551901983959456999e+00,4.534266542789756826e+00,6.638061053800788258e+00,4.481887645659628383e+00,3.111535289103865676e+00,3.426668693230037199e+00
3.884722177301622725e+00,4.000102318434691995e+00,4.049176782738946656e+00,3.530969690129819760e+00,4.416839388935620114e+00,3.394533751734632343e+00
3.106346140733618810e+00,3.293466971589169123e+00,6.760306239986826782e+00,4.026501946710220103e+00,3.658607453735879922e+00,3.361217252650856135e+00
2.975840956694774331e+00,3.615150142748859707e+00,3.690509002278564932e+00,4.445145596952166045e+00,4.441469802166352565e+00,4.554718592035358782e+00
0.000000000000000000e+00,0.000000000000000000e+00,0.000000000000000000e+00,0.000000000000000000e+00,0.000000000000000000e+00,0.000000000000000000e+00
2.893332595812482921e+00,2.604501499993672198e+00,5.761570111949433581e+00,1.333216626371644953e+00,3.454897920095371777e+00,1.108562992769262401e+00
