VR1,VR2,VR3,VR4,VR5,VR6
3.623140132210885156e+00,4.146176451004079055e+00,5.572628056597693558e+00,4.360798360946367858e+00,1.964372182854100091e+00,4.902090771131828895e+00
2.019674589155400213e+00,4.002870356409973240e+00,4.000554981548436473e+00,3.935932996538089590e+00,3.881625669689226399e+00,5.737877927950993495e+00
6.990166774726083165e-01,2.913835844296873478e+00,3.011952173764704366e+00,4.591014427799951392e+00,4.846947995665822795e+00,2.918805579332313105e+00
1.466307014436498246e+00,5.357388893628257875e+00,3.248171466247191663e+00,8.103644275619515724e+00,1.026177239566373967e+00,2.293623396554117733e+00
3.030208689129980648e+00,2.264111611220665843e+00,4.390000107563313492e+00,5.198739802174936031e+00,2.155685730900796404e+00,8.708333658835085700e-01
2.661389798319191868e+00,3.596949086036723919e+00,3.707136363955148894e+00,4.743123949619451274e+00,2.116121304823434635e+00,5.575949257060397457e+00
1.050480750459168444e+00,5.118284299408180971e+00,3.932873296895805559e+00,5.179315261046657071e+00,2.776252172996410472e+00,2.635293169719375328e+00
1.487737695263906534e+00,1.511725529397450973e+00,4.876683081686749688e+00,4.768714563490369152e+00,2.290147252747035456e+00,2.871624524701572589e+00
2.719731839712305366e+00,3.193021025629610321e+00,2.699021565333148409e+00,4.835678041176370456e+00,3.809873901064094959e+00,3.078246446624969934e+00
1.569262683245404855e+00,4.493093804931569402e+00,4.290544773319588501e+00,3.216251502508754800e+00,3.329545979465521999e+00,3.294747064543499970e+00
2.357352700802668011e+00,3.285705832816275151e+00,3.720458839267837714e+00,4.362928059525012614e+00,2.134744931904746679e+00,3.598944895465184590e+00
2.963904715831786163e+00,2.548319036146881267e+00,4.022096710642926176e+00,4.865345684902320222e+00,3.124625734733797788e+00,3.477569431999074645e+00
1.746046471203369865e+00,4.449810290088034748e+00,5.340519636365877787e+00,2.863296471838971513e+00,2.667618262303101950e+00,2.666952689824136247e+00
2.219831751515230600e+00,1.998674506442911669e+00,4.167626500807068979e+00,2.415810755643481578e+00,2.123909609070142146e+00,3.823688259281871726e+00
8.767793814294984056e-01,1.503350221642028917e+00,5.157458336734971560e+00,6.099016058656088646e+00,2.077362807086028162e+00,3.700945610615236525e+00
5.004136183188402143e+00,3.962366180920514402e+00,4.511360451336391186e+00,6.168212313135899016e+00,3.282050334860169283e+00,3.276043858700858902e+00
4.492796673173627298e+00,1.280610254912970536e+00,3.805815467600810020e+00,4.847397407383624568e+00,5.029583439419301527e+00,4.011194651309154757e+00
4.798058201764280994e+00,6.424680709622156094e+00,6.128688528551532677e+00,4.301292891972824606e+00,5.260716440839509289e+00,3.913932561928390896e+00
2.278799089722633120e+00,8.797134531289358961e-01,7.027836500582111512e+00,1.582144527462208572e+00,7.179698917242427036e+00,4.908971096330411399e+00
2.666287766890787836e+00,2.646968205551511133e+00,5.037789335579814676e+00,3.065351824099829869e+00,4.310708339045178583e+00,6.640669088650001051e+00
1.579730792007966400e+00,4.673315281064692073e+00,2.481613667729194894e+00,3.135961610262995247e+00,1.877776197486378251e+00,4.581840745721957653e+00
2.948387585085205043e+00,5.295455190001204571e+00,1.531331559207306903e+00,2.938355171670652410e+00,1.618014021034688277e+00,4.151989455770771720e+00
2.300949361449637465e+00,2.266447363202748200e-01,3.471873899255485618e+00,6.062989365824526189e+00,4.377747400069353922e-01,2.236871742728105517e+00
3.744367122326143438e+00,3.798767340325094111e+00,1.664054371140888833e+00,6.793713249481870164e+00,4.966203401321878985e+00,2.223562676692656392e+00
1.503583700407110202e+00,3.482138705569359338e+00,3.781535043578845734e+00,5.587715770789763781e+00,4.417558469621583050e+00,1.065255907445037842e+00
3.587863821479489346e+00,2.987271374611884411e+00,4.630653798392924791e+00,1.786938463424426971e+00,4.320481110174403838e+00,3.988157778094738148e+00
1.460119646899359802e+00,3.056170126942166831e+00,4.583687003376799574e+00,2.972289271834671176e+00,3.509077091601696452e+00,4.789786598850874988e+00
3.677484952748331981e+00,2.538127199953988278e+00,4.282367559573863502e+00,4.238527958750939462e+00,4.785917634649129226e+00,5.678294382022640363e+00
1.644946737211460341e+00,3.123157579505597692e+00,5.146271986133915455e+00,2.000179616768355650e+00,4.699722591687478968e+00,4.657077459571716815e+00
3.901850613059073769e+00,2.532889732664361571e+00,6.269913792485786175e+00,3.043388357168936853e+00,4.555606604061166465e+00,5.013255690798857245e+00
2.605539861013470126e+00,1.788833815380443948e+00,5.134181605894774236e+00,4.935047103971108129e+00,4.971889126448123974e+00,7.413240416829299129e+00
1.459484002216124843e+00,6.090249307038608784e+00,6.331770237973108451e+00,2.962308430160792927e+00,2.018038401679118188e+00,3.956578164965823596e+00
3.617904458170125181e+00,1.273930936802218028e+00,6.084726085594302170e+00,2.415843131590290405e+00,3.639398935463422635e+00,4.221267166282236083e+00
1.281623904566345562e+00,2.970536644164174067e+00,5.084602882757191189e+00,4.904857158289947172e+00,1.141789288308168171e+00,6.363091231585356944e+00
3.693498265191478946e+00,4.037942601682233956e+00,4.745380347090375039e+00,2.840827527937104691e+00,2.046417320214975355e+00,4.145604879753476801e+00
2.584766846946313645e+00,1.947882119987002891e+00,3.416592080775838980e+00,4.010879986016324672e+00,3.062477222332525173e+00,5.404023327084580330e+00
2.799212181082076256e+00,3.613194494186038774e+00,6.248035540799374843e+00,3.277673175769921343e+00,1.663836561457074925e+00,4.071079123434863334e+00
4.310629462672812551e+00,3.538158371248387724e+00,7.881700902336545411e+00,4.112245533448483314e+00,2.550939224933164606e+00,5.078286100630444722e+00
2.163064469386055233e+00,1.314352324653347281e+00,3.195248157344534601e+00,5.102319173115357209e+00,3.597356663581903646e+00,6.455313173265528448e+00
5.089506495565146338e+00,5.471033519102891596e+00,4.736621718194655273e+00,6.284387163714626467e+00,4.273869764894323353e+00,3.281720281391744543e+00
3.096101824219939846e+00,1.194179189243077532e+00,2.703182327330088341e+00,6.395092591569703444e+00,5.057916136944240471e+00,4.109450047448786059e+00
9.076566413430970925e-01,6.009236755897843452e+00,5.827050870615796185e+00,5.915576963239519870e+00,3.165031728984789794e+00,1.550191753086539226e+00
2.218280637032713276e+00,2.541716166866031301e+00,3.069521854212959422e+00,4.413396177882574101e+00,2.434871450929203096e+00,4.193923363488110567e+00
3.267642575655407278e+00,2.073477467061545010e+00,3.206865316691946077e+00,5.282718192295604354e+00,1.977442112329206969e+00,2.465376507537512474e+00
2.867890929719542736e+00,3.600155917321588905e+00,1.433919973501527334e+00,6.420223048663661558e+00,3.339411120981444991e+00,2.980429180813387369e+00
2.366622633651597862e+00,1.871794612343785191e+00,3.297314839346133120e+00,5.522682228298945617e+00,4.689647152754499615e+00,1.642402823951508939e+00
1.612621451878461176e+00,7.456045846503562835e-01,3.717051384780674539e+00,5.016362403373714862e+00,3.015303161095199247e+00,2.922380870929639940e+00
1.310806532256944879e+00,2.324952250677257304e+00,3.478208222800707183e+00,4.480249303293025065e+00,2.115504323741414172e+00,3.007358072758795853e+00
2.262813240401581716e+00,3.220380995779038358e+00,5.166135252519890031e+00,3.859756522388738009e+00,1.514120428698075393e+00,3.829037259572220186e+00
1.457761840160015865e+00,4.441475779586726347e+00,8.333052088565134241e+00,2.202276077473977356e+00,7.658303391230725232e-01,5.294381897686943894e+00
1.788983548244188704e+00,1.088360042285184015e+00,7.344361322167999084e+00,1.796507272650032405e+00,1.450036834297087296e+00,4.783809538199697897e+00
2.593062993840494990e+00,3.272194501711215509e+00,4.221497744456712553e+00,3.209352774163551469e+00,4.103664749310604876e+00,7.277497194825238047e+00
3.477412709064840790e+00,4.552289611359795707e+00,5.649258465454400024e+00,4.869556983576709186e+00,1.999767986117151342e+00,3.202623284554086069e+00
0.000000000000000000e+00,0.000000000000000000e+00,0.000000000000000000e+00,0.000000000000000000e+00,0.000000000000000000e+00,0.000000000000000000e+00
2.962532958617027035e+00,2.757936411028507617e+00,4.830658039796706049e+00,3.094909327349748551e+00,2.057596144588112352e+00,4.618330661857781294e+00
0.000000000000000000e+00,0.000000000000000000e+00,0.000000000000000000e+00,0.000000000000000000e+00,0.000000000000000000e+00,0.000000000000000000e+00
3.456240393654184118e+00,3.493902901957790075e+00,5.540827451213191424e+00,5.707300691445886365e+00,1.293877166496603337e+00,2.479688433164253247e+00
9.172164304435554971e-01,3.915941065452158476e+00,6.922964387377297690e+00,2.969239851685373743e+00,2.359530233557510570e+00,2.790159724085595983e+00
1.679096261623187480e+00,3.236273344930938212e+00,6.979600666069642578e+00,4.644888432634092901e+00,4.066811033551546828e+00,6.536020340200070500e+00
2.499287917997745634e+00,1.729937427102785641e+00,7.324687678261447843e+00,5.002550153387097964e+00,4.939971091766459210e+00,6.454705390331003656e+00
2.707046072782111512e+00,2.894865007304305848e+00,6.032471000237228154e+00,3.039626024471011156e+00,3.933550009225515787e+00,3.802934396494505265e+00
9.236099372077550829e-01,2.077384895274456689e+00,5.149384940791237320e+00,2.556565792340063759e+00,5.655304179429620604e+00,6.415533351453367672e+00
3.986937083830016437e+00,3.540758306151937873e+00,6.415982638685974848e+00,3.060576914142022709e+00,3.911748883841883462e+00,7.352435773100417293e+00
3.408213923491842046e+00,3.159492991419130092e+00,7.769873804269003870e+00,3.879139625630107169e+00,1.850583152549011068e+00,2.561228323608864876e+00
1.307922398189653501e+00,3.609568181211214366e+00,6.588520943355624659e+00,4.002931727297958098e+00,2.943206088740308424e+00,6.816410593720125810e+00
1.959036932445607615e+00,3.317832022899005473e+00,4.282008376544879980e+00,3.150267205849140328e+00,1.992212789846208310e+00,4.626907585930862155e+00
2.430315347531828429e+00,2.548471314314487479e+00,4.654576926092181210e+00,2.354417775625135434e+00,3.349101100684246379e+00,5.735867959375676506e+00
2.690130725405667889e+00,5.821502477821410615e+00,6.759958947998214285e+00,4.913383407781668488e+00,3.556036095310444622e+00,4.256363840616120164e+00
1.867325172972076786e+00,9.095795181961170428e-01,6.029519970869008816e+00,2.947524308143277594e+00,3.656871895135593853e+00,4.006484128950925871e+00
2.922308660578004424e+00,3.503280960339882899e+00,4.070024654859239810e+00,5.917559495879488374e+00,2.052946240183230131e+00,5.980585379927932266e+00
2.186464186372556462e+00,5.421149026874976684e+00,6.819146318453923605e+00,3.189647382158807609e+00,2.581982910215283589e+00,2.979375962571388925e+00
4.391516621187099290e-01,2.977033274999793644e+00,6.318378114473641283e+00,2.378998924834788475e+00,3.185153776470624809e+00,6.581434963568195684e+00
1.168207344866518005e+00,3.651509706352005669e+00,6.469235867706746745e+00,4.219317193537526656e+00,3.851929975596188882e+00,4.183861204794250277e+00
1.605428339917292391e+00,3.986438099857221751e+00,6.651183074864604805e+00,3.890829588021047059e+00,3.818482342165482546e+00,6.421086789210052714e+00
2.774277538535639298e+00,3.434917701553612090e+00,6.844537555329328171e+00,3.751075360071132625e+00,2.059345738403512982e+00,6.157038957313066163e+00
3.239212779585951996e+00,2.119409677318150553e+00,5.545266349108051607e+00,4.295479806247511689e+00,3.957980898219886967e+00,6.607806520164193564e+00
1.865338888919112037e+00,2.671425133259087925e+00,5.206821179088706231e+00,4.866042094044018995e+00,4.599074412526513278e+00,5.082096203076112317e+00
6.478715647373984865e-01,2.712623668228199669e+00,4.874615773036850008e+00,5.684334111564837144e+00,7.077967943265403683e+00,5.661549928831228762e+00
2.672982668969638098e+00,3.464699921696844154e+00,4.770367365957659977e+00,3.689893835982954506e+00,4.328748026929519988e+00,3.895610463431852022e+00
9.340369984994911778e-01,2.218888128772900536e+00,5.018921367270664291e+00,4.921954165104703627e+00,2.270404390663435024e+00,3.187629623452100880e+00
4.480325517707768768e+00,8.719021699977886897e-01,2.304119466992213816e+00,4.020151615794357092e+00,4.896617943392812755e+00,5.173357000403465022e+00
3.507782708803029337e+00,1.643401416524736369e+00,5.265337876290691277e+00,5.807147843481732963e+00,6.207461193088000151e+00,6.310454963242875692e+00
3.350994833484574720e+00,2.829863388163442739e+00,4.546264014167883616e+00,6.510929826976502355e+00,3.101669661511850418e+00,3.457643856465271615e+00
3.348286228215244797e+00,3.125619246083247038e+00,9.424936439292794788e-01,5.756532699399797615e+00,2.762786769833344369e+00,1.774990742617044148e+00
1.312091031350463233e+00,7.389214741109077167e+00,4.332022239509683459e+00,5.082754560585455827e+00,1.332809086325466241e+00,1.469649636978761720e+00
1.009712616696373910e+00,1.325194143788624324e+00,3.191925306034073095e+00,2.268155241551927936e+00,3.926079643773285888e+00,9.177071735464861213e-01
2.189819951820976218e+00,3.048049307196586177e+00,4.481790740707546128e+00,3.788563184792732574e+00,2.030084473913023047e+00,3.542106507731340059e+00
4.549168410230681303e+00,2.868208199994818131e+00,6.284634379796466774e+00,1.476767032732888563e+00,4.181979255786118621e+00,6.946217201150208354e+00
3.507657177707959928e+00,1.223210233399754987e+00,1.004666028761434404e+01,4.456261260016901815e+00,2.561257199596191469e+00,6.540803880617338528e+00
9.975596961691641784e-01,3.238297449348940482e+00,8.125369116472828779e+00,3.777833582733432394e+00,2.871113838089004222e+00,6.272563222011824813e+00
1.741786921986376191e+00,5.864761302722406811e+00,3.621182429409796733e+00,5.777255129740622941e+00,1.091895100010423558e+00,5.448226139108923505e+00
3.975982779643657317e+00,5.470586451467234212e+00,8.033390413135006014e+00,2.718030838059287913e+00,2.695660562863698928e+00,2.164350893745895732e+00
1.604224872822971992e+00,2.129639245115471535e+00,6.699545084316003596e+00,3.672763794456628261e+00,3.174985192484537588e+00,5.541687492892551248e+00
3.074316020318499820e+00,2.838064831666134324e+00,6.118779794904424030e+00,6.419657809694395922e+00,3.282118477044701610e+00,4.457103596989266059e+00
2.099202804009624224e+00,4.270970320825819400e+00,5.935089422989920038e+00,2.859240861434907188e+00,5.032537553158618060e+00,3.187569112752867362e+00
3.013097686223772165e+00,5.410036358432737558e+00,7.663140976780515423e+00,5.759682744527377274e+00,2.160777081745552053e+00,5.811734634140688804e+00
5.531675642301219220e-01,3.637809932999669815e+00,9.770333218518729268e+00,1.970933979541830805e+00,2.859979031057103604e+00,3.865856093541726324e+00
2.679601682045894329e+00,3.237963541315889593e+00,5.718009726502862655e+00,3.428772851329914939e+00,8.758737030053374006e-01,5.479888248054800570e+00
1.455759802039912953e+00,3.895432825055030079e+00,5.867212598774700361e+00,4.409658997236631350e+00,1.705324044383463855e+00,4.872736229756275073e+00
2.807076086449134422e+00,2.860026937201120223e+00,6.404812378684188623e+00,3.215417191384057904e+00,3.811164987237373847e+00,5.153684024533720986e+00
3.175783931764493584e+00,5.597840716950153173e+00,4.498256833093648765e+00,2.322267331198393236e+00,1.776176128967746459e+00,5.868638637044846007e+00
1.700721411028375929e+00,2.996927727849042711e+00,5.735228535171385644e+00,3.649679672256988638e+00,3.038849536981063082e+00,5.396018829971470865e+00
2.021649921119469173e+00,2.268008504057434482e+00,1.581792776270841472e+00,3.907977699152652917e+00,3.425907466651091138e+00,5.007900656587644050e+00
3.181292457645157334e+00,3.955725021208407632e+00,3.042275999458818880e+00,1.733836908527315313e+00,5.000119405442516651e+00,4.940516445130104906e+00
3.065773285207429311e+00,2.815023091737709038e+00,1.782488105106294185e+00,3.081372744221820170e+00,1.459855324753680961e+00,5.266537265108111043e+00
2.617995704737865026e+00,2.363615273369180425e+00,1.842912347251035143e+00,4.894774117985316586e+00,3.541470486542270368e+00,4.360587005490957679e+00
1.718373992870935840e+00,2.790987322646635960e+00,3.478384607760997227e+00,3.706155734451887618e+00,2.661458697327398593e+00,9.191689342887410241e-01
3.912334913665252767e+00,1.027137808867393032e+00,2.462690378947789860e+00,4.881713377611632154e+00,2.889903576625568959e+00,3.097802263998854055e+00
2.709558595798418956e+00,3.211146874604865697e+00,4.064355024629731084e+00,6.215106158513052037e+00,2.572889932666831747e+00,4.289510467112276793e+00
3.774422066017846689e+00,2.387772832262955447e+00,2.408382974004415811e+00,3.699315854372066337e+00,2.060908083336086882e+00,3.039902417354837016e+00
2.012310824498046991e+00,4.098783397398375605e+00,3.432495026606877886e+00,4.229913342880774252e+00,1.302671240965155519e+00,3.508850010382781104e+00
1.587858249059731719e+00,7.887966756945354874e-01,2.699188422489475769e+00,2.316300561607814501e+00,2.655128871916311972e+00,3.686621661513082682e+00
2.177653002738444421e+00,4.018909035785926953e+00,4.041997859471218035e-01,5.245546582843441996e+00,2.348052501620228938e+00,3.114668379027198508e+00
0.000000000000000000e+00,0.000000000000000000e+00,0.000000000000000000e+00,0.000000000000000000e+00,0.000000000000000000e+00,0.000000000000000000e+00
2.046463673922811477e+00,2.565066511317242615e+00,3.496336966779025168e+00,2.110974540525998755e+00,2.497222196922412429e+00,2.790524748543663058e+00
1.878718678862872915e+00,2.737365251716324277e+00,2.683144145768328492e+00,5.129053604024798929e+00,3.734148622379625415e+00,3.800585187676321475e+00
2.374649622841159324e+00,3.691764956074500503e+00,3.724068751158202240e+00,6.022160053799545665e+00,1.370483991531195711e+00,1.339971284855201894e+00
1.902148193668763865e+00,1.552030767448345339e+00,4.082194415940385568e+00,3.422745018143800166e+00,2.604932444242402223e+00,1.440847422441783987e+00
1.855134870880393638e+00,3.492240128857290848e+00,4.730230032641627780e+00,6.759910858994921057e+00,2.501068555137685223e+00,9.879766235870492963e-01
2.245724642877743538e+00,4.045258016931800427e+00,4.546154252425301578e+00,4.410770595900229907e+00,3.287993011911923613e+00,9.529513876955331142e-01
3.344368501726804777e+00,2.917535817547280974e+00,4.854484660849638367e+00,1.647491696106889947e+00,3.479303080099523271e+00,5.262240156117107936e+00
2.440542821000735607e+00,9.526093861312729949e-01,4.480304234948008002e+00,5.136808466888309610e+00,3.782004294170522307e+00,4.964326397272744273e+00
3.154257686962388618e+00,3.093155977295331205e+00,5.868920599558372864e+00,5.271335842070839384e+00,4.560963277919157122e+00,3.058507651042564834e+00
4.580138997320354122e+00,5.468931744290013164e-01,5.551924374488333314e+00,6.761815889861088280e+00,5.354806203082889127e+00,3.505777009128503430e+00
2.857174203062306184e+00,4.845786555151638808e+00,6.237563564223599144e+00,5.842787569183345298e+00,3.333445648803455175e+00,2.260609349833429427e+00
6.504447150444860881e-01,3.852441922675875041e+00,4.382684110553173085e+00,4.029756657519326879e+00,3.573133119135980085e+00,4.224229817331573322e+00
8.239258865393292997e-01,2.422669002818516493e+00,4.785197181179491110e+00,4.398853464328836615e+00,3.412464643608291937e+00,2.573533182231816596e+00
3.569355968747017549e+00,2.719077404097554940e+00,5.608932796530352149e+00,5.916518282430931919e+00,3.312665608548263751e+00,2.562269303534333353e+00
1.742913413087424868e+00,3.773493770343298248e+00,5.208100075831396225e+00,5.274159960979696748e+00,2.159847027419464105e+00,4.682476097365125156e+00
1.908459033743656441e+00,1.432244140716190994e+00,5.760509264477040148e+00,4.096189511485679446e+00,3.022325744974462047e+00,3.206603699323189449e+00
1.492310652254939418e+00,3.895809541195928816e+00,5.417642201860592976e+00,6.904031500469110405e+00,4.831294646584728625e+00,3.929410154345875483e+00
3.349454600433764639e+00,3.684699040729565667e+00,3.613711307069288559e+00,3.109497026015560106e+00,3.964340849816066381e+00,3.475805057259967246e+00
2.926782584369004514e+00,1.669094104095777631e+00,2.009510780115000728e+00,5.771599248933579673e+00,8.582230674794915082e-01,1.686612280825084742e+00
0.000000000000000000e+00,0.000000000000000000e+00,0.000000000000000000e+00,0.000000000000000000e+00,0.000000000000000000e+00,0.000000000000000000e+00
1.678491657441874896e+00,4.249809373778390409e-03,1.537381951280011982e+00,5.470426523690525400e+00,3.315149571156793762e+00,1.125862817242277991e+00
2.358377563372410002e+00,3.637867478317938996e+00,1.753194757289322503e+00,4.979380977601787883e+00,2.050771236064745651e-01,2.456174053492384157e+00
2.396301922945270668e+00,4.149539607061281998e+00,3.783907821474630673e+00,5.161475386546284128e+00,2.036413999945681397e+00,7.090305641425298511e-01
2.960040889148543464e+00,1.654342412513809313e+00,3.387247265629532489e+00,6.224562899643901304e+00,2.147299645747048125e+00,4.533985329687606480e-02
2.143709135491229212e+00,4.007913488835086468e+00,5.033732825514634968e+00,3.454298933907108626e+00,3.967823545978284905e+00,1.792026917916775375e+00
1.018038432254973369e+00,1.246629958614926315e+00,5.865868271331225792e+00,2.148695492600983137e+00,4.696606905085009664e+00,4.864715766648666673e+00
3.732099790850393894e+00,5.173809498201105583e+00,6.282488159734260336e+00,3.453110698542391610e+00,2.722067841182571613e+00,5.146737584494820439e+00
1.992644702557064385e+00,1.707636641352399787e+00,5.988558035344343722e+00,1.729446861312557537e+00,2.997614075960354008e+00,4.624450681671208763e+00
1.497800718697415157e+00,2.135568795143780285e+00,6.440806277301901694e+00,4.808127900574031166e+00,4.051536550369106315e+00,7.331412255320957527e+00
3.507794119515003306e+00,2.114254267459982017e+00,3.661845901274277004e+00,4.415396855559026612e+00,5.572163903937365603e+00,2.871154624521908616e+00
1.832554278777110524e+00,4.677300704445013224e+00,5.547103812584922800e+00,4.388938537910975768e+00,2.944331427923357225e+00,3.387833310505012463e+00
3.388582834247415576e+00,2.504670086758694403e+00,7.440068957082082157e+00,3.906734773093394342e+00,5.459248496448976695e+00,4.556920175580577492e+00
1.053483130906225584e+00,1.375303645077846415e+00,5.062845874041125960e+00,3.797085782861612913e+00,5.024371261885987039e+00,5.717677920047302464e+00
2.745317613183006600e+00,4.538870438252281758e+00,5.798965642792591524e+00,3.190164705021973912e+00,4.032674222307218947e+00,6.468766626864525193e+00
3.398911176316785632e+00,3.242844247161592364e+00,7.124132696062071446e+00,4.548873468943819276e+00,4.244731384258268569e+00,6.895617284992308527e+00
1.757647747068368238e+00,5.295396163788063326e+00,5.026013908181850454e+00,5.122354748467547125e+00,4.920662167410302601e+00,6.836372298544030279e+00
