VR1,VR2,VR3,VR4,VR5,VR6
4.195489400889123033e+00,3.151986415919248774e+00,7.428815803461786160e+00,2.129402299331474069e+00,2.045499888671621136e+00,3.485458193655512016e+00
2.108329651357051748e+00,1.037688073989636806e+00,4.979227892711288739e+00,4.449862422490797442e+00,4.687652368380859080e+00,3.270862392251112638e+00
1.156186932021420866e+00,5.611417578005131190e+00,5.130205554275017121e+00,2.536005906898635587e+00,3.421191656540376158e+00,5.629394774265950474e+00
2.999923319353783757e+00,1.791117642268117205e+00,3.090042777131885909e+00,2.084858848107118412e+00,3.146266747076654990e+00,3.987704422652102121e+00
1.739650745259050169e+00,2.238615553683031667e+00,6.042744890604559771e+00,3.002654356320927143e+00,5.367917435809061999e+00,3.016872914892752888e+00
1.501268075011372494e+00,2.487313254514951666e+00,4.515427539515203037e+00,4.110313771663671290e+00,4.498671587897399959e+00,3.445090515948813881e+00
2.491437361241282566e+00,6.269241274425786159e+00,1.875163246744112389e+00,4.801354419673756979e+00,4.486817219824531300e+00,5.270134770344831132e+00
9.799134151715085395e-01,3.474361194113399165e+00,2.895785480424682756e+00,3.347019537625130603e+00,2.481005236281646376e+00,4.135604782456682393e+00
3.244976271740655616e+00,1.303199145879883947e+00,3.263588492539400754e+00,4.222099450432144074e+00,3.835172267187660911e+00,3.907986551189979618e+00
4.020621035067369675e+00,2.146907228689900027e+00,3.221998799746229381e+00,4.097697441349135161e+00,4.212077987566964055e+00,5.398717664112071546e+00
2.571470689742128002e+00,3.010715695571222650e+00,3.354417260098303100e+00,4.644395385030256840e+00,5.093779413383500376e+00,3.694791654874055808e+00
0.000000000000000000e+00,0.000000000000000000e+00,0.000000000000000000e+00,0.000000000000000000e+00,0.000000000000000000e+00,0.000000000000000000e+00
2.732613344138448142e+00,2.984878647828139719e+00,3.819602151811072321e+00,4.482851018636306861e+00,3.606282490414868924e+00,5.575123591241376353e+00
2.414899386685256388e+00,3.645524429539694466e+00,3.574496584763781293e+00,6.761220670912331698e+00,3.381912356538005593e+00,2.031799997517375722e+00
5.428546646472664605e+00,4.197542827115510633e+00,4.647287087753150026e+00,6.028802101997190022e+00,3.688675994783521261e+00,3.521784629086624374e+00
3.061279306123842581e+00,4.065979894788068094e+00,4.973777411250899227e+00,4.496355552798215527e+00,7.706824222489139231e-01,3.696073121011483664e+00
2.891325043990058408e+00,3.183282195758750266e+00,3.781117429594780255e+00,4.117029502425848975e+00,3.807859454649173969e-01,2.691887812453830797e+00
0.000000000000000000e+00,0.000000000000000000e+00,0.000000000000000000e+00,0.000000000000000000e+00,0.000000000000000000e+00,0.000000000000000000e+00
2.970714296622919193e+00,3.479301534947435659e+00,4.542709146201434400e+00,4.212303365664038957e+00,1.181483550678506855e+00,2.445843680999920444e+00
5.819692858338066266e+00,3.290124961346688970e+00,5.142366377884411754e+00,3.947362218844528758e+00,5.787440258249807457e-01,4.694385530668930606e+00
2.887723149049348681e+00,4.638900049928098568e+00,4.677042009912079301e+00,6.873606777407340829e+00,1.818897257443430782e+00,4.106123148804400991e+00
2.898866662006694739e+00,3.955133889057686591e+00,4.384809167331810364e+00,5.483257636525380008e+00,2.111759223007047659e+00,3.677953520742399007e+00
5.078825190319872007e+00,4.422705119970596677e+00,3.632045536424373111e+00,4.857136677597802432e+00,2.989635322501544401e+00,5.392711104916941167e+00
3.740558721737719416e+00,3.370030580257091568e+00,2.561215124299867529e+00,3.093328204031313255e+00,2.078913283603098350e+00,5.389083624106605797e+00
2.654509612578202393e+00,3.605301756146157111e+00,5.318595711041171903e+00,3.327319960457074455e+00,9.257131311839881249e-01,1.884319209485308289e+00
3.001884306778843658e+00,4.420633321147557027e+00,5.840567650680761780e+00,4.673716891864194700e+00,8.342070358003028652e-01,4.965836846734977605e+00
2.404212637357906690e+00,3.505638665216078920e+00,5.839038522821914157e+00,5.338688561332453730e+00,1.805224481395536484e+00,4.657449545365945909e+00
2.291782757377669455e+00,3.396251311390692251e+00,5.279745476727502940e+00,4.905224870689369965e+00,2.774837594018459530e+00,3.470376872134419255e+00
3.069814496510424817e+00,1.617288310921873418e+00,6.973413248263959474e+00,4.575852959242383555e+00,2.694304549343243149e+00,3.395356003289536240e+00
1.555629857787823589e+00,5.152506354380246734e+00,5.055079003290312123e+00,4.883298874104658793e+00,5.603349880405446015e+00,5.500140778705851829e+00
1.558052963673335345e+00,4.135960658311253368e+00,5.207250445461680144e+00,2.818530495828028837e+00,2.573596063030489489e+00,2.980546313578609663e+00
2.903374232303949753e+00,8.644411384387633568e-01,6.384184548842240403e+00,2.982472828961800104e+00,2.235689536724926985e+00,4.325228845431693614e+00
3.873017469304131488e+00,2.225656925646859907e+00,6.236171028012330808e+00,3.523385109227648471e+00,1.318979045344832457e-01,5.383381264562856927e+00
3.638587941034949758e+00,3.952526808332434083e+00,3.942238301660832889e+00,6.059949269220753720e+00,1.412422738111054343e+00,6.869732191262352572e+00
1.041214170314348486e-01,3.043565206630247211e+00,5.556334001548449919e+00,4.752310841493492255e+00,3.411542662401913617e+00,4.601888786708244972e+00
3.093994586646084954e+00,1.551396654861102897e+00,4.445981625600588849e+00,3.695533955787588809e+00,2.627353387769782778e+00,5.010410022614792958e+00
3.448475515446048689e+00,4.588964936303229436e+00,5.466611690548557334e+00,4.905795722546628213e+00,3.929189761168707662e+00,3.590804464941113050e+00
0.000000000000000000e+00,0.000000000000000000e+00,0.000000000000000000e+00,0.000000000000000000e+00,0.000000000000000000e+00,0.000000000000000000e+00
3.057434565411574212e+00,3.548332929547203918e+00,5.975694133203733216e+00,3.349876203650259399e+00,4.914749625723200843e+00,2.514241481776027687e+00
3.073489583411031401e+00,5.586932267041513356e+00,6.189194218867883457e+00,4.038173777741517867e+00,4.525166000768515495e+00,2.633625654804391036e+00
3.961789545263221246e+00,4.784475017012921327e+00,3.756779252479907516e+00,4.274790950778931453e+00,3.136354614793312123e+00,5.213858486057207031e+00
4.232186934114128718e+00,1.534440934849821359e+00,5.816492246471890226e+00,3.941145818004746282e+00,9.845673178468157261e-01,3.657731508909962237e+00
5.529781430545793519e+00,4.604584224197147968e-01,4.663348037575292260e+00,9.706898610583096776e-01,2.016388504911971413e+00,5.244075038109337505e+00
1.714225658451479672e+00,8.787321757402613009e-01,7.718379724702117528e+00,3.173269696989946986e+00,3.576417259667429960e+00,3.350718011708111010e+00
3.429023844101397156e+00,2.818811721531620407e+00,6.320385189563047845e+00,3.783419897726296277e+00,4.640325253336218481e+00,2.457213481319145743e+00
2.580055532488970016e+00,5.641469128573396219e+00,1.869634934606598797e+00,4.163493299917957913e+00,2.795548027650507805e+00,4.950317707486318497e+00
4.329034790016561551e+00,3.153827097856886752e+00,1.791936232898214243e+00,3.674310845749379606e+00,4.503486823087849977e-01,2.936362726187872418e+00
4.060527459941199346e+00,1.320618810756265304e+00,4.041552626010615157e+00,3.061244346318721554e+00,1.111560302661999344e+00,5.502987900083573081e+00
3.436788699619137688e+00,3.318508810222341232e+00,6.704105057097049958e+00,6.434121932341605898e+00,2.738149159929221810e+00,3.999443027396268668e+00
2.606387851694635494e+00,3.476639598430324885e+00,5.963367125988058959e+00,6.528437745026461236e+00,2.581728002348658624e+00,3.280034551585143898e+00
3.022419188146026059e+00,2.529231619689098487e+00,3.890782960260442458e+00,6.841722795136799817e+00,1.301623694138855480e+00,6.233571834297872094e+00
0.000000000000000000e+00,0.000000000000000000e+00,0.000000000000000000e+00,0.000000000000000000e+00,0.000000000000000000e+00,0.000000000000000000e+00
2.868919920906391585e+00,3.377670004559700345e+00,3.180612499975477903e+00,4.112812384776594499e+00,3.194893403216596539e+00,2.441277040904641815e+00
2.585710445530843060e+00,1.209974261736912693e+00,4.745388380256414074e+00,5.385360412999284918e+00,3.023187510915562370e+00,3.174566556801601269e+00
3.693839739204398676e+00,5.002291493774794873e+00,5.682244311339427867e+00,4.941492459811899884e+00,1.938576099831702093e+00,4.285451710867438813e+00
1.159365581373461573e+00,2.657504339611609812e+00,3.006370471141936118e+00,2.931727355692465675e+00,3.683741686770791723e+00,2.013353124126211036e+00
5.366164382017460710e+00,4.085473459559567644e-01,4.545169730175425471e+00,3.140230232179262337e+00,2.052901260734040889e+00,3.487079622730409945e+00
1.766613549406283568e+00,2.201256193716560006e+00,5.956352365093337653e+00,3.362095848418259703e+00,3.732347665218745725e+00,5.776675002363591105e+00
1.093884588405030334e+00,4.281376718329278575e+00,3.944710114199704520e+00,4.875244636892885453e+00,2.032263912055060739e+00,4.846440408430261471e+00
3.419276526866531274e+00,2.956199859630568749e+00,2.578609392062792161e+00,2.422127865066165509e+00,3.892882402731963509e+00,3.544172184084495303e+00
2.565014305876361700e+00,3.080561382403602000e+00,2.808933537588879759e+00,5.660599419816690236e+00,2.482260331707804024e+00,2.849752413433341403e+00
1.083993758389635076e+00,4.500675131772499782e+00,3.307537432081039785e+00,5.505065000547249454e+00,2.252076671175366585e+00,2.887769092846848018e+00
3.096775616554040322e+00,1.329041359968637481e+00,5.748994204741005198e+00,2.911319672957711546e+00,2.942063042181550347e+00,2.337145774014331323e+00
3.284928916502590557e+00,9.647956518050233576e-01,7.862830152304596254e+00,4.608048934207828573e+00,4.265555099929482452e+00,5.608721379959052733e+00
1.258060620095767357e+00,2.722701423227729567e+00,3.723243508721760797e+00,4.097638749160435800e+00,4.818436618610848043e+00,5.690556558716096447e+00
2.826197941889274201e+00,3.405548184064361106e+00,3.080394601160135082e+00,5.730882368417702821e+00,3.812909294919283099e+00,4.559809339958680319e+00
9.150006417245701851e-01,2.595147474828406686e+00,4.692972948607128991e+00,4.204027773226299836e+00,2.303057299604521990e+00,3.346744260476221200e+00
0.000000000000000000e+00,0.000000000000000000e+00,0.000000000000000000e+00,0.000000000000000000e+00,0.000000000000000000e+00,0.000000000000000000e+00
2.018906486699348246e+00,2.793732700857435525e+00,6.730655429316294125e+00,5.524927446104078044e+00,1.119655559251077293e+00,5.085360216825153046e+00
0.000000000000000000e+00,0.000000000000000000e+00,0.000000000000000000e+00,0.000000000000000000e+00,0.000000000000000000e+00,0.000000000000000000e+00
6.202536215108322981e-01,2.977029658632895703e+00,4.971251559756630911e+00,1.963257763905466469e+00,2.304339028878124029e+00,4.949752961840395038e+00
5.468190780170497867e+00,1.679442941365038688e+00,4.017144120745216540e+00,3.389126863880929097e+00,9.145135935487869183e-01,5.452026083509460719e+00
0.000000000000000000e+00,0.000000000000000000e+00,0.000000000000000000e+00,0.000000000000000000e+00,0.000000000000000000e+00,0.000000000000000000e+00
1.748385364200444325e+00,2.053035716114379738e+00,3.055378357816701307e+00,3.409802134445339306e+00,6.154887042518638829e+00,2.760016894431442047e+00
1.187578575742688214e+00,1.451413568009229049e+00,2.841691400813443735e+00,2.648539268235680755e+00,4.675696625814699914e+00,4.936419641951098392e+00
0.000000000000000000e+00,0.000000000000000000e+00,0.000000000000000000e+00,0.000000000000000000e+00,0.000000000000000000e+00,0.000000000000000000e+00
2.049856413635638308e+00,1.602762933080344343e+00,5.759326230671512725e+00,3.663828619518453511e+00,6.540375259504082273e+00,5.461457942230605767e+00
2.914869549843381868e-01,4.914580693508658449e+00,6.896665874265723417e+00,4.602430014813453596e+00,6.094685070916804115e+00,3.885703902624851658e+00
3.295399683609781860e+00,2.966751838069755287e+00,3.699058098470113354e+00,3.139923153764903496e+00,5.264592891896112903e+00,3.783880318029072320e+00
3.145442943730405450e+00,4.464615850018986087e+00,4.451673366161315926e+00,7.296069550036854423e-01,4.299529585185834613e+00,5.829584876088325096e+00
2.891345339923296898e+00,3.469210735765051012e+00,2.854755869576445004e+00,1.596903529122016163e+00,5.760939839257031458e+00,6.261127031113087327e+00
1.313430244876604203e+00,1.671690941570771471e+00,3.375522851108995859e+00,2.712403839901572411e+00,6.357748259410312741e+00,1.914250338170147447e+00
4.840538874923430157e-01,3.113166708922396442e+00,1.303165395000510873e+00,3.505737014252747308e+00,5.967242373093343488e+00,2.373764426869913624e+00
1.478914730884604012e+00,1.543917074374113518e+00,4.411897417124738929e+00,3.766679122902365950e+00,4.956679682607420645e+00,3.163323868141252326e+00
3.832481334556042896e+00,8.226925494798269511e-01,5.146909302177245848e+00,5.074937193117727396e+00,4.768060712995144002e+00,4.203588029858135400e+00
4.441821887445165373e-01,5.328163277314581947e+00,6.689247896068534871e+00,3.889198551501220180e+00,6.597503487461336746e+00,3.741639944777856552e+00
1.871203622378919906e+00,5.966487952828737562e+00,5.572531700044208058e+00,3.207961010543296521e+00,4.311879377683276893e+00,5.009037719735400351e+00
2.940902138729117876e+00,3.233078825737885964e+00,4.121592986414982285e+00,3.796601982247258089e+00,2.772936944367480727e+00,4.581582023261906222e+00
9.565004503876650688e-03,5.253350495804330222e+00,5.882735247991993432e+00,4.680464086896097164e+00,2.878571235892824820e+00,3.045240186677465211e+00
2.495007181609705249e-01,1.044373803494613728e+00,5.336586802928573015e+00,3.740660391487347969e+00,4.520076003684663668e+00,3.073470695476209436e+00
2.833228618876486138e+00,3.839987131401045861e+00,2.790028403925891354e+00,2.136063829809828896e+00,3.415461394720531896e+00,2.000813732321200522e+00
2.394892560220295508e+00,5.125863240331875126e+00,5.662697333094266483e+00,3.210084973564370170e+00,2.685745326705811564e+00,5.208271659042804202e+00
3.807308882489588875e+00,1.617181286865735146e+00,3.253987842587369617e+00,4.079758051556648724e+00,1.438456928155483316e+00,3.563808427525532174e+00
2.861155665209473398e+00,3.072522683711143898e+00,7.135763085422485830e+00,3.814065398032225218e+00,2.844859277236008843e+00,3.817888913900339354e+00
4.333343484215836483e+00,3.585596289431953743e+00,6.446631057580407997e+00,3.861470856768757898e+00,2.093858613940264402e+00,3.598579419617343067e+00
2.219106314822147930e+00,5.044047822016876736e+00,8.121526551462730836e+00,3.446229712465521899e+00,1.850569630845086522e+00,4.135997985863138382e+00
2.201753960254409392e+00,1.099698602523689450e+00,5.040840128989467317e+00,4.209272522270365080e+00,1.487041888591764671e+00,6.062348949667875075e+00
0.000000000000000000e+00,0.000000000000000000e+00,0.000000000000000000e+00,0.000000000000000000e+00,0.000000000000000000e+00,0.000000000000000000e+00
3.116204197944586696e+00,3.924429331924272901e+00,4.345831804717917635e+00,2.450337380041755608e+00,3.601692738439808750e+00,5.790704296995619060e+00
3.282344704540495872e+00,1.924659207740604394e-01,3.478142740870559635e+00,2.343077489515434486e+00,1.333906242522211016e+00,5.183940809507686431e+00
1.823838436599350965e+00,3.338437621094283436e-01,5.871571895604510871e+00,4.566713126580282278e+00,2.521206390739607617e+00,4.099973192748758599e+00
4.152002413230602151e+00,3.720072433355240182e+00,6.298685637492854816e+00,5.784032124586013346e+00,3.546900448633864666e+00,4.408246753640211679e+00
2.193762493776346467e+00,4.965748073025573639e+00,6.370652299188193091e+00,5.924966143281858777e+00,5.930576126688471561e+00,4.621217757696310713e+00
1.612106574252358371e+00,3.624153619306063501e+00,4.730006856665736947e+00,5.510001156521021848e+00,5.155711768831533703e+00,2.898105838839556192e+00
2.100262202075989570e+00,1.860642792794114042e+00,2.531090122670280884e+00,6.138804696607088829e+00,4.848433024903122224e+00,4.792956620553335156e+00
2.107640653284703625e-01,1.458518915543625782e+00,3.734035803021559907e+00,5.447046155228139064e+00,4.029798034632026571e+00,2.680717811912073145e+00
2.087523395955018568e+00,3.193551477958305629e+00,5.235933840725703448e+00,5.553956534623554653e+00,5.194910082516129179e+00,5.735948069605438349e+00
2.025497048112061549e+00,5.374399702504613074e+00,4.982547718241575829e+00,4.374938964459105684e+00,4.070707985887011660e+00,5.045631875783701759e+00
4.601489035613528067e+00,2.593833127093919444e+00,1.925818182228424824e+00,4.036585177290767490e+00,1.371403635640433771e+00,4.701257698776987404e+00
2.368901487450771892e+00,4.117947927714768142e+00,5.710282594513643062e+00,5.313078432786734417e+00,2.677933806550128804e+00,5.212502413429067616e+00
1.822119572649251396e+00,5.504598066132700751e+00,6.707727296358437563e+00,3.734021285007614210e+00,4.112960406906013944e+00,3.923195874566858254e+00
1.199318289453589648e+00,2.839744329843316262e+00,4.813471964603094122e+00,2.610225258344707644e+00,3.122568392517650615e+00,5.685192727590765216e+00
1.281581400607731958e+00,1.910463916423760455e+00,5.140135132349039182e+00,2.343504796642366550e+00,3.356600285561013308e+00,2.980487302294358543e+00
3.185587383870720046e+00,4.015479995422842840e+00,6.031479429867594000e+00,3.361267590562222907e+00,3.312331640723733539e+00,4.661582380300991701e+00
2.089786519948786392e+00,3.739371623567925518e+00,6.506533069420638249e+00,4.501437038447153149e+00,3.192847260431177947e+00,3.782587374135182756e+00
2.951666258018374123e+00,2.048918480643894924e+00,4.568780456001775292e+00,5.515450777400909388e+00,3.280900453561071739e+00,3.796211631772052897e+00
7.644869288322559964e-01,5.251120500232724808e+00,4.734391694313189625e+00,5.067710982364061145e+00,2.654683045989230106e+00,3.109688270222365603e+00
2.345275378864251081e+00,2.689998168465015382e+00,4.885834849191755147e+00,3.693521753587384993e+00,1.891888282822247858e+00,5.028018576403392004e+00
2.295221199917537813e+00,4.246987187645636652e+00,5.756615432591009274e+00,4.693258810216702770e+00,4.785407123874383828e+00,4.451956399494278571e+00
7.655913609711062495e-01,4.193271156227529772e+00,5.750040264501723009e+00,3.014048042243005376e+00,3.579804400871146708e+00,4.504311316882946059e+00
3.070897987955193642e+00,3.713453204572869204e+00,6.821966775239741487e+00,4.334661242715862173e+00,3.855786542282665597e+00,4.976470773553764104e+00
0.000000000000000000e+00,0.000000000000000000e+00,0.000000000000000000e+00,0.000000000000000000e+00,0.000000000000000000e+00,0.000000000000000000e+00
3.292277101626553737e+00,3.895206185923520081e+00,5.116284756990167715e+00,4.685380939124758726e+00,3.869290761921947208e+00,6.001697104001950223e+00
3.327768428844105841e+00,1.228452148423855528e+00,5.595714231464905097e+00,5.111966926668825906e+00,3.450197063463738001e+00,3.276718176131175220e+00
3.131265936797123395e+00,3.571342955230358385e+00,6.254967170974325086e+00,2.703174352375865563e+00,3.317272718879157534e+00,6.740946833266260541e+00
0.000000000000000000e+00,0.000000000000000000e+00,0.000000000000000000e+00,0.000000000000000000e+00,0.000000000000000000e+00,0.000000000000000000e+00
3.913167385206810067e+00,2.156511556928681017e+00,3.475740151718526683e+00,3.707427089142405485e+00,4.765258851970695986e+00,5.786817838277154458e+00
1.413009826895466725e+00,4.634253393262026677e+00,7.951530906865986736e-01,3.156239673746120467e+00,5.556440744291468725e+00,3.786873061658925010e+00
3.161919196825784262e-01,5.420553849491636988e+00,3.297307133949908042e+00,3.652562258457685118e+00,2.160761525358474433e+00,3.297759216225167656e+00
4.228425795781010521e+00,3.965524678113188095e+00,2.817581588280492433e+00,3.696898967128923630e+00,1.600116656451734176e+00,4.187513982820931346e+00
0.000000000000000000e+00,0.000000000000000000e+00,0.000000000000000000e+00,0.000000000000000000e+00,0.000000000000000000e+00,0.000000000000000000e+00
1.597500531257581846e+00,4.803388927137838493e+00,5.639785725190781918e+00,6.019863901145232177e+00,2.270150989883675141e+00,2.436713761518868537e+00
4.659303872035927441e+00,2.377925319312693464e+00,5.827245894991715858e+00,4.283142124187269140e+00,2.102724045614495552e+00,5.019151167221371779e+00
2.627228016841934188e+00,2.286985012815613061e+00,6.518930867074538504e+00,3.670455785858274922e+00,3.371300341156870495e+00,4.801645449771964280e+00
1.804278783243582929e+00,2.465769182398322545e+00,4.771179931238009431e+00,3.574811433598830579e+00,6.093444249923150480e+00,3.528538257097195263e+00
3.229083823966496958e+00,4.397704057498975416e+00,4.636314774441895104e+00,2.367269730033943365e+00,2.752630539068223747e+00,4.107684537661326019e+00
8.506168794313009318e-01,1.869387082409632583e+00,4.000483465190652232e+00,5.712058114037912304e-01,4.510725821083138243e+00,4.706470596915182547e+00
2.176119325508369062e+00,2.648124901556852429e+00,4.280507859574266050e+00,2.207766217893215810e+00,4.472687850114628993e+00,4.071329176475255274e+00
3.814815995280519623e+00,2.765575716221063018e+00,6.539846514767972074e+00,4.565230280314432676e+00,4.306123409627123699e+00,2.796310263126435380e+00
4.103746367717314492e+00,4.687503602885508158e+00,5.468589545842069910e+00,3.077209856450126679e+00,3.451863620638968566e+00,5.262024441229811167e+00
2.566433737126269765e+00,3.475417159196687145e+00,3.859250804928908707e+00,1.317441708474029749e+00,4.318612137988882438e+00,5.389576042585160209e+00
1.643900886320394550e+00,6.819804703177867466e-01,5.189559158642844672e+00,2.767971916564410328e+00,4.213096168949559406e+00,4.590603159330444605e+00
2.734394714683162864e+00,3.246016549745203150e+00,6.191635289689545907e+00,3.795093218534979496e+00,3.454956602697836665e+00,5.811379910244293789e+00
9.294182329690663380e-01,2.155092873396936337e+00,5.736628572406293536e+00,3.278376230481938602e+00,1.170108217497389358e+00,1.448366881853241139e+00
0.000000000000000000e+00,0.000000000000000000e+00,0.000000000000000000e+00,0.000000000000000000e+00,0.000000000000000000e+00,0.000000000000000000e+00
2.125537567635123359e+00,3.474992925530717702e+00,6.321387516809651608e+00,2.216256731972754856e+00,2.979917530482323329e+00,4.170337120336282233e+00
3.273342241318536239e+00,1.874512701831461792e+00,6.610503270916627372e+00,1.770903404231603417e+00,3.562473616843402802e+00,5.304613891433762163e+00
1.698494091651243654e+00,4.367093624801404061e+00,4.150664402378336781e+00,3.047965929447864042e+00,2.781137484809015348e+00,5.177006662137834780e+00
2.256318780223741882e+00,1.296966729870363100e+00,6.949782708443858148e+00,3.997482862794633274e+00,3.394629298081720759e+00,4.186298033646149719e+00
2.484644898460072415e+00,3.967760373266164819e+00,4.059925530592368048e+00,4.754089188288502577e+00,3.144654228765457749e+00,4.991210828021456436e+00
