VR1,VR2,VR3,VR4,VR5,VR6
3.014938526233996718e+00,3.075546949217677462e+00,3.775457707781038952e+00,4.120129808548519179e+00,3.752335504804293898e+00,3.628128988429754287e+00
2.308234905656382008e+00,3.950478338298287984e+00,6.389840266665857804e+00,5.946833454167370192e+00,3.886765700269850576e+00,4.783801271544730227e+00
1.229228231048417497e+00,4.840071642791939688e+00,6.471910077923952898e+00,3.679994874707364971e+00,4.257433259580390761e+00,3.882346818268989974e+00
9.098012810788231874e-01,1.165267672237773944e+00,4.998754012158784121e+00,3.855239333441934590e+00,2.237469851888155059e+00,3.913602557138892823e+00
3.490639774127797246e-01,2.355175938996665330e+00,6.688152225201553058e+00,4.739398719930054682e-01,2.770477131767803414e+00,2.028467831194696647e+00
3.352151145565922086e+00,4.070933720192368099e+00,7.848198000946733366e+00,7.597700423910334067e-01,5.182320375268110624e+00,4.183074436281378539e+00
2.214961288922577154e+00,1.901821026349099109e+00,6.633383366150861882e+00,1.428102157540506845e+00,4.726395905091183458e+00,4.626635333415181961e+00
3.183210642695498471e+00,4.278819517987562548e+00,7.321615415573869967e+00,1.079848482358288564e+00,4.017750451562672076e+00,3.494815074202575200e+00
5.153984355470477396e+00,1.253840788483084889e+00,4.565647716179801030e+00,3.655596414526159244e+00,1.869638032886930423e+00,2.128380286555578760e+00
4.721658810859828748e+00,4.188380841329870208e+00,6.005127789702173757e+00,1.835930850366023215e+00,3.029666549557931354e+00,1.771798693500061361e+00
2.994298995330352486e+00,1.716691401671691430e+00,3.391412562959148502e+00,3.426109965058493856e+00,3.977273290902445968e+00,4.323387547683552157e+00
4.748168904287773273e+00,1.434527353147800888e+00,4.788756980613164238e+00,3.185765251229768058e+00,2.920101619108387947e+00,4.503359599807070346e+00
3.682479048787935305e+00,1.410757391294976237e+00,3.171035130560904580e+00,1.481359513049845145e+00,3.305912887028854996e+00,4.794701491664829618e+00
3.919581916190949755e+00,1.461206553531535279e+00,4.710896060757580273e+00,1.820394454367054049e+00,2.977665114043333894e+00,4.382574474538802889e+00
2.885442262559932303e+00,8.288674205197552602e-01,4.509296319254159968e+00,3.225681105639822022e+00,3.146049827468585747e+00,6.010682124678125682e+00
5.326327117954388513e+00,4.512263461510063856e+00,6.485779360371662250e+00,3.864350150720397892e+00,4.999630482699455314e+00,5.505806506010632262e+00
0.000000000000000000e+00,0.000000000000000000e+00,0.000000000000000000e+00,0.000000000000000000e+00,0.000000000000000000e+00,0.000000000000000000e+00
5.204095856239376872e-03,3.747947172466556065e+00,5.679532775653489907e+00,5.118290098176493608e+00,3.295867002368628285e+00,4.901452568317131053e+00
1.638381778525432653e+00,1.811213790852443939e+00,4.979483884868985299e+00,3.906818346647750850e+00,2.860235878935045051e+00,3.739296114546164063e+00
2.368881854033337397e+00,4.620729638182270449e+00,7.544426663574483882e+00,1.791084445780831036e+00,5.102888394594871535e+00,2.041602854633040476e+00
0.000000000000000000e+00,0.000000000000000000e+00,0.000000000000000000e+00,0.000000000000000000e+00,0.000000000000000000e+00,0.000000000000000000e+00
2.090142751557280576e+00,1.775074417086536682e+00,3.263005595807443981e+00,2.420289660842935398e+00,8.182078067273002020e-01,4.568567909881809719e+00
4.101034512037508684e+00,3.695130816951414765e+00,6.369250475801525369e+00,2.740088709574872272e+00,3.041888981302614869e+00,4.076819737657441323e+00
3.449139257625672528e+00,3.001644880111893343e+00,6.646316647739952899e+00,4.298159210790246654e+00,4.422040023354420590e+00,4.726295480293395634e+00
2.039716333483986954e+00,3.336705190614835725e+00,6.878992623791455152e+00,3.960760808205878725e+00,3.211503680583738252e+00,4.769828121621836559e+00
2.303955603476166125e+00,3.751767620060983521e+00,4.669966943508758739e+00,4.368684433625865893e+00,5.833487406016407029e+00,6.033242780509528558e+00
1.744851850327821197e+00,2.962885944468105048e+00,5.237886954554767271e+00,4.324744158818877970e+00,4.848185399820263974e-01,6.930973423633187913e+00
1.101080290462705058e+00,3.629803527697279542e+00,3.903927892389707388e+00,5.137358741725405409e+00,1.765191409463400696e+00,5.452520512548030496e+00
2.852739664892641080e+00,8.026136299766606363e-01,6.499861060078941932e+00,2.105761000666153571e+00,2.925816633491074903e+00,7.795417308700551828e-01
5.121087952043305691e+00,6.345681631849089399e-01,5.094647333335013073e+00,2.297050015952675661e+00,3.477694911417774648e+00,1.033891145568815340e+00
0.000000000000000000e+00,0.000000000000000000e+00,0.000000000000000000e+00,0.000000000000000000e+00,0.000000000000000000e+00,0.000000000000000000e+00
5.067475323592999459e+00,1.245418618826334312e+00,4.814168182717384781e+00,5.201529901802451228e+00,2.008638232664891277e+00,4.902875135958534081e+00
0.000000000000000000e+00,0.000000000000000000e+00,0.000000000000000000e+00,0.000000000000000000e+00,0.000000000000000000e+00,0.000000000000000000e+00
9.870073974330728639e-01,1.017422519163816208e+00,3.306399301767537047e+00,5.819233436214467758e+00,4.164046729942518787e+00,6.049064139772680981e+00
2.283370106266072508e+00,6.943867858841774598e-01,3.279613079886587457e+00,6.558900545948935346e+00,3.023648978397282860e+00,4.656417677693972301e+00
1.016874661715005956e-02,2.150798607167381249e+00,5.210611735869027150e+00,5.933315799797103551e+00,3.149825607087467283e+00,5.819436292074103179e+00
3.210479510393721814e+00,3.714386621818158041e+00,5.185292901546506350e+00,4.187166212945224508e+00,2.431070074305909490e+00,6.824473829028643301e+00
4.080193042959243677e+00,3.079047985310364499e+00,5.401174833844895495e+00,5.385915380087949345e+00,1.581350770396144467e+00,5.668452838578136088e+00
1.513340325269536990e+00,4.111714977611468314e+00,5.178543843475575059e+00,3.378622749530002523e+00,3.634116572184539429e+00,3.043178491889047876e+00
4.893826124717577386e+00,4.319493743104013461e+00,6.884683452060643916e+00,3.386614751466862305e+00,4.565177166160087729e+00,3.904868632714075360e+00
2.992786680531765331e+00,2.801644048057724934e+00,5.563172628938803932e+00,1.986294923466712881e+00,2.596839291967359298e+00,3.768532245820148230e+00
3.663285497069841412e+00,2.918075666414783331e+00,2.530529573642521957e+00,4.157665845932259074e+00,1.922075454619557311e+00,4.320249854231884790e+00
6.694295616491123369e+00,2.845311692046593954e+00,7.061790106242730403e+00,5.343838887845805630e+00,3.307743041436037146e+00,6.772108197501701454e+00
1.497934747868292504e+00,3.489469448035616317e+00,4.402955231113056200e+00,5.572329085466947163e+00,2.279000890435910698e+00,3.709079120861323631e+00
0.000000000000000000e+00,0.000000000000000000e+00,0.000000000000000000e+00,0.000000000000000000e+00,0.000000000000000000e+00,0.000000000000000000e+00
1.572065495752895448e+00,1.717553585774345581e+00,2.372956800435332525e+00,4.357406600042188494e+00,1.462485384198274785e+00,5.200595162127140014e+00
2.281596759628919724e+00,8.254863901953011229e-01,6.085258870407963094e+00,4.222587615162557206e+00,1.697175623630802210e+00,3.279669421763881321e+00
1.453803274981983806e+00,1.089544810281732889e+00,4.680796250721166452e+00,5.349012706587348731e+00,5.075719978977109470e+00,4.653898937289342896e+00
3.224949022876156590e+00,1.275412336040425920e+00,5.902984715306809349e+00,4.745938927224204740e+00,3.971134394999466188e+00,5.583241403712762896e+00
1.957367493285878002e+00,2.302362963080591740e+00,5.006738652485870134e+00,3.787557659929363663e+00,3.732684081855246028e+00,5.115210408614440318e+00
