VR1,VR2,VR3,VR4,VR5,VR6
3.218100117407030503e+00,6.147742118769404129e+00,5.435093767228149630e+00,2.976899592641581993e+00,2.316304721202116834e+00,5.898971008283265149e+00
2.960041134116812689e+00,3.457963547502417523e+00,4.043309424789909734e+00,2.965648755906289402e+00,2.343541516009625347e+00,3.093408024753563801e+00
9.914829996003917678e-01,4.292473104419219254e+00,4.920991437563523085e+00,2.715185298592441399e+00,4.029722719545651977e+00,4.472449222028538784e+00
2.882585896596675745e+00,3.233426844010456769e+00,5.342043889904215526e+00,4.864939690491437041e+00,2.724521800482257117e+00,4.436267461076991658e+00
4.693766004144653614e+00,4.565544433981044925e+00,4.956956107313968296e+00,2.972693061528310032e+00,6.110941613107705450e-01,4.302279778002698229e+00
1.656663424184077638e+00,1.007609580657826687e+00,4.541839136125926935e+00,3.609839785997841055e+00,1.935951983584826230e+00,3.870326850754797210e+00
2.280714981112661466e+00,2.407204328164027629e+00,4.021060793327188243e+00,5.477269241376545139e+00,2.882373450404166704e+00,4.539927503812106302e+00
3.546277844404613244e+00,2.542851167269794654e+00,5.128740424291627242e+00,3.383662577394945359e+00,4.164425433170092283e+00,4.365852287848737134e+00
3.399384495302368414e+00,4.223279861911574784e+00,2.940461082432839213e+00,2.502017519217238029e+00,3.111787773293008375e+00,3.322226517043725735e+00
0.000000000000000000e+00,0.000000000000000000e+00,0.000000000000000000e+00,0.000000000000000000e+00,0.000000000000000000e+00,0.000000000000000000e+00
0.000000000000000000e+00,0.000000000000000000e+00,0.000000000000000000e+00,0.000000000000000000e+00,0.000000000000000000e+00,0.000000000000000000e+00
9.884798268256558273e-01,5.150188073686527090e+00,6.874979128594464584e+00,5.338247976347351376e+00,4.957572413889989704e+00,6.674411570156933315e+00
2.653818588588602978e+00,4.324176450091139046e+00,5.304316243367789063e+00,2.838072397298867511e+00,4.129400594912761235e+00,3.766624925231573329e+00
3.216154653390367546e+00,6.113512526543005698e-01,4.554692879209230050e+00,2.278890591778451657e+00,2.887957361003670620e+00,4.074102769894118126e+00
6.935270269860360770e-01,4.560281112223989908e+00,4.360310353633126468e+00,2.736693877351364712e+00,2.882620253169769331e+00,4.375046574399190646e+00
2.443640344371293960e+00,4.514850851755110916e+00,4.125867185079458821e+00,6.100948485384398268e+00,4.009999562686330954e+00,4.237624394260103955e+00
2.949209743700204278e+00,1.731046902496725881e+00,5.501350349176034271e+00,4.721538127391733397e+00,3.026379799602072040e+00,3.189433451903368244e+00
2.265076177832945792e+00,4.352151591031390154e+00,6.349728109125485354e+00,2.930631408961140050e+00,3.418392162786702659e+00,6.624905527589239895e+00
1.712441592451950712e+00,5.204326868711522280e+00,1.658510377560599824e+00,1.779439379494652584e+00,2.806444991690420387e+00,4.286115653383780533e+00
4.486213013186690191e+00,2.411410974735185064e+00,2.632853583951178855e+00,1.625538525962487491e+00,2.093590968772829797e+00,2.480810288251737106e+00
2.670155458609622112e+00,2.929127422987848561e+00,4.946648390535322015e+00,2.787545342224706069e+00,4.509565334643898638e+00,5.388069623701206012e+00
4.501256536206632575e+00,2.659054394117213338e+00,7.374839231094492575e+00,4.218326958733301879e+00,3.121656774399174328e+00,3.451593462217856789e+00
3.715388606685174899e-01,6.133026212648919895e-01,5.737562621658248929e+00,5.094451742511531656e+00,5.703163873565893383e+00,6.237136899810153068e+00
2.210484669250892154e+00,3.549506249104337208e+00,2.674352963516722692e+00,1.307517363194532489e+00,2.008769268323004731e+00,4.623579546936584350e+00
1.263751807352943679e+00,3.570503144624707303e+00,2.566006490018181818e+00,2.488125229421334073e+00,4.269654944728291213e+00,1.959563584662862290e+00
2.925544608828801962e+00,3.689544472631738792e+00,1.822960131275713991e+00,8.107924105728003816e-01,1.985188013692203102e+00,3.899974631158420024e+00
2.043954780558019824e+00,4.172825767390808238e+00,3.490553802965958852e+00,1.383862825178401756e+00,3.979325680606412341e+00,6.839439321524949378e-01
0.000000000000000000e+00,0.000000000000000000e+00,0.000000000000000000e+00,0.000000000000000000e+00,0.000000000000000000e+00,0.000000000000000000e+00
2.074826576238040676e+00,4.354565489790154231e+00,5.011528429085631231e+00,4.311299429447755571e+00,5.883197954955338815e+00,3.083454034201233096e+00
2.818661336754859192e+00,4.913557575234047903e+00,5.705145957491795095e+00,3.517208924736748177e+00,4.974294386893713060e+00,3.451356637211136835e+00
3.225659641420337564e-01,3.995543779349393532e+00,5.240398730066170074e+00,3.587796767618819160e+00,5.811144128449611479e+00,3.757665041583397869e+00
2.167880599094707872e+00,2.774320836731126505e+00,4.467616753476889357e+00,3.636011114500841579e+00,4.599056472736756440e+00,4.181348442015276667e+00
4.162652399004689308e+00,1.464673942138405405e+00,5.641574937683580870e+00,4.046380077341510173e+00,2.544588230133919105e+00,4.663783894607745673e+00
3.126855925013010129e+00,2.210285983398078358e+00,5.478737472849941170e+00,3.583277497976227188e+00,1.991792989125249491e+00,6.632140475332366947e+00
0.000000000000000000e+00,0.000000000000000000e+00,0.000000000000000000e+00,0.000000000000000000e+00,0.000000000000000000e+00,0.000000000000000000e+00
2.872642148470569534e+00,2.266252021411732098e+00,2.213993046587326319e+00,4.065639907690023591e+00,1.055549393622043475e+00,2.514405121979164548e+00
2.392415189311008383e+00,2.547331609918722428e+00,6.405970294502097317e+00,3.781613642657734253e+00,2.717315650913679548e+00,2.834829625161704669e+00
2.783473591350394738e+00,4.568452846389456923e+00,3.976192464746826083e+00,4.122766057572775367e+00,1.197669408898427879e+00,4.333968678567389432e+00
4.594339969602861729e+00,3.924344393206378179e+00,2.514279373074408852e+00,4.409127350073515750e+00,1.674316661535412809e+00,3.394471810806379164e+00
3.557186971224016947e+00,2.977579442849926927e-01,2.037799791191710064e+00,1.585774359500939923e+00,1.481834185267232318e+00,4.351761206247341640e+00
4.292757231317653854e+00,1.367115569362867156e+00,4.971634442805740406e+00,4.795057147221931437e+00,4.170031123953282126e+00,5.296096933265062923e+00
3.193954077877565467e+00,4.106928618961591226e+00,5.492196945929037177e+00,2.971970698130044664e+00,4.663822836129721594e+00,5.790409484029614973e+00
1.414016293453042916e+00,3.221135584075114799e+00,5.829013828969750399e+00,2.527706833205027870e+00,4.595254796307468581e+00,3.271018399697088519e+00
8.712726334357572266e-01,3.756636493736309479e+00,6.633166460744789994e+00,4.486619955289866901e+00,3.127061566545301652e+00,3.679105577081911438e+00
7.005982600004270200e-01,3.688351711526228982e+00,5.842234928181132325e+00,2.375202287592538042e+00,2.470571819571127925e+00,3.137266066208508342e+00
2.277178550175217087e+00,5.587837571411649051e+00,8.678647515328810513e+00,3.577726323048862511e+00,3.519509029437773329e+00,4.734425277102347174e+00
1.605023473848760762e+00,5.327359613540450844e+00,7.290991988770203491e+00,5.511208730707317649e+00,1.367994841539992068e+00,4.601016671719004414e+00
0.000000000000000000e+00,0.000000000000000000e+00,0.000000000000000000e+00,0.000000000000000000e+00,0.000000000000000000e+00,0.000000000000000000e+00
2.419184954788857311e+00,4.052825787159841653e+00,7.260405999944135047e+00,4.592059679844379794e+00,4.574693934298874609e+00,6.187828163139494464e+00
1.988867213198258987e+00,1.216689561938375297e+00,6.459844230066977389e+00,4.148057935140605501e+00,4.219504748409915074e+00,4.059333637423440777e+00
4.338860042142457907e+00,2.025917320431084079e+00,4.857231952618800364e+00,4.566767650258768185e+00,2.922909357819675424e+00,6.437290752057125864e+00
2.242269174993300140e+00,4.404796259878144937e+00,5.286893934059351707e+00,4.317246197328017843e+00,3.196554598398787750e+00,4.822150813001911729e+00
1.613591705312278135e+00,4.488273487985574128e+00,8.204052920253454673e+00,3.702590248144639773e+00,4.039425013647419682e+00,4.163918108453843914e+00
2.318233844705720692e+00,1.343284847936391690e+00,5.730775147260311897e+00,3.284257670321500733e+00,3.274127814816100379e+00,3.927364105477059386e+00
3.365168909559903554e+00,2.783542546638807291e+00,4.757037742602292951e+00,3.769239692226179717e+00,1.179996870918333052e+00,3.031718499010778167e+00
3.086540685818082608e+00,2.245330357831232693e+00,3.001847019742892808e+00,2.919326082530902866e+00,3.685142023894643959e+00,4.335894418868768696e+00
1.413391143986852949e+00,3.253657705557605695e+00,1.829080547107420518e+00,1.298730721875196004e+00,3.862235398264926900e+00,2.541099169671619862e+00
2.401659941813529819e+00,1.685483739668285796e+00,1.864025429599807993e+00,3.749094233774053819e+00,4.470672828565015244e+00,3.403603234136888034e+00
3.610448759589723444e+00,2.501058629722280102e+00,5.622081727635057646e+00,4.820840516528361874e+00,5.686963197107036905e+00,4.781802007112677444e+00
3.850821946005451579e-01,5.594744634969885944e+00,5.586023125541258239e+00,4.842107128696870433e+00,4.982549256157930984e+00,5.567039691796368928e+00
4.262372314917715954e+00,3.470069915068934918e+00,4.595195121239644465e+00,5.043244239807202156e+00,3.794538908544494493e+00,3.649594598578304705e+00
2.566585624789221143e+00,1.075310660827477616e+00,7.232217526283166720e+00,5.170970659316387774e+00,4.652369966296433290e+00,3.275515953083372178e+00
2.922360566562364426e+00,5.051812233392229956e+00,6.825003027147865886e+00,6.362173495320333494e+00,3.019538104972394610e+00,6.705647023313301425e+00
1.580731977723273340e+00,5.448314217233937384e+00,5.759515499892349233e+00,4.256459420545864347e+00,3.092757567528265472e+00,6.650238743742360015e+00
1.771866932391126914e+00,1.352328582753932862e+00,5.676883624946706064e+00,4.083838334821421334e+00,4.844636345256168930e+00,5.136979760281660035e+00
1.429242384258221144e+00,2.484580548678952283e+00,5.483924228505696163e+00,5.156089003783215219e+00,3.134962572170239881e+00,2.998607359961008356e+00
2.060573874768038216e+00,3.564206030146919613e+00,3.895850832869361291e+00,6.053447498603278909e+00,3.620449137151434460e+00,2.518099819252066496e+00
2.274016854581911939e+00,1.858871504833055965e+00,3.841402921733393150e+00,7.172925789742860658e+00,7.970840351510926070e-01,5.404570601859319368e+00
3.245034665581727040e+00,3.872095461066790811e+00,6.184387833454946914e+00,6.563524050534383925e+00,3.938553943040532523e-01,3.920611011848684768e+00
2.275591229186480380e+00,1.697855015781386534e+00,7.221392862684529845e+00,6.400712184365553448e+00,4.313353866129774339e-01,6.091771247286075663e+00
2.335836027637667733e+00,2.923146807549197757e+00,6.202541167372510600e+00,4.771814183643829921e+00,1.329873677938291365e-01,4.337586726635409562e+00
0.000000000000000000e+00,0.000000000000000000e+00,0.000000000000000000e+00,0.000000000000000000e+00,0.000000000000000000e+00,0.000000000000000000e+00
0.000000000000000000e+00,0.000000000000000000e+00,0.000000000000000000e+00,0.000000000000000000e+00,0.000000000000000000e+00,0.000000000000000000e+00
2.756797934776222814e+00,4.077951394569265808e+00,4.484204163037647461e+00,2.893909864569434554e+00,1.291080174857833551e+00,3.032043248367520594e+00
2.432355628579117024e+00,3.381521599332488748e+00,5.340562045624172249e+00,3.896776622051975725e+00,2.513573738334961227e+00,3.558242295621380613e+00
2.828157941516088236e+00,4.543632339983267876e-01,7.494939194920403835e+00,3.833963450139448614e+00,4.886688323603442186e+00,4.568139272857401068e+00
1.298771912422376440e+00,3.474011781466762816e+00,3.273898726506514922e+00,1.041467935356343855e+00,4.294925169112590702e+00,5.362173227621558347e+00
3.662551572163110336e+00,1.998923609009049418e+00,4.047695178916139724e+00,1.418396025902129765e+00,3.262927013111999841e+00,5.841773554993494599e+00
1.257342224849527623e+00,5.704483483994049919e+00,5.371694266561944708e+00,3.155834176398661484e+00,2.662386451629162210e+00,4.449436235448793298e+00
3.132297338264915521e+00,3.524087770678081988e+00,3.156085221745363434e+00,2.470933241243277401e+00,4.799827901627388371e+00,2.587911388149790604e+00
2.764477234044374843e+00,3.639814607361906429e+00,3.169032096039966717e+00,4.235679920066414361e+00,3.061871759414176886e+00,5.151235790879653109e+00
3.459927290929344146e+00,3.265128452019883998e+00,1.817652922165828855e+00,5.188399162061727132e+00,1.943794147138458994e+00,2.214317445300643339e+00
4.434952373366567002e+00,1.780250159265298393e+00,4.984631807682332827e+00,4.682861533581600177e+00,2.686558194344274675e+00,2.768331264979947637e+00
7.284956527881754074e-01,1.835836616336367078e+00,5.737104128473100140e+00,5.517951512914210710e+00,3.945355497933160649e+00,4.456600189984230909e+00
3.179734165436194804e+00,2.859410370697180515e+00,6.243142235753515124e+00,4.067347573331533184e+00,3.037869154100118152e+00,4.967074039761083526e+00
3.656481440354497625e+00,4.167787846090315718e+00,6.373351345242455501e+00,5.477916161988821919e+00,2.837683744633672234e+00,5.542162747676067092e+00
1.872394793414072556e+00,2.857526703869104345e-01,4.370387753522515517e+00,3.627731602585152260e+00,3.685866476187695806e+00,2.927876371892894625e+00
0.000000000000000000e+00,0.000000000000000000e+00,0.000000000000000000e+00,0.000000000000000000e+00,0.000000000000000000e+00,0.000000000000000000e+00
1.825936835706408967e+00,2.112353361615522118e+00,6.782706378768518896e+00,5.247150738675782300e+00,1.167140059597201684e+00,6.762708874888131660e+00
1.811142084356725857e+00,1.639691013113204310e+00,7.843050452400867734e+00,8.011959025893382602e+00,5.714175835891661670e-01,7.561402112561477651e+00
2.629470187608021536e+00,3.775808975814215707e+00,6.636119691226904926e+00,5.433937994771074642e+00,9.423501859771983291e-01,4.279240830047563726e+00
3.718370737914655333e+00,3.772440114420586355e+00,9.877287305615951141e+00,5.066848089895799490e+00,6.561866606117456868e-01,5.480460591384676228e+00
0.000000000000000000e+00,0.000000000000000000e+00,0.000000000000000000e+00,0.000000000000000000e+00,0.000000000000000000e+00,0.000000000000000000e+00
1.370605671701423001e+00,2.804328010357918455e+00,1.015365856671857614e+01,7.890510268440137587e+00,4.712663563407694767e+00,6.747335337562172519e+00
2.806269226207438461e+00,3.661130668722368586e+00,7.670185878246865485e+00,5.775731347029833707e+00,2.332349573999796810e+00,5.261351262034037468e+00
2.959411820399300286e+00,2.380519157522294371e+00,8.428174034640759871e+00,5.755117964738676761e+00,3.190747950730429938e+00,5.917893319076606318e+00
1.538716290277431620e+00,3.145741223839040313e+00,5.706938005036476191e+00,4.660283347819696331e+00,4.242302627278762728e+00,5.509093628794278885e+00
2.786832449489869745e+00,4.353406712891017882e+00,3.914194572810332229e+00,2.574785402944686830e+00,3.053256110986999783e+00,3.099777003381901430e+00
4.247020132987382901e+00,4.538257010795314628e+00,3.097005984339864071e+00,1.931064532799887434e+00,1.938815348756491641e+00,3.798483018250516707e+00
2.787686043098879907e+00,3.677680067908899453e+00,4.756025659310306963e+00,5.628093262216700587e+00,3.756990817471900890e+00,2.384016223328121242e+00
2.793431933665550204e+00,3.388834118156295094e+00,6.206262506662736378e+00,4.222077443990725598e+00,5.069400149845684211e+00,5.149415174680239460e+00
1.503224645346232347e+00,2.311642393367479897e+00,6.504127322226521457e+00,2.955895001466990912e+00,5.341019227097252298e+00,4.833948451090053666e+00
5.407149085832825275e-01,1.661641118890208713e+00,4.831267603308337932e+00,2.003713036803858039e+00,4.540933475961823618e+00,3.985793529448196093e+00
0.000000000000000000e+00,0.000000000000000000e+00,0.000000000000000000e+00,0.000000000000000000e+00,0.000000000000000000e+00,0.000000000000000000e+00
2.916125162229763035e+00,1.593862738149853353e+00,6.317261890207555020e+00,4.617523104031333148e+00,2.157210702930084434e+00,3.929285363644077211e+00
4.227936956388074208e-01,4.088703588252675658e+00,6.859947896278517199e+00,5.874703141863417244e+00,3.713301634830823428e+00,5.329652817228660133e+00
3.532375832576679642e+00,1.534073687103271855e+00,5.297736565076611726e+00,3.709915540142070256e+00,2.762037231083161792e+00,4.714680936724919391e+00
1.802385935630918867e+00,2.019765394517274881e+00,7.308587521983097801e+00,5.016483008196879645e+00,4.295941969462700349e+00,4.333992013525623577e+00
0.000000000000000000e+00,0.000000000000000000e+00,0.000000000000000000e+00,0.000000000000000000e+00,0.000000000000000000e+00,0.000000000000000000e+00
1.329796888282332556e+00,4.774243194275441304e+00,6.799852614349815916e+00,2.465730040637074794e+00,2.289939742274125223e+00,2.606285826020358520e+00
2.347659575246395125e+00,7.037955230023023034e+00,5.773064318493100089e+00,4.892725021729471990e+00,2.727143757816533842e+00,4.722183717489661703e+00
2.950334155513693712e+00,2.620702596949522789e+00,5.128847198859464385e+00,6.546085252424765244e+00,3.182333276517538057e+00,4.479010200205479464e+00
1.069303441500564000e+00,4.697257940531873288e+00,5.983697646089884081e+00,4.426361813330490946e+00,2.937868439133119125e+00,6.640398204294725382e+00
1.263363469604879663e+00,1.763767357352683973e+00,4.411670404154130587e+00,2.795028534069955217e+00,1.758553800574526038e+00,4.058963688525849101e+00
1.119315651069114903e+00,4.477661360122024981e-01,4.383256758775539552e+00,2.489971435754877671e+00,3.427046362011489045e+00,3.994197391204644898e+00
2.048228337651404996e+00,8.245791304752381201e-01,2.790165777017757698e+00,3.149840021972315718e+00,4.014304271596144780e+00,3.483266261509136985e+00
0.000000000000000000e+00,0.000000000000000000e+00,0.000000000000000000e+00,0.000000000000000000e+00,0.000000000000000000e+00,0.000000000000000000e+00
1.380669016566999696e+00,2.652247129444826435e+00,3.214768004498498755e+00,5.076351332546769513e+00,3.822842342474842781e+00,4.139804963458701970e+00
4.479014375947192317e-01,1.533588897143272956e+00,4.968435847031205554e+00,4.129483667219188803e+00,6.168584633393882299e+00,5.656978253338017737e+00
2.788200791899508424e+00,3.071308814998072290e+00,5.402639839372551656e+00,3.506434002687375262e+00,3.292387202691504644e+00,4.244623242149121012e+00
1.632362524084321809e+00,2.173686268285253576e+00,6.845763794176985328e+00,4.888215525327225031e+00,2.170874746599858796e+00,4.697535919679881822e+00
1.234938130596574535e+00,3.314593888139913513e+00,7.010988281627632546e+00,5.075209372780456363e+00,4.022149782580108912e+00,2.910293249267180027e+00
2.564513467345078013e+00,1.676114104448143571e+00,5.003629383051891644e+00,5.523821796102982518e+00,5.896397855394785559e+00,8.340536729354916190e+00
1.176797385451683109e+00,3.566945059594800238e+00,5.540943480683409916e+00,6.688730187105723424e+00,3.815365677083553564e+00,6.705575066868332712e+00
1.551476302460902845e+00,2.925610858805922199e+00,4.883812617796729150e+00,6.323616718637024015e+00,3.972018010825064671e+00,3.134356876242140544e+00
1.723029731697657940e+00,2.251540085116809919e+00,4.945402113447209480e+00,5.071063552425528975e+00,2.816343722261756444e+00,5.560340451504361958e+00
0.000000000000000000e+00,0.000000000000000000e+00,0.000000000000000000e+00,0.000000000000000000e+00,0.000000000000000000e+00,0.000000000000000000e+00
4.182359158111238706e+00,1.987319243927873735e+00,2.264015738740462691e+00,5.680287192892745196e+00,2.926085916405696707e+00,4.437139883838581156e+00
4.633357093988403896e+00,4.182668876811514558e+00,5.303475089221045380e+00,5.447736104952536351e+00,3.485588064409246289e+00,1.180463258875003696e+00
1.933766400522656470e+00,4.818526972491206095e+00,3.671039524992603997e+00,4.531763868550728880e+00,3.136838800790948234e+00,2.385021501230646823e+00
2.202983143308220093e+00,4.266659550133285350e+00,4.933838118594109368e+00,3.824865847964713073e+00,2.396271158855183714e+00,2.502176467369400914e+00
2.120449495115696692e+00,3.070343088238824958e+00,3.657603277294295463e+00,2.846101001775578343e+00,3.081793438159007081e+00,3.421093678194201182e+00
2.331599331003763265e+00,5.091849388590087955e+00,2.212797586568674202e+00,3.844029831150415966e+00,1.821160092797989405e+00,3.249064003574319681e+00
5.780671745325776101e-01,2.545102563415594599e+00,1.924964860548473045e+00,2.587578163148641419e+00,3.290120460937191460e+00,1.729894996133128693e+00
4.310756249563451270e+00,4.053802253070475814e+00,7.007104282666469786e+00,4.971463182168365691e+00,3.786907429516665147e+00,5.665568401073132421e+00
3.691450510466595780e+00,4.480302760949276042e+00,7.008409980818576912e+00,4.598514590539384272e+00,2.268262683125437107e+00,5.725515883207895840e+00
0.000000000000000000e+00,0.000000000000000000e+00,0.000000000000000000e+00,0.000000000000000000e+00,0.000000000000000000e+00,0.000000000000000000e+00
3.181510402613310085e+00,2.978767009478405114e+00,4.383304862659435308e+00,4.396794107298467758e+00,1.432550770994556188e+00,4.227173777330764715e+00
2.855596493493963273e+00,3.171378714696380996e+00,4.672759485702054683e+00,3.673099857539261492e+00,2.000092090188996252e+00,3.434986428840968831e+00
3.463465647698190431e+00,2.016004410585794382e+00,5.438560758908319137e+00,4.737937514380882398e+00,2.725984216490711987e+00,3.574148253277449783e+00
3.679015324411647025e+00,2.472634482196107264e+00,5.908360306961503383e+00,4.609095721665014800e+00,3.451941016109172367e-01,5.892881754439605047e+00
3.906507209861589835e+00,3.478553969482412356e+00,3.170554925604508689e+00,3.439177987034988782e+00,6.128291544807145108e-01,5.261856811854189964e+00
4.292513700257541309e+00,3.374189662092820452e+00,4.737054284657722825e+00,3.221602176904169834e+00,2.494748512802712259e+00,1.827544417715619041e+00
1.088899393087841450e+00,1.141431141718671771e+00,6.036545580324771620e+00,4.785813375306740447e+00,3.786168106156530655e+00,4.593556950961591667e+00
5.283627115165765886e+00,3.441860831718075442e+00,5.557343865122374993e+00,3.806916588246007649e+00,1.924915015374421001e+00,3.363526305278959683e+00
1.841840213740621124e+00,3.897353644505047399e+00,5.595903119175803297e+00,4.722501911735196067e+00,2.782409879309421186e+00,2.253994415216043379e+00
2.761397487235632831e-01,2.139443642496684284e+00,3.211498596084932267e+00,2.017345603398363441e+00,2.997043853014601744e+00,3.396776311457961661e+00
2.576106831197770397e+00,1.727469059867952739e+00,6.173333328411806598e+00,3.913755283098632187e+00,2.281752458051786281e+00,3.665934753585065486e+00
3.202393070792433072e-01,3.069199345530674083e+00,3.186699624053439539e+00,4.225000115569452319e+00,4.574977867199768511e+00,6.300556994029673952e+00
9.983965534096117533e-01,3.864079347227619810e+00,3.856989607682469234e+00,4.298943521519923650e+00,2.742330011778753462e+00,3.726665547642161957e+00
