VR1,VR2,VR3,VR4,VR5,VR6
2.572009281499912703e+00,2.842943263187929670e+00,4.928025088200663539e+00,4.023004807661090254e+00,3.045498599172780096e+00,4.253644490081468277e+00
2.444682808850116018e+00,3.043454816315774636e+00,5.006821580280850448e+00,4.116873128521063130e+00,3.667448194257536986e+00,4.167040188719708382e+00
2.490511078771679543e+00,3.181693776103346138e+00,4.938675763461133350e+00,4.089466285030204595e+00,3.194636047598648165e+00,4.051352257825313607e+00
2.556863119273599771e+00,3.003006389234291529e+00,4.879420772450734134e+00,3.855748929245961243e+00,3.212446060786112056e+00,4.177015188520323719e+00
2.535419733430843259e+00,3.211101664105037390e+00,5.064258524005801121e+00,4.208100612404149565e+00,3.294801359636188920e+00,4.219688154452666318e+00
2.486856371708193514e+00,2.918478773519725067e+00,5.106712419882438070e+00,3.860033726368774065e+00,3.262628554534321434e+00,4.087967903413398219e+00
2.572591499857181052e+00,3.060278515766671870e+00,4.775433184304172407e+00,4.030761483585687976e+00,3.386377464534446435e+00,4.428058818468153746e+00
2.444301713728403769e+00,2.943586134708480184e+00,4.795376624148313560e+00,4.104608030362946636e+00,3.549378310471396070e+00,4.324537366191134602e+00
2.413294113991366618e+00,2.805713688334329436e+00,4.829889297021513705e+00,3.874991798785387687e+00,3.532508783687882570e+00,4.087503206279384571e+00
2.520740205433463110e+00,3.223839001614049682e+00,5.049504425893603710e+00,4.093657037643636976e+00,3.132557017388833742e+00,4.181659851698539043e+00
2.584877394526122085e+00,3.254583123970240077e+00,4.925065027371974047e+00,3.919560464489101115e+00,3.118499343013553027e+00,4.487348384399744816e+00
2.466573120548419595e+00,3.344156801111698218e+00,4.855749205361100884e+00,4.202381063143840301e+00,3.299836433163436666e+00,4.229503345579499474e+00
2.382599881445741197e+00,2.875533116947940115e+00,4.811652937263463770e+00,3.980441717417344094e+00,3.399667440157516651e+00,4.240734260011832291e+00
2.567347385377352520e+00,2.878601048409669350e+00,4.877616170926680539e+00,4.144200002486646994e+00,3.382102303102244356e+00,4.353791098733942988e+00
2.354984563963690825e+00,2.863933767688565446e+00,4.872383749060227309e+00,4.204455800979634006e+00,3.477920581320612659e+00,4.404257736227891407e+00
2.162186294265446840e+00,2.816108370987039589e+00,4.957053341659892531e+00,4.038614032959424449e+00,3.148917214299695733e+00,4.123416956630244101e+00
2.231876764706034688e+00,2.798476566188847325e+00,4.795819696953595113e+00,3.965389675344801912e+00,3.260620964788311316e+00,4.502115677700222030e+00
2.393262155396381985e+00,3.255950975404091174e+00,4.765107094221945339e+00,4.179448502318172665e+00,3.612411109976688017e+00,4.291451097195473352e+00
2.379075209897677290e+00,2.847571663684408172e+00,5.325936654251758995e+00,4.060689668914838180e+00,3.080917373332428877e+00,4.227669510266689024e+00
2.558677970196554963e+00,3.036521984770963467e+00,5.024096953368724527e+00,3.996426437745220106e+00,3.168789902738890607e+00,4.421207333160973363e+00
2.557751151564422898e+00,3.022320907300260817e+00,4.820734089471781836e+00,4.132996179448317875e+00,3.367516680900778159e+00,4.165541801247157672e+00
2.725452819281731554e+00,3.156224465682281100e+00,4.730402946437290979e+00,4.209210962986536408e+00,3.530049169984833313e+00,4.125339648196622022e+00
2.439653277719007640e+00,3.095164896886394956e+00,5.104459128767815379e+00,4.121355704223259586e+00,3.239082534679713188e+00,4.043643859793915496e+00
2.205800439045707328e+00,2.875604098332883218e+00,5.118759759210083971e+00,4.218602587142358473e+00,3.102013076825558713e+00,4.298649235455036077e+00
1.978137056567203622e+00,3.014016920172643221e+00,5.140484181163528454e+00,3.915892464311496290e+00,3.294216798353192033e+00,4.306729283522710894e+00
2.394907788427384610e+00,3.093359028912380460e+00,5.044574819025545054e+00,3.986181853550397669e+00,3.071418824023781191e+00,4.158637606894547645e+00
2.563610190564117985e+00,3.284536823498025004e+00,5.541282756812879740e+00,3.994917247906654811e+00,3.184111760262398949e+00,4.156912795717963682e+00
2.545078570698025899e+00,3.053690080660354855e+00,5.155919289610086942e+00,4.106031517885944560e+00,3.060706612818870909e+00,4.246037527367532149e+00
2.540223522340513185e+00,3.102534695971908008e+00,5.180160719924309376e+00,4.130854090699690673e+00,3.120887903846082612e+00,4.359042874052719618e+00
2.436772395330199625e+00,3.360201728793038356e+00,5.094190337065612972e+00,3.845347224613989923e+00,3.076692208778361692e+00,4.048105765032238068e+00
2.666218387405228540e+00,3.557226854656396764e+00,5.040727181266673185e+00,4.042674170522082555e+00,3.038991494007166505e+00,4.228786107407958461e+00
2.540160875094277237e+00,3.325886210379997987e+00,4.928441057496236510e+00,3.940221180355360620e+00,3.193932116973414725e+00,4.405298866756205634e+00
2.759349907583366068e+00,3.364553994215775390e+00,5.138672357828523829e+00,4.201202895405384830e+00,3.187562284458112405e+00,4.445408237988932143e+00
2.485379105089137397e+00,3.131292483155479367e+00,5.001051199652584600e+00,3.868053128163052357e+00,3.068615165745772089e+00,4.148575967758366012e+00
2.382775774717425854e+00,3.264620080052097251e+00,4.814176273056123279e+00,4.265924004056851793e+00,3.150740786160699081e+00,4.288363380674897307e+00
2.439167226023829294e+00,3.050983840138896230e+00,4.882670704150454455e+00,4.075668712668396587e+00,3.402972703118036346e+00,4.307859486380696268e+00
2.303296533223705200e+00,2.993434684426515169e+00,5.015725781571497066e+00,3.968859091400857686e+00,3.212384467524437515e+00,4.133095260449895392e+00
2.263059258427507991e+00,3.050566317050958265e+00,5.048247038221588490e+00,3.975820536890779966e+00,3.004397653013261671e+00,4.347598552778622505e+00
2.253411439087620760e+00,2.944938070263844576e+00,4.940510146614501608e+00,4.236592921359983777e+00,3.302066753240065378e+00,4.422653522759715905e+00
2.123511809099091430e+00,2.845222008216432119e+00,5.108513090831666048e+00,4.102905516592086244e+00,3.239236006781308408e+00,4.132427490184541696e+00
2.217672304038408093e+00,2.949100732091674004e+00,5.182196022631398336e+00,3.917467654843056923e+00,2.966688507942519148e+00,4.241991767768517718e+00
2.559301215114197170e+00,3.222145882445231813e+00,5.136334215572378348e+00,3.955274769384173883e+00,3.127462162711354576e+00,4.143773074256266398e+00
2.665050471698876766e+00,3.332219781089013289e+00,5.050340746956510252e+00,4.200518539483530489e+00,3.140234284347751093e+00,4.164041471968572772e+00
2.418970708415403070e+00,3.217991533102034118e+00,5.244981549007881938e+00,3.917019153969470313e+00,3.073771159437621581e+00,4.132387994382307639e+00
2.550565225991639373e+00,3.181536954009036133e+00,5.083480342722579870e+00,4.044396195230103963e+00,2.995460350205533029e+00,4.099576077266839924e+00
2.506889007394257352e+00,3.202092594948199977e+00,5.127563926468454270e+00,4.271007658842356669e+00,3.285332117967587173e+00,4.249230253760007514e+00
2.580733756171459614e+00,3.184263861024521969e+00,5.129065675678772251e+00,3.958763727426331869e+00,3.204394751338331293e+00,4.173409638233218644e+00
2.543919358332185965e+00,3.320343022344564687e+00,5.065401243990534041e+00,3.919106568659490808e+00,3.148556188197178862e+00,4.113027304677922658e+00
2.470334803339901075e+00,3.207476776493384918e+00,5.263075430321955572e+00,3.804576298443483218e+00,3.044011278998973946e+00,4.317285840312670153e+00
2.792967049567086413e+00,3.430664363291189733e+00,5.131729665831236353e+00,4.198530135961530796e+00,2.966061661081186518e+00,4.219490700914569459e+00
