VR1,VR2,VR3,VR4,VR5,VR6
2.101860597521069352e+00,2.691165603758722380e+00,6.148482023711907551e+00,3.746775168329657735e+00,3.851794957379127027e+00,3.704734249246743438e+00
3.637581487213792819e+00,2.760712098195134079e+00,6.837084542171030677e+00,4.006766996388227753e+00,2.088245009264600327e+00,4.234630454194799221e+00
2.855336417069973542e+00,3.188957441559044259e+00,6.096598319396801635e+00,4.603021222946578561e+00,4.353977228720649961e+00,4.472009455028326919e+00
2.311741115159042792e+00,3.651666354801919923e+00,5.891276960605434709e+00,4.690569200379717252e+00,2.901925266918251367e+00,4.152918139525286101e+00
1.963465201562961227e+00,3.756070650727917126e+00,6.030003982604331014e+00,4.396601260843275405e+00,2.140922244063377278e+00,3.912479301378084973e+00
2.388391794878120589e+00,4.143844538254430887e+00,5.666881924265722681e+00,4.030419888526891370e+00,2.639286199469354610e+00,2.804520161054696814e+00
2.105380494991742957e+00,1.956297190062302960e+00,4.925799655079965866e+00,4.343817638623761468e+00,2.916609078947954181e+00,3.883095508479874614e+00
3.123861164984384597e+00,3.157221245281311539e+00,4.814761241483648035e+00,4.215961251119595410e+00,3.979428261646693166e+00,3.709734543887462266e+00
2.953847316773682508e+00,3.090724971994009973e+00,5.809717823532609238e+00,3.923812160576725550e+00,2.695287902256643164e+00,4.515341440551466690e+00
3.604970406546793349e+00,4.536942906626898697e+00,6.917992170924510908e+00,2.838652321650194654e+00,2.809658406255031604e+00,3.575078284706797671e+00
3.345241014192025020e+00,4.568645384008044097e+00,6.795022230568872779e+00,5.233159273523655841e+00,2.609683833513057660e+00,4.612320188658784126e+00
8.564751727253219205e-01,3.296812345177889014e+00,5.736436342902170082e+00,4.351114808100483344e+00,3.185834456700970208e+00,5.269891230931706971e+00
2.732482046976642653e+00,4.588175890092964337e+00,6.915487245143600248e+00,3.711555340471806907e+00,3.460302294963237824e+00,4.351597288477726089e+00
2.422787790101777805e+00,4.313904481418127546e+00,5.766192828931606229e+00,3.686821014688258735e+00,1.680792724136126681e+00,3.052427030658591001e+00
2.498957023679874823e+00,3.359930459836540706e+00,5.397609392205995782e+00,4.932532094227926045e+00,3.546913551462396619e+00,4.208629569048745189e+00
1.879076619802321657e+00,2.625229067229790658e+00,5.622965142023036655e+00,3.860927785272235457e+00,2.470056671064460030e+00,4.109173555384311172e+00
1.559796210562682584e+00,3.483296342502012699e+00,5.027272403434419168e+00,3.475523243141961149e+00,2.218978058971853518e+00,3.105735716208880781e+00
2.306768827876579664e+00,4.586646720418363188e+00,4.388607977456366882e+00,3.233981561397425430e+00,1.505198089401767803e+00,3.031974575472157873e+00
2.178622447686377583e+00,3.346383820800874265e+00,4.953110816529143534e+00,3.083620235975279122e+00,2.400380397931177079e+00,4.233357056353074910e+00
2.624122185063439971e+00,3.690641129019970990e+00,3.996117011756732396e+00,2.935669631865010842e+00,1.977352106756885775e+00,4.146129197806295963e+00
2.714850483617464505e+00,4.391438749864192914e+00,4.466515707749065811e+00,5.269334687435994979e+00,4.341622719891448767e+00,4.444096924377615387e+00
2.260723309644724566e+00,2.482154996452316631e+00,5.952301962071814501e+00,5.318863048642667124e+00,4.002692583004371585e+00,4.242655229474959100e+00
1.607602613936790270e+00,1.129406403637151168e+00,4.695049976393287139e+00,3.720931696612941320e+00,2.826595676001895985e+00,3.123487999169837437e+00
2.082400106637966708e+00,8.390419056068867398e-01,4.455109743845406811e+00,2.997457310751040716e+00,2.746326311300239631e+00,4.183122114507878742e+00
2.498986131268557731e+00,8.621600350137996749e-01,4.431359054476054382e+00,3.348094872116403664e+00,4.063016018269367535e+00,3.626739445168862819e+00
2.479431910301785891e+00,1.523656005328158258e+00,5.158117426351517487e+00,3.735591205934868597e+00,4.156213158149340003e+00,3.076977800988935474e+00
2.708280209541641170e+00,2.225260535407771911e+00,5.448568529266513139e+00,3.671050114180986590e+00,2.787074715312328976e+00,4.377405524720288099e+00
2.210660288856123312e+00,2.945878021709132710e+00,5.446697472628045489e+00,3.768442484385261970e+00,4.410241488180165703e+00,3.964915021205432488e+00
3.363866632485720487e+00,2.598181139541048346e+00,6.433504664782352833e+00,4.310780396344615184e+00,3.151210357272593576e+00,4.358364874787291399e+00
3.037998844248875230e+00,3.564859992950201395e+00,5.940531485118634158e+00,4.120520803829125001e+00,3.669368811953668263e+00,3.994833522389802827e+00
2.395580491477988350e+00,3.021655029934687153e+00,5.905828376210283892e+00,3.693335527529274742e+00,3.188138686525666454e+00,3.888028244089388519e+00
1.777062313178800590e+00,2.529742784450895954e+00,5.070244977569126732e+00,3.956172334403086577e+00,2.731953207831570918e+00,4.426584409802655884e+00
1.851436820377613479e+00,2.547121157265969771e+00,5.247826831978024131e+00,3.920637065740070870e+00,2.620698347821978746e+00,3.239790675333565240e+00
2.612249126911196928e+00,3.388182009870726930e+00,4.768022431640092762e+00,4.393792891188670779e+00,2.508680442469433114e+00,4.264397673927140531e+00
2.572324922934940528e+00,3.502005841934532793e+00,3.734006794256802486e+00,4.863118056324351457e+00,1.983333446836629044e+00,3.377898664610118118e+00
1.490367271350276912e+00,2.803407128811355342e+00,3.395675299270140890e+00,4.990629994145630910e+00,3.248458135528913715e+00,4.127817479732527772e+00
9.239117288315172871e-01,2.201584269369040392e+00,4.438918282599519927e+00,3.472617207212803425e+00,3.285278262488312784e+00,3.668220903962865265e+00
1.982569455909817924e+00,2.575477718293123441e+00,4.196222984898568598e+00,5.045350924545582316e+00,3.400825472911274350e+00,5.133936483600066936e+00
1.783518746342517058e+00,1.841050966724034010e+00,4.237713817528414140e+00,4.177768471127944139e+00,2.276315382442013480e+00,4.503052971590090436e+00
2.303125295363470215e+00,2.170305085153011682e+00,4.747443667881197982e+00,4.005328601213370199e+00,2.502634315804030507e+00,3.775827373955225497e+00
2.536449524440828274e+00,1.570160166657329937e+00,4.142514662645063517e+00,3.751256106515738153e+00,3.435119325031323445e+00,3.188317273284874798e+00
3.418409129163117566e+00,2.980487570831129140e+00,5.822871626486148422e+00,3.556742745517520010e+00,3.116846907681865453e+00,4.555963294223651872e+00
3.311510967061434663e+00,3.333707494954299300e+00,5.978272802987153689e+00,4.139540197006330580e+00,3.463110912260706442e+00,5.099658774662966465e+00
4.184793123447373198e+00,4.123444470407704010e+00,5.083507242479137211e+00,3.855312603730108645e+00,3.384633788593474080e+00,4.163191371607577018e+00
3.507811056297110319e+00,3.931524035015426133e+00,5.304991959774787880e+00,4.075831054559768241e+00,2.477602311965317661e+00,3.589628988620990224e+00
3.023669170332606626e+00,4.176522477956198465e+00,5.495229989439977203e+00,4.041081541405168842e+00,2.741755588928047604e+00,5.035229966344162200e+00
1.564142411591715520e+00,2.842054899695224179e+00,4.340240157993538794e+00,3.456843017029391341e+00,2.541850126266393950e+00,3.918418720620041373e+00
2.008362323431400309e+00,3.138717731537176370e+00,4.841973769576750186e+00,3.906998566885977464e+00,2.931783085659830590e+00,4.007072197185363116e+00
2.730228476686424877e+00,4.283056070683725736e+00,4.530697650707733892e+00,3.650925832226070700e+00,2.687486002975301158e+00,3.737226335344423056e+00
2.237468702365414064e+00,4.023124296933086264e+00,4.695424958660262327e+00,3.109899119283641600e+00,3.071975048238740236e+00,4.548772961776490931e+00
2.245575345888436658e+00,4.688394900796517106e+00,4.401801009321004265e+00,3.718633211583727949e+00,3.186286837140268613e+00,4.290472664252992452e+00
1.909364800594085310e+00,3.573436171637766279e+00,4.865476046296008938e+00,5.165741197695949083e+00,2.939557108947093766e+00,5.110784465311847491e+00
2.045359558437533920e+00,3.642518584260198367e+00,5.188049867898164358e+00,5.102188311010283250e+00,4.482721251649187444e+00,4.852473443446815082e+00
1.666945810212804524e+00,3.332683337418441027e+00,4.849201824201808009e+00,4.858041249262620376e+00,3.803568509814945209e+00,4.969918721183873345e+00
1.109591723622265214e+00,3.601166205566523004e+00,4.750820960080256228e+00,3.255933873183684657e+00,2.274715417465901002e+00,4.316967279331298535e+00
2.493553618164859209e+00,4.326775185535599810e+00,6.187865305108751990e+00,4.722212560931665415e+00,2.539541728591277803e+00,4.365604677197636008e+00
2.533432020879550883e+00,4.023130770815711799e+00,7.008164391881424038e+00,3.844891619155253792e+00,2.743636455306113220e+00,4.121633639186951470e+00
1.839697285116633996e+00,4.889495329451669647e+00,6.548939841263010209e+00,3.719184468772820384e+00,3.414562746254062642e+00,3.752108305999489524e+00
1.664628363828642987e+00,4.663823602704784577e+00,5.768663472656875513e+00,3.766980796730768688e+00,1.676827591071933465e+00,5.496158631993072419e+00
2.376954919602015437e+00,4.611909935145151351e+00,5.360115811498888050e+00,3.944850182882648770e+00,2.608021205920030283e+00,5.274023394835529288e+00
2.003304843639239774e+00,4.864043388976778459e+00,6.022208236764319267e+00,4.209956605034762767e+00,3.120097573349819076e+00,4.315769331805588749e+00
3.489058775309364258e+00,3.714450167689019811e+00,5.200582957137173779e+00,4.865593640299282541e+00,1.809595707667245978e+00,5.198124478285174099e+00
2.616808351677081035e+00,3.739623647168622167e+00,6.053033241512037144e+00,4.958167636127130962e+00,2.624580485959818965e+00,3.601266952942364874e+00
2.531651665866808454e+00,4.045694228231630163e+00,3.789119239006624618e+00,4.014351614652153621e+00,3.697395551506944322e+00,4.976443546082229830e+00
2.550585190624786058e+00,2.887349068033978838e+00,3.752506346841599782e+00,3.095935190572712603e+00,1.929889249784949357e+00,3.415885894955268842e+00
3.311958777737518123e+00,3.735211251233593099e+00,4.815648740481179857e+00,4.542925398590422326e+00,3.008674610897287494e+00,4.965543405401190213e+00
2.016803175573591567e+00,3.702604093306671285e+00,5.558704755517397622e+00,4.136930329426286690e+00,2.937518241225589133e+00,3.601499669559515837e+00
2.013478799324500024e+00,3.751311302540794479e+00,5.346355404401034406e+00,3.339638432060831885e+00,3.900336412134935316e+00,3.277811954236395486e+00
2.009018397894829722e+00,2.881372379958932584e+00,3.958362816037796605e+00,2.821912421486419298e+00,4.343155009303565350e+00,4.151569638823671582e+00
2.770129762624683245e+00,2.209174342889141940e+00,4.246936769335538209e+00,3.350477697521835108e+00,2.756122558273377710e+00,2.926530938712684993e+00
3.055225559300435378e+00,3.041840051161406322e+00,5.389578918210094827e+00,4.440134767634630997e+00,3.295498214442539542e+00,4.556342875531523617e+00
1.664560224136913957e+00,2.467376130048987370e+00,4.510460166329627540e+00,4.421466122349197114e+00,3.805544117486532762e+00,4.316873612576459962e+00
1.915934981266962822e+00,3.403753223339372358e+00,5.030291140653675441e+00,4.994428191184778321e+00,3.048214378247064538e+00,5.649573108921240205e+00
1.855459392585547818e+00,3.237432037789515604e+00,4.496136484387293741e+00,3.582822039792790569e+00,2.647943514512289376e+00,4.238335224298074522e+00
2.498985560181407717e+00,4.078145195726544436e+00,4.924288621831172108e+00,4.689566071858463303e+00,2.718614304090748668e+00,5.213564281004180678e+00
1.305207454177772286e+00,2.925664030997392917e+00,5.171048019337547430e+00,4.671708026715279516e+00,3.947161853011220245e+00,4.880391036957045792e+00
1.167485123065281183e+00,2.279107703167184695e+00,6.173985156985013489e+00,3.078230525705144327e+00,1.442809026592698496e+00,4.106130170113456934e+00
2.261192774700413910e+00,1.608526109768879442e+00,6.375497880094505021e+00,5.453573994473907227e+00,3.946813999776282778e+00,4.914635079813288954e+00
2.148039358297634482e+00,1.489649128840286885e+00,5.446436562433111028e+00,2.904304921537055773e+00,3.284344067978742121e+00,4.066321372780330456e+00
2.454709677984475924e+00,1.702518755846094134e+00,5.546647879325863784e+00,3.596649609268830261e+00,2.574446504452236884e+00,3.813539859079355221e+00
1.708379459333455586e+00,4.079067359668661297e+00,6.081978498346240158e+00,4.955748484061398784e+00,4.110529489632790856e+00,5.038795641926712143e+00
1.022073886579679680e+00,2.790297151037203438e+00,5.854813581610230244e+00,4.853870664802780510e+00,4.511075262241767803e+00,4.789982143589285535e+00
8.639963509625105953e-01,2.632238248567641214e+00,4.861626033903070798e+00,3.295631991006506833e+00,2.198922763060044971e+00,4.288134942880741818e+00
2.361132676774586159e+00,3.231765279343240760e+00,4.937335530290686947e+00,4.596417032387832613e+00,3.040994001362020249e+00,4.499702417988383552e+00
1.843371300110037581e+00,3.728766746858385606e+00,4.946379080753217750e+00,4.167022779503899876e+00,3.203839031002380988e+00,3.461182029844401598e+00
1.794059983807662739e+00,3.752859023274075945e+00,3.794946247725031085e+00,4.586591635284804624e+00,3.220432577336927338e+00,5.060663870232522399e+00
3.164741267843774963e+00,3.680839258614206244e+00,5.030594436873013109e+00,3.817346977034816291e+00,3.040661871124902937e+00,3.824942086573130062e+00
2.984160359187090439e+00,5.023063783579269526e+00,5.383198062443979026e+00,3.805766534069560336e+00,2.472800994418953291e+00,3.424326227310408033e+00
2.244263653520343293e+00,2.805081781103211380e+00,5.986476743122072008e+00,5.397469080241606321e+00,4.269147075593635599e+00,4.627321486043983967e+00
1.617122330911777706e+00,3.024904775618795671e+00,5.566683739976450163e+00,4.417771906798372505e+00,3.284357492527868683e+00,6.010515608767065032e+00
1.246931818926348079e+00,2.529140498885700694e+00,6.324678490957694521e+00,2.137980740471800978e+00,2.385759445078996954e+00,4.167596958188342526e+00
1.910445885572054969e+00,3.066700174777457377e+00,5.684870062014746317e+00,4.514502375887714969e+00,3.192414330920480214e+00,5.076350088161310836e+00
1.681069351177458593e+00,2.952980041075255802e+00,4.833926532328149506e+00,3.936739477805433651e+00,2.614820195528235303e+00,3.643618645172106874e+00
2.119984602465515344e+00,2.154041844423542518e+00,4.442288815738109520e+00,4.179912104590584931e+00,3.532629679640853393e+00,4.057432930481078337e+00
2.398394594742293329e+00,1.170710218219926935e+00,4.886984250129275509e+00,4.459590529479992682e+00,3.133033797927239572e+00,3.496039130531847228e+00
1.462405900024911443e+00,1.711106501703107963e+00,5.692072481650224169e+00,4.194284684734379098e+00,3.838156212176880633e+00,4.281901421501436822e+00
1.792247639001482984e+00,5.333716614218624308e-01,5.221047294699139307e+00,3.789821309989907405e+00,3.395247821969606505e+00,4.599332566048301985e+00
2.140528088374437754e+00,2.746409644823947893e+00,4.902848288928416842e+00,3.782719114616853950e+00,4.417066196168152103e+00,3.941802325120333794e+00
2.643538415719398849e+00,1.922696509474095539e+00,5.072332668995930938e+00,5.016337977561791561e+00,2.973865359237915396e+00,4.270811047045581788e+00
2.129446181866883503e+00,1.705494926076839723e+00,4.435463881341697778e+00,4.228476505262245944e+00,3.738105777442383815e+00,5.162508489492243946e+00
2.776461243080362351e+00,2.571680237708301675e+00,5.150179446176857745e+00,4.342022310336167479e+00,3.410441545153047649e+00,3.976254029577378724e+00
2.706024090521183201e+00,2.162460346046745308e+00,5.560369231413524460e+00,4.948761588132306599e+00,3.347185425456818741e+00,4.526338431456393252e+00
2.293226956961691432e+00,2.323380553728140896e+00,5.104601984975548845e+00,4.436321775926980848e+00,4.412502957946362159e+00,3.973940974284200678e+00
1.792251856064080329e+00,2.821065101161878363e+00,4.976980410212102690e+00,4.087173579443851068e+00,3.336855698732199116e+00,3.460578392662880365e+00
3.388428877254553662e+00,3.287437001450808971e+00,5.754557071211873875e+00,4.961155930250939150e+00,4.275688554730383117e+00,5.090500414239243376e+00
2.197765855586351513e+00,3.267036527721193906e+00,6.020052710385094485e+00,3.837042945475793054e+00,2.548692717933472185e+00,3.367455797162650200e+00
2.663438656413923855e+00,3.871618589214135042e+00,5.773451596902191341e+00,3.710287590063757968e+00,3.715240705682925970e+00,4.551227249106262640e+00
2.381689658004570997e+00,4.164317123114903652e+00,5.979313142710043216e+00,3.670287827607507047e+00,2.371932386179238073e+00,3.912595702630641270e+00
3.685671600190181696e+00,4.802838562522971699e+00,6.050310134117018457e+00,5.210991496006016632e+00,3.280229900308242463e+00,4.839336974828317928e+00
1.894811357762073545e+00,4.313468560713767275e+00,4.974921330753979021e+00,4.060459601924816475e+00,3.279130797546201848e+00,3.611654334880135764e+00
1.137531880718406496e+00,3.811757484304042709e+00,5.183722100390421694e+00,4.149364943089416613e+00,3.012758234211061481e+00,4.105402227518859526e+00
1.669595501315372488e+00,3.624205034699383710e+00,5.169927374039747114e+00,5.189060820164549170e+00,3.849064622561487514e+00,5.428016866738205159e+00
1.225722959592864036e+00,2.413515020147643408e+00,6.146548779052448452e+00,4.175129210198442742e+00,4.091764428973093892e+00,4.636671778653442821e+00
1.225999175494434823e+00,3.306607645517821492e+00,5.800011189795450939e+00,4.446730976220159448e+00,3.324063257374123115e+00,4.648007228471505492e+00
1.938573890583666470e+00,3.404959648049420196e+00,6.082753434682496518e+00,4.183989045047021627e+00,3.533899006742260429e+00,5.354320519533395384e+00
2.407881320364272160e+00,4.619819007340646877e+00,5.696445740461613561e+00,3.253713433164358015e+00,2.463854869180232665e+00,4.226264034959189786e+00
1.802211947091140853e+00,4.021412799071411470e+00,4.489923551349588315e+00,3.656360909760859368e+00,2.437474461672137771e+00,3.488441170809127190e+00
5.143683110103924871e-01,3.708927593372226550e+00,4.053735985556178534e+00,4.010517496558355433e+00,3.225694757173998450e+00,5.296470861168140587e+00
1.011291757870451891e+00,1.449680337649759343e+00,4.031535305268511671e+00,4.346113237079488378e+00,3.080973221551471131e+00,4.682659968793613459e+00
4.700517927314957767e-01,1.918152053053755468e+00,2.913597655255360408e+00,4.083320822340995804e+00,2.879930820476584330e+00,5.824303473017701016e+00
8.533774863850864811e-01,4.028540953778849243e+00,2.500411145768770105e+00,2.686167335690623048e+00,3.588356223144037571e+00,3.393794978794528294e+00
2.764025611451696562e+00,4.001365817714453321e+00,2.465471843025378362e+00,3.706863132196884347e+00,2.188416504996811618e+00,4.428447765091211075e+00
3.415690360531993264e+00,3.801982306024902059e+00,3.055643648410438562e+00,3.223546389664241119e+00,3.228849828182599691e+00,3.881528797278106513e+00
3.581662044483446827e+00,4.216182727924627116e+00,3.811199237042182553e+00,4.299740716859780321e+00,4.348254023257488221e+00,3.868486780479689635e+00
3.229504632705816558e+00,4.640468507470731474e+00,4.126204298760770328e+00,4.103029792012962140e+00,3.005887814968708938e+00,4.537650016708905554e+00
2.830466246036068334e+00,4.051239984165878383e+00,3.755820418514474124e+00,4.358544858525359444e+00,3.193100631557939550e+00,4.505400758273970574e+00
2.396922678018837516e+00,3.277225395467028068e+00,3.437771545028254661e+00,4.249830802978120659e+00,3.481111091115580702e+00,2.563842352269789071e+00
3.319724367710871871e+00,2.286806888049920161e+00,4.207806438306614716e+00,4.548873897333692184e+00,2.899519115375914335e+00,3.915901853678828815e+00
3.057141816801165923e+00,3.172851180613469158e+00,3.722940768600371264e+00,4.354668118619580142e+00,3.192213830063451052e+00,4.059067084858511976e+00
2.630213487580792986e+00,3.603392600794082412e+00,3.453337108193355043e+00,4.211726198968765544e+00,3.383854761482716356e+00,4.631037468769100052e+00
2.486842472916861890e+00,3.610437181544040808e+00,4.340540302291319819e+00,4.975232660901434123e+00,3.037046300051554404e+00,4.791855587959654272e+00
1.893869988787836967e+00,3.109104523643410278e+00,4.063778650384706204e+00,3.734943005222323364e+00,3.277247631549968787e+00,3.926648566094731230e+00
2.945552824597061914e+00,2.456690644036474858e+00,5.989764279098363176e+00,4.330152285090409059e+00,4.308023635302735244e+00,3.553657964419004056e+00
3.295160007397281543e+00,2.619542990359744916e+00,6.249723306486576924e+00,4.272016154025729762e+00,3.133947304699868930e+00,3.482850060730174668e+00
2.666067380602898051e+00,2.890136469117305040e+00,5.252948742301521534e+00,4.111219972517952570e+00,3.607198428226484843e+00,4.207250027581545204e+00
2.158822306966936111e+00,2.900955228453432344e+00,4.417272761885392640e+00,3.342777523508023929e+00,1.699570092371575525e+00,3.767734523793214940e+00
2.488269900739539686e+00,3.437612270420748573e+00,4.485911477952491566e+00,4.699436708656106632e+00,2.608821676713320326e+00,4.474352637131613797e+00
6.678572284465942310e-01,1.653854580623457027e+00,5.169921623706509095e+00,3.549438271028194869e+00,2.649144902015962089e+00,4.523275843824247744e+00
5.738516474708408310e-01,2.096785000137960431e+00,5.783798842830238485e+00,4.350198275880032384e+00,3.443534625094465618e+00,5.533571106521537608e+00
1.035567173389005724e+00,1.917914064128303675e+00,5.267341847496642693e+00,3.708284432235988692e+00,3.043235327586460315e+00,4.487948063031717005e+00
2.185836523829498113e+00,2.567241857870181221e+00,6.554792956875322929e+00,3.562623223335098288e+00,2.259812670495448206e+00,4.317259618151873646e+00
2.580593967773812114e+00,3.045171246402174958e+00,7.078874899614387317e+00,3.387384069213127624e+00,1.680694374135364155e+00,4.459684694377371805e+00
2.876578058228114632e+00,3.364849016027659179e+00,6.463490962732330480e+00,4.013520062202745819e+00,2.678805182549237163e+00,4.228005443068767022e+00
1.901971538786887850e+00,3.570869643622275547e+00,4.959124432095613599e+00,3.828170798508226724e+00,1.952702980162297930e+00,4.406742034135160857e+00
1.681682978868055844e+00,4.060073443712568952e+00,4.007827701096246642e+00,4.977622968409455062e+00,3.606490486414994923e+00,4.777591439771011750e+00
7.475650029891958148e-01,3.725891448150082219e+00,3.916890940537924415e+00,3.936505926776622033e+00,2.670366897557288954e+00,4.618625820665528181e+00
6.445489295877440128e-01,2.922651129097358691e+00,5.489898404503631646e+00,4.288692999401409800e+00,2.898634783157482797e+00,5.680175237609661920e+00
3.149761527525140714e+00,2.512364592564479970e+00,5.348370083959593124e+00,3.787550002547633632e+00,3.188520237028094062e+00,4.698283954947510388e+00
4.135204052551912923e+00,2.799315698104192229e+00,6.201231207743322926e+00,4.265681952877550032e+00,4.007037578263687116e+00,4.011113905432787341e+00
4.227554107818917828e+00,3.209669843418693436e+00,6.270825990113762849e+00,3.907349316405160700e+00,2.508319221857923331e+00,2.820018073813618464e+00
