VR1,VR2,VR3,VR4,VR5,VR6
1.562153719734664215e+00,3.798899133648541149e+00,5.251684084221832194e+00,2.665007575522016836e+00,3.484363645898269191e+00,3.530202297140266232e+00
3.509798421325341700e+00,2.976116261207896407e+00,4.134715137161680154e+00,2.893396845208529911e+00,3.203973429540730944e+00,2.583080087335956065e+00
2.310088011858631774e+00,1.760373127397247828e+00,6.027160472378525036e+00,3.817847621295552329e+00,3.721481719526654519e+00,3.415871451769358025e+00
3.270298699778148688e+00,2.232895854675882141e+00,5.656022587971742510e+00,2.778241042617390022e+00,3.027928336559641220e+00,3.408072176063960512e+00
2.735337715406455761e+00,1.567844131027982257e+00,5.228057353460714651e+00,3.636309574953273671e+00,3.106241802174271260e+00,3.563772034568014391e+00
2.898527834382617741e+00,2.173919174321329528e+00,4.564660012055558269e+00,3.375583898166692798e+00,3.704084773811457953e+00,3.657951520961732150e+00
2.849565879144557723e+00,1.668843818714289107e+00,5.178871600207840764e+00,2.980924066354933011e+00,3.037125297928407797e+00,2.767017439561091141e+00
2.742513142976179097e+00,1.649562666885880713e+00,5.228084273984316965e+00,3.036953179755072618e+00,3.447514988397949676e+00,4.017870337884275500e+00
2.647925870246815805e+00,2.125834199265113966e+00,6.107014481041949772e+00,2.746651378329108883e+00,3.079817172442443685e+00,3.565818054453350872e+00
7.437737889582676232e-01,1.933464625300244322e+00,4.825769769674539411e+00,2.973881781536662050e+00,2.939333896606883378e+00,3.240309737153173941e+00
3.231908531998832323e+00,2.317579344220722870e+00,4.362135804188045363e+00,3.687281269904040482e+00,3.572550647589583850e+00,3.012330151860742156e+00
3.176777674462551992e+00,2.497003020961936937e+00,4.201322992326896433e+00,3.689177787566503497e+00,3.246669096312561287e+00,3.970908427098102766e+00
2.425468500459494692e+00,2.739245904117716179e+00,5.783598872149221748e+00,3.317115413979803140e+00,3.045132241805316831e+00,5.425977722012248705e+00
1.901529373331710016e+00,1.555013657993789655e+00,5.004911113189096206e+00,2.891695495878176203e+00,3.014710107293601560e+00,4.120534555517642694e+00
2.424703822903614192e+00,1.431811992574540504e+00,4.942423475230622643e+00,2.713140614014046825e+00,3.490674885236268565e+00,3.966288697261027174e+00
2.855636924745799110e+00,7.452457126179590219e-01,3.133947947469888806e+00,2.972157458019783149e+00,3.675416457978414986e+00,3.601189092081251708e+00
2.923754809427890677e+00,2.600333930719678222e-03,4.886327183312730860e+00,3.056785015879886824e+00,3.801086087945616310e+00,4.314273155251776792e+00
2.350320699894727028e+00,1.575736078075208324e+00,6.006679137838483840e+00,4.285309104308441697e+00,3.254775947010910997e+00,4.973526219431677831e+00
1.225635507413763481e+00,3.212041934586566505e+00,4.991811814492487898e+00,3.805730523757098194e+00,3.128803742504221663e+00,5.481140685297255288e+00
2.907739244866774264e+00,2.136326783153553954e+00,2.996128686483184644e+00,4.151540071360172668e+00,2.442914611805141689e+00,4.069614692406463341e+00
1.532298001349346794e+00,3.316583482508872915e+00,3.254350360895027272e+00,4.395711900107190928e+00,2.033923119159020132e+00,3.745120360676804872e+00
3.047368923498902316e+00,4.217187915711581248e+00,4.699085785140730387e+00,4.333484656390098166e+00,3.231319559446812928e+00,4.129334689723020979e+00
2.709054388294790172e+00,3.786426702871455774e+00,4.724656238623020421e+00,3.046929287385839125e+00,3.285668865615400946e+00,4.592534553160628086e+00
2.136314638435799385e+00,1.087634831114923539e+00,4.911718789742193003e+00,1.964181169608274935e+00,3.137160818062017409e+00,3.843365484470063098e+00
2.435319418316572726e+00,9.342035715087586567e-01,6.012442057354601133e+00,4.217098826026212777e+00,3.266433396101242170e+00,3.411278001528057047e+00
2.414961244538022189e+00,5.459404962162524022e-01,5.059499167508190176e+00,3.420202675211205356e+00,2.309503718301567421e+00,3.725144123854446931e+00
2.570618663788112990e+00,1.496578679930194333e+00,4.644732994946321192e+00,4.481720546567364849e+00,1.813591042047151491e+00,4.410751283498247410e+00
3.223729309212981953e+00,2.267910105423871947e+00,4.443985779047446627e+00,4.032917897362030324e+00,2.830060218561390784e+00,4.501451932455285743e+00
2.633735621389011516e+00,3.504991197007511161e+00,5.185711857078216802e+00,4.209897762157767787e+00,3.274744921305703826e+00,5.530444299925671992e+00
2.357204373305488598e+00,3.627462989232344892e+00,4.812086847021603830e+00,3.353089068078173085e+00,2.059464069595350111e+00,4.553041322787471756e+00
2.281497121841602027e+00,2.773099470194606120e+00,4.640429312742294421e+00,3.786742489154671265e+00,2.607859971906166585e+00,2.918117693454982842e+00
3.646026240805756657e+00,2.885321040659115432e+00,3.446844153998894544e+00,4.297247749653367421e+00,3.054058272944238706e+00,2.691236885064931528e+00
1.201367049454191704e+00,3.700952808244855952e+00,4.918762490014651156e+00,3.558239618669669202e+00,3.086025108644799619e+00,3.629511187810868567e+00
4.393424039017431504e+00,1.584732850412047256e+00,4.982814291562715603e+00,2.228338461466784715e+00,4.158133990324837548e+00,3.436338198729176341e+00
2.833373539915835515e+00,7.530559644808065833e-01,4.873692776484619849e+00,2.670103035692739102e+00,3.185483447531885393e+00,3.223443107477276026e+00
2.611126410444233326e+00,1.922767666860600855e-01,4.499190400606520868e+00,2.126358831909070712e+00,3.562365530094039112e+00,3.160480294199558227e+00
0.000000000000000000e+00,0.000000000000000000e+00,0.000000000000000000e+00,0.000000000000000000e+00,0.000000000000000000e+00,0.000000000000000000e+00
3.032260803152013295e+00,1.333299450298094824e+00,4.276051472172125223e+00,4.180146513018367926e+00,3.426734637080642631e+00,4.171340030566961232e+00
2.048662677725083370e+00,2.002750320930889671e+00,5.023526373785213828e+00,5.099749221219416206e+00,4.152234667568664328e+00,3.920310268556673083e+00
1.991100080983246645e+00,4.111342448775038960e+00,5.274411640921156774e+00,3.225403545824584661e+00,3.184970783194807087e+00,3.484860447815290030e+00
2.685155136454663971e+00,3.404609922839743064e+00,5.997855229071582528e+00,3.260701564679984621e+00,3.073158170831101099e+00,3.233842948190510214e+00
4.092192418965572287e+00,3.033874160065315184e+00,4.196969691645725753e+00,4.319509519216549798e+00,3.203096606281793601e+00,4.229983464025943718e+00
3.252966210364273358e+00,4.608804878613262268e+00,4.287171114348265810e+00,4.380981932780179555e+00,2.795151991958566118e+00,4.114887749067143830e+00
1.978330360910066643e+00,3.931977776521542456e+00,5.896934162511966449e+00,5.195308015325643680e+00,2.890588264124001938e+00,4.758579956811192169e+00
1.650120445954038173e+00,3.321168210869516635e+00,4.541208303836486770e+00,4.441419376911682981e+00,2.616581143877856341e+00,4.900355541236903534e+00
1.971590141122589124e+00,3.422300354989220139e+00,5.082934812925486767e+00,5.204041587313763984e+00,3.170505851228229144e+00,4.714998655530276750e+00
2.019837881387174683e+00,4.440098706668811346e+00,4.168079536978689603e+00,4.475063741634321524e+00,1.830524228337627290e+00,3.817948887394452484e+00
3.412600808379055106e+00,4.139234113479041355e+00,3.805747928799944724e+00,3.980799679193754770e+00,2.770609657999325570e+00,3.632391477547073144e+00
3.534248322413108045e+00,4.927488651694750033e+00,4.318289171731698239e+00,4.142652115124286105e+00,3.419135889719727484e+00,4.528901678107888351e+00
2.654947591149920516e+00,4.649288937034023128e+00,5.336792683649739466e+00,3.254874208611658659e+00,3.635303257156871748e+00,4.654655214244662886e+00
1.814214640206317952e+00,2.860952391252148619e+00,4.564313193643704025e+00,3.696763441957780394e+00,3.209026122400310932e+00,4.686533408978176496e+00
1.897631630221596311e+00,2.257999935955059101e+00,4.330779359832368947e+00,3.323616010879337779e+00,3.408515652855139688e+00,4.325550416172694312e+00
2.651425469314693473e+00,1.370665817036263334e+00,4.830325669766478036e+00,3.663528840064904202e+00,3.285913789506957450e+00,3.822605419447314024e+00
2.438800306502582504e+00,2.414030298201947922e+00,5.206201090345950355e+00,4.485014442275539359e+00,4.054897801179844663e+00,3.677153255958100608e+00
2.690198672320680551e+00,2.042566916726186399e+00,6.171606684157944223e+00,4.037627088106583884e+00,3.607821087117960790e+00,4.157141203198436941e+00
1.555890436346042849e+00,2.864279410862088149e+00,5.261119843586371303e+00,3.779574914039533162e+00,2.316556896425569168e+00,4.192384341862246622e+00
2.179865041546126037e+00,3.850987980965936419e+00,3.334033469362879920e+00,4.616350881222968994e+00,3.250341719793456097e+00,2.710111746923966614e+00
2.401922863125210750e+00,3.165303516090824942e+00,4.457304546125251399e+00,4.078772016255469701e+00,2.812558520903928549e+00,3.375772639520823848e+00
2.714303531181436302e+00,3.806117952556494544e+00,3.960092442819670211e+00,4.000739607711850887e+00,2.910494159244750634e+00,4.134374826420941673e+00
2.693436838739049932e+00,3.138344464490914643e+00,4.720885827393098921e+00,4.854874266749161116e+00,3.338774400308434309e+00,5.273456579391616827e+00
2.093815879569938865e+00,2.509454793994873256e+00,4.948866122859371330e+00,3.249978040605103757e+00,2.683279150140015723e+00,4.333940656433421523e+00
3.152439813673535873e+00,2.633629191343090703e+00,4.226876534372983940e+00,3.762370185173951942e+00,2.884374929289614364e+00,5.582451048208143085e+00
1.200900505849235245e+00,2.180567384747266857e+00,4.209186816808842657e+00,3.322869533818795240e+00,3.231153970067849990e+00,5.285880798961334115e+00
1.720364313730279537e+00,2.122423443424779954e+00,5.293349576893414010e+00,4.059214632793688438e+00,3.883410822329369960e+00,4.287220474752914789e+00
2.104094503162456498e+00,1.941584785516708545e+00,5.887057089630491014e+00,4.422604448196647553e+00,2.736622358682271994e+00,4.282776796695411115e+00
3.248655533013269814e+00,3.922987402470991647e+00,4.595073992371388805e+00,4.523099390074935222e+00,3.828997394868974169e+00,4.471333716525172974e+00
4.091707317484289064e+00,3.930845755072035708e+00,5.968327753297622884e+00,3.640751640770282016e+00,4.392022097602176878e+00,4.934717785460172479e+00
1.388195034988333632e+00,3.421719712111514156e+00,5.005451188253280392e+00,3.636891652231256877e+00,3.237030434288206138e+00,4.379032451793873904e+00
1.631575780565185818e+00,3.456802690892995411e+00,5.370999226794133996e+00,4.206862564060121379e+00,2.962389671001584457e+00,4.484676725792227536e+00
3.336999505148874334e+00,3.122243619225970157e+00,4.095089839005166432e+00,3.680938270177138261e+00,3.704133781172468609e+00,3.342388319039240496e+00
2.488829698407954538e+00,2.849937713443322362e+00,5.626797733276610813e+00,4.350148414010445386e+00,4.040313914850750088e+00,4.275113498993067473e+00
1.700384718263283412e+00,2.096478072077112564e+00,4.458118082145833050e+00,3.830870688222437703e+00,3.022799709758566600e+00,4.390767927830853345e+00
2.187805612606285255e+00,2.486833737942703682e+00,5.344498563000157354e+00,4.686770707322175156e+00,3.910373179239696295e+00,4.393104677943115099e+00
2.720861411753793035e+00,2.795611335462218516e+00,6.209754343939413168e+00,3.829899330992615702e+00,3.602044376342079968e+00,4.135498336705071054e+00
2.864970057788035263e+00,3.246873315803787463e+00,6.087212527727498212e+00,3.108504901122376651e+00,4.026377909486930307e+00,4.209164080399795616e+00
2.112617571944487516e+00,2.632557462648393187e+00,5.683875093392210864e+00,3.071949403725019678e+00,4.939771332535352499e+00,5.198618189158195513e+00
2.306056649107501411e+00,9.616362310780335321e-01,5.870381702632901266e+00,2.239865124382515393e+00,4.782836823466470655e+00,4.118594680113781159e+00
2.783394405228507562e+00,1.986346915872680530e+00,3.466335133949465241e+00,2.379768545059159912e+00,2.179356340646335433e+00,2.460303680629183809e+00
3.532054788243097043e+00,1.946148121036467726e+00,4.147715959755165827e+00,3.867599656621080406e+00,3.274390405155227501e+00,4.337505556767237813e+00
2.546336219665531697e+00,1.674705622300610930e+00,4.851549091691663484e+00,2.967172786437253684e+00,2.631150432659949523e+00,3.899154709456820633e+00
2.196693822089773374e+00,8.054227664727915403e-01,4.980105045445805345e+00,3.011934880854715946e+00,3.430149744668531397e+00,4.158156657514558319e+00
2.634928365708400833e+00,6.974944417386677031e-01,5.104103061020690113e+00,3.050077034050346025e+00,2.324857000668850038e+00,4.125405827224518873e+00
2.698682893188129484e+00,1.837660566473521939e+00,4.516449182910871052e+00,4.810961301675963142e+00,4.246451547661862058e+00,4.654621681219790474e+00
2.768951917661941931e+00,2.965209897412138140e+00,6.819527257711078150e+00,3.891369346681018637e+00,3.545615389674785067e+00,5.804561336533300420e+00
1.224303765189808768e+00,2.991157430059875111e+00,5.756364094709709889e+00,4.106933745745195985e+00,2.693121406928800532e+00,4.664140071159803114e+00
2.130930360441032789e+00,3.786912019453347433e+00,2.862540679888470052e+00,4.551068419713714341e+00,2.993859169154924338e+00,3.455487497232730743e+00
3.062414373143509838e+00,3.514630060175339743e+00,4.002541988995421463e+00,3.936356670874173069e+00,2.582567552602774263e+00,2.867921679183134120e+00
2.816557487408473559e+00,4.528459589528488038e+00,4.188139765780960033e+00,4.742745369415763079e+00,3.906101165963259625e+00,5.184395230840398661e+00
1.205740434555488960e+00,4.200412936270674358e+00,6.335736195053557118e+00,5.062125856349013020e+00,2.890018094104223056e+00,5.660104238754442463e+00
1.651698277310831742e+00,3.593918679044286524e+00,4.958125828857947504e+00,4.031629304736146224e+00,2.761753147472263858e+00,5.132418092593098891e+00
1.446568734472395423e+00,4.844498307233253698e+00,5.481123478352781575e+00,5.172563463218335045e+00,3.260383972971850675e+00,5.800770178334504479e+00
1.714173689798448308e+00,5.406433931962729034e+00,5.313324545746196392e+00,4.577010243758008023e+00,1.891929105891720253e+00,5.179640662649545035e+00
2.686742273398018188e+00,3.919002160050199191e+00,3.473098226855395598e+00,3.888151221968126237e+00,3.822929942830894490e+00,3.201276548937623367e+00
2.199690498533926952e+00,4.459935471949818542e+00,4.080333158968363350e+00,4.094576827520301165e+00,3.714084699684240043e+00,4.388147045706046079e+00
2.395684638583331694e+00,3.302462004774695981e+00,5.709298072911839661e+00,4.256691109595720057e+00,3.457116823265621530e+00,4.900476564142820735e+00
7.899884747214589442e-01,3.199999398011003748e+00,5.118200852906636733e+00,3.618824559364614668e+00,2.963990851854130248e+00,4.888575566859021393e+00
1.934097747269693635e+00,2.468602725794054376e+00,5.615564411891268648e+00,4.460288833363856398e+00,3.610661430613384404e+00,3.838437289225711702e+00
2.538408182202552599e+00,2.544501126152729498e+00,4.455300311108084443e+00,3.920260741729855614e+00,3.006218294091561383e+00,3.851477418053692592e+00
9.036070137046645634e-01,1.772264120762524708e+00,5.812796343507993235e+00,2.809549712025395163e+00,2.805218950913145992e+00,4.396768235277423997e+00
2.308669826595907359e+00,2.697769667337723831e+00,6.049065270124197369e+00,3.984444191428709647e+00,2.710782465440523037e+00,4.323742593995874905e+00
3.009374518882998117e+00,2.128627196745545014e+00,4.616258323405942221e+00,4.238923015382483506e+00,3.243894705143504531e+00,3.987107353131835286e+00
2.872769717952107449e+00,3.356867802418644242e+00,4.650664417056128208e+00,3.458423067622421687e+00,3.763078308693482033e+00,4.112885241840921857e+00
2.683390021954738192e+00,3.014840312331273697e+00,6.893541860452547354e+00,4.558284980158551214e+00,3.199975945213154205e+00,4.868366385424022447e+00
2.520715819666066615e+00,3.324845227223841793e+00,5.069700104125722362e+00,3.929410464928276170e+00,3.149782154135110535e+00,4.542919949346871711e+00
2.987479378706067390e+00,2.011209018827740280e+00,4.808752446553556936e+00,3.818065336548939648e+00,3.115973432207506555e+00,4.505434164940179897e+00
2.171963846501578033e+00,2.214948075314800757e+00,5.995378254187458289e+00,3.968018058443574247e+00,3.714773202719813927e+00,5.282061853931372397e+00
1.879511453300476420e+00,2.447823092198138983e+00,5.317073927401523292e+00,4.363921840983101319e+00,3.702311442216195125e+00,5.058026895563438430e+00
2.643958171208538044e+00,2.527104597665510433e+00,5.241876279799353888e+00,4.088047468469379275e+00,2.282886953003212760e+00,3.695872644825730191e+00
2.972934904779404697e+00,3.168086051710814921e+00,3.933296499960070580e+00,4.389957418558271485e+00,3.031886292274851069e+00,4.266399354243603170e+00
3.393197715967299466e+00,3.358399763024730866e+00,4.876907944137541584e+00,3.688166844655154541e+00,4.365115905987495992e+00,4.567229438300098643e+00
2.154295930602319942e+00,4.068927370169435065e+00,6.265798914311655921e+00,3.300867738320881983e+00,3.714099038664196328e+00,4.651525643037406788e+00
2.278196597418067348e+00,3.876827259875975873e+00,4.686719464667413071e+00,4.085951571179721853e+00,2.833124272372936847e+00,4.141507884844441101e+00
1.564637544435110605e+00,4.230511187775654491e+00,5.269344901964434058e+00,4.617599828328831535e+00,2.795447038076963153e+00,4.769215489600746594e+00
2.126856982501456272e+00,4.731158769673432296e+00,3.748976434844826677e+00,5.102458722848066230e+00,2.715881146769699939e+00,3.545549814932616339e+00
2.970400409451953827e+00,4.976335833821283750e+00,4.249391593476867790e+00,5.146450448777997622e+00,3.165135461088418367e+00,3.598056649434998810e+00
3.238615570694640233e+00,6.257892750638104573e+00,4.351399595924291930e+00,5.658192636590055891e+00,4.030506035302553691e+00,4.401329814295113607e+00
3.666199145510767199e+00,5.156979644873423752e+00,6.250880867653243911e+00,4.852142637251080970e+00,3.909342016326804448e+00,6.046423980215973160e+00
2.714976221580346571e+00,4.156232259845310750e+00,5.985194928886004462e+00,3.844604152137042430e+00,4.574271618704484510e+00,5.828200723687408491e+00
2.464289064427264364e+00,3.404664133070825827e+00,6.364532532393825548e+00,3.829623533288835091e+00,3.411588530441502343e+00,3.991120042139468804e+00
3.593760758305837300e+00,3.809273559300109024e+00,5.623604010680838705e+00,3.800535352202323747e+00,3.492555854415483108e+00,4.106650572624019446e+00
1.590860207613515209e+00,2.215938129950226099e+00,5.188595097937474421e+00,3.585923544043325251e+00,3.609430802581134579e+00,3.341289999425266277e+00
2.778170933725733427e+00,1.520273957513909258e+00,6.058218939287081994e+00,3.400646274990954510e+00,3.434001333067856709e+00,3.904292828843483498e+00
2.801020079142575447e+00,2.283759711663076342e+00,5.911878476309368580e+00,3.425162884838038213e+00,3.226470040261588235e+00,5.463319862172923536e+00
2.680700805109289764e+00,2.013141329186534101e+00,5.571537482632675342e+00,3.850576306391735315e+00,2.989366794638829816e+00,5.386049657740074714e+00
1.299643198473755534e+00,2.677567117709271471e+00,3.919531734568490577e+00,3.512762148193919742e+00,3.436235051337755753e+00,4.753159674447891447e+00
2.060800629543865004e+00,2.699882543462273077e+00,4.210274183300169781e+00,4.347731290453199726e+00,4.359106882078346956e+00,4.012654392922479829e+00
3.000430603816569786e+00,3.616139300976324300e+00,4.418146563623801981e+00,4.789449387635632327e+00,3.123760871740000500e+00,3.703393718491085007e+00
2.225883891926469182e+00,5.347699233085290160e+00,4.562798971250987101e+00,4.852869676950890110e+00,2.331905411028831310e+00,4.967027878430257282e+00
2.389787754964913802e+00,5.383755541666383593e+00,5.229500362863438667e+00,4.836872619027993814e+00,3.105181162199049716e+00,5.249457122797364761e+00
3.254951680919907275e+00,4.612306875940795692e+00,5.971348141427315959e+00,5.188040636603671985e+00,3.562127802605953075e+00,4.926287222786411846e+00
2.165968190132793847e+00,4.177235964889701059e+00,7.258258093293957991e+00,4.679154598817081734e+00,3.368563804177115983e+00,4.599274827716214098e+00
2.072149373896470692e+00,4.802830461489861591e+00,4.428866950720967033e+00,4.516419917180217958e+00,3.328619141984527019e+00,3.966960548999935554e+00
2.007371789963340980e+00,5.649792279293190944e+00,4.041832905778035112e+00,4.993251184310068425e+00,3.426699975050435221e+00,2.835542945660872505e+00
3.370697726050775778e+00,2.893022064550625938e+00,5.470551332792042309e+00,4.188583096932491756e+00,4.255392551086280228e+00,3.369359199786577275e+00
2.727965236844509533e+00,2.622632868866845435e+00,5.590504930025505637e+00,4.931244753937366276e+00,3.959673297866367569e+00,4.114048365892854164e+00
1.690142636918133823e+00,3.538498327973655044e+00,6.375172669654827651e+00,5.363488477529632092e+00,3.116802394552175226e+00,4.328977946448810954e+00
2.407886258958600756e+00,2.702541845754183658e+00,5.766831985744930833e+00,4.677483838586053544e+00,3.108904805353848388e+00,4.495209412656456571e+00
2.514562947889410705e+00,2.770791140871806224e+00,4.198658458317222397e+00,4.719995300726445464e+00,2.907360160488134504e+00,3.683088736985382639e+00
2.294361820222414305e+00,4.357670832910226721e+00,4.477086629251363803e+00,4.899504994106020028e+00,2.831882389668186839e+00,3.983147214670524239e+00
3.028177445162609338e+00,4.389531956594589168e+00,4.579401053292075474e+00,4.566283549667734754e+00,3.624254052019591832e+00,3.896289603945541913e+00
1.634523133806722539e+00,4.090196184323088957e+00,5.435690958489191260e+00,4.699157764551577188e+00,3.188028945421669036e+00,3.544698141353147758e+00
2.472823396763519810e+00,4.492598984462487621e+00,4.959634610638128827e+00,5.721366742102727443e+00,4.201069244631053579e+00,3.291997625568806818e+00
2.816598419002410925e+00,6.028659699636886415e+00,4.204607861519754408e+00,4.295257654725318730e+00,3.913020700803027108e+00,3.473746722145928167e+00
2.186429113618636677e+00,5.060269844473864964e+00,3.971929898644995127e+00,3.076476941567147794e+00,2.724695069221924726e+00,3.502338336784688533e+00
3.714389051550142540e+00,3.302646272945150674e+00,4.550801592302071263e+00,4.233324962266926228e+00,3.423853184883808076e+00,4.381197528241965067e+00
2.579618646861622455e+00,3.742123439060391021e+00,5.282151796213546469e+00,3.751556893734681708e+00,3.091388985360928654e+00,5.249931460234639857e+00
1.611221796951812779e+00,2.190631841487191700e+00,5.118723328866872535e+00,4.395841396277653246e+00,2.368793252550994488e+00,4.865814377547696523e+00
1.416390834089001238e+00,4.038789287146873797e+00,5.358596901515391586e+00,3.937396037212931077e+00,3.056715960257845754e+00,4.233204426523841768e+00
2.854231247808970640e+00,2.854485462457014400e+00,4.880513410574181421e+00,2.966522258704812565e+00,3.338722599958523052e+00,4.036892679909512616e+00
2.115432964359110990e+00,2.544613687220647513e+00,4.775026226360513881e+00,2.905281443405796971e+00,3.343460383707419936e+00,3.826839840533316828e+00
