VR1,VR2,VR3,VR4,VR5,VR6
3.009228746394964737e+00,3.763057723121794318e+00,2.616105019593889303e+00,4.773571710642416477e+00,3.984345085754110727e+00,1.806821247422816690e+00
3.040010712693685058e+00,5.477937460705685879e+00,8.894746765518700471e+00,2.358872763358388802e+00,6.736975137746636477e+00,1.862344535653203792e+00
5.271011688765762315e+00,5.017626729684119269e+00,3.232021872864404344e+00,1.906477231891277047e+00,1.673662203592234832e+00,4.520658291040513532e+00
3.789399568783075267e+00,5.943275035860796862e+00,5.687516710223705196e+00,3.896300181286926900e+00,5.682502921593994394e+00,6.015910524507302348e+00
2.242355595084945641e+00,5.570797846486940763e+00,6.383183066027220853e+00,1.933703918698296498e+00,5.300119957019077788e+00,6.031661055474190292e+00
0.000000000000000000e+00,0.000000000000000000e+00,0.000000000000000000e+00,0.000000000000000000e+00,0.000000000000000000e+00,0.000000000000000000e+00
1.445455952540062317e+00,4.683804157351948660e+00,3.259966113711721736e+00,4.889473796151353469e+00,5.103609034949293743e+00,5.214947760650701980e+00
9.528947552762996320e-01,4.481155063575808839e+00,5.887715977909568466e+00,3.898988915487263007e+00,5.828982392833941262e+00,2.333326329978446800e+00
1.876526522629234472e+00,1.284455943828254121e+00,2.680549232680690341e+00,1.938700715628563387e+00,2.915549986784882641e+00,3.398940474469553052e+00
0.000000000000000000e+00,0.000000000000000000e+00,0.000000000000000000e+00,0.000000000000000000e+00,0.000000000000000000e+00,0.000000000000000000e+00
0.000000000000000000e+00,0.000000000000000000e+00,0.000000000000000000e+00,0.000000000000000000e+00,0.000000000000000000e+00,0.000000000000000000e+00
0.000000000000000000e+00,0.000000000000000000e+00,0.000000000000000000e+00,0.000000000000000000e+00,0.000000000000000000e+00,0.000000000000000000e+00
3.454604227766573388e-01,5.278979622327630850e-01,3.807950470848882940e+00,4.591934675238928065e+00,9.255562246440351970e-01,5.754078354924015315e+00
3.657477424883053274e+00,6.666005290649148485e-01,1.979118659794077750e+00,4.416594776997277094e+00,3.705933239622567932e+00,4.309336904347436104e+00
2.838196476529460277e+00,2.467174745800992497e+00,6.690228589601272091e+00,3.464005195051846009e+00,4.292129134400203938e+00,5.971751737134606941e+00
1.406555891579944984e+00,3.775604825241822837e+00,4.163374058022239588e+00,3.256102776696706780e+00,3.753830701890735977e+00,4.677408576918719696e+00
2.964507670987350352e+00,2.710675391187500338e+00,5.328382554987832975e+00,2.052473070153909784e+00,1.817373006179333395e+00,4.808871236220422674e+00
2.447554503882391153e+00,1.370504255507815961e+00,2.936349341446074845e+00,4.943583141441084905e+00,3.614804696589149380e+00,6.436587190846488227e+00
1.725074396558000434e+00,1.472556884097551588e+00,3.799000616794409257e+00,4.133152194296191517e+00,1.442837373348588859e+00,3.301855531644569908e+00
3.751718122523453935e+00,1.468385370907442589e+00,6.807230011440270623e+00,5.497968555089710385e+00,1.909472292256069847e+00,4.303318077202847647e+00
0.000000000000000000e+00,0.000000000000000000e+00,0.000000000000000000e+00,0.000000000000000000e+00,0.000000000000000000e+00,0.000000000000000000e+00
1.991309112449574314e+00,1.219849781894697172e+00,2.320798055390397074e+00,6.751928561072071844e+00,1.283356329885999347e+00,5.784694610077980137e+00
1.119184842352524356e+00,3.064921698958428031e+00,8.159310808215732180e+00,4.310987485021223975e+00,3.861426903060727334e+00,4.553596716540377898e+00
3.654104163735055089e+00,2.926827891109731183e+00,5.664570650802081886e+00,4.009525080229053628e+00,2.459795311258089701e+00,4.358383112667229220e+00
4.587060690405829533e+00,5.181786945863198213e-01,3.477422740860654393e+00,5.944155004749534399e+00,7.483134753483247081e-01,3.707760940682943485e+00
0.000000000000000000e+00,0.000000000000000000e+00,0.000000000000000000e+00,0.000000000000000000e+00,0.000000000000000000e+00,0.000000000000000000e+00
1.744891346237017249e+00,1.273484442237013958e-01,4.138562046343284173e+00,4.577350737562108307e+00,1.654603604278447104e+00,5.803323004695579712e+00
2.134467256209649832e+00,3.650944226593814346e+00,6.613880933556348651e+00,5.115686002509135299e+00,1.805058947558414451e+00,5.578565506686342879e+00
2.292178219957814900e+00,3.901199251048170336e+00,5.222931414666612149e+00,5.371647030585254612e+00,3.066320813382840349e+00,7.492952740932189215e+00
2.043359369062415887e+00,5.421422366409661464e+00,6.291701959868934324e+00,3.166602248696321009e+00,5.079142001901840509e+00,5.057186066621100373e+00
2.083114475182143099e+00,1.176298071441430615e+00,2.448282475096343447e+00,2.147732366320383335e+00,2.429724144737218872e+00,5.803235521456217683e+00
2.181808293455273162e+00,1.320095619160259970e+00,4.566731895960854715e+00,4.135248411701009985e+00,3.832470011691735401e+00,6.228966490825431634e+00
3.710158631563357456e+00,4.048036934075943449e+00,3.871828891787096438e+00,3.048073393048772228e+00,3.762358015538800338e+00,5.339058971932569619e+00
1.797950892174879911e-01,6.092343826869552004e+00,5.611735883041661488e+00,2.105447253119907547e+00,5.118623861069243830e+00,2.668047908741853824e+00
1.029694625200167302e+00,2.293264145623223893e+00,2.186888601342045213e+00,2.418501913534683023e+00,1.467796761631039448e+00,3.359602001174675667e+00
1.147305599762614259e+00,1.349909986802499517e+00,3.143901501223674622e+00,3.008984756995241039e+00,3.591404474529758417e+00,2.403422729625320553e+00
0.000000000000000000e+00,0.000000000000000000e+00,0.000000000000000000e+00,0.000000000000000000e+00,0.000000000000000000e+00,0.000000000000000000e+00
0.000000000000000000e+00,0.000000000000000000e+00,0.000000000000000000e+00,0.000000000000000000e+00,0.000000000000000000e+00,0.000000000000000000e+00
4.149102218473205816e+00,3.110263322555839594e-01,3.880249130555968762e+00,1.642098220098611172e+00,1.599535665521573780e+00,2.580950722919151730e+00
0.000000000000000000e+00,0.000000000000000000e+00,0.000000000000000000e+00,0.000000000000000000e+00,0.000000000000000000e+00,0.000000000000000000e+00
0.000000000000000000e+00,0.000000000000000000e+00,0.000000000000000000e+00,0.000000000000000000e+00,0.000000000000000000e+00,0.000000000000000000e+00
0.000000000000000000e+00,0.000000000000000000e+00,0.000000000000000000e+00,0.000000000000000000e+00,0.000000000000000000e+00,0.000000000000000000e+00
2.585463487271290717e+00,1.766698049552581917e+00,5.243164352874738476e+00,5.404240464135359190e+00,1.430265283009944266e+00,5.217182720955709563e+00
2.963001857076360768e+00,3.000052890266261763e+00,4.127177032493579034e+00,4.953744691952008949e+00,1.064783727053902229e+00,5.752057650741342343e+00
2.440286417280160602e+00,2.831976741797020303e+00,8.114939443020826815e+00,5.634230107532538945e+00,2.953432414679840523e+00,5.475531845321671476e+00
3.165828163941793782e+00,5.302837411781899490e+00,6.128600879591207473e+00,4.500537232835791102e+00,3.289667340091161130e+00,6.431072035653908614e+00
2.223499159007118031e+00,5.473958447742584887e+00,4.840740370729375464e+00,4.391359806804820742e+00,4.999736034697794373e+00,5.558440423368342209e+00
1.997213518321757642e+00,6.848455791332154874e+00,4.131658559361643057e+00,2.075202910415063329e+00,2.870089985080267247e+00,3.140602521511855816e+00
1.812723238912179458e+00,3.364822752656787319e+00,3.951547218497402092e+00,2.504515610276613735e+00,2.064424122154902008e+00,1.517778560707719215e+00
1.864780221557559514e+00,9.795937929674853883e-01,2.505866232065877774e+00,3.655691367316398210e+00,9.446391932020161697e-01,6.617214523210250832e-01
