VR1,VR2,VR3,VR4,VR5,VR6
2.655151523533207047e+00,2.401396903987090159e+00,5.642536268990179238e+00,4.270793966937414865e+00,3.785113319023145628e+00,4.118783628814122189e+00
0.000000000000000000e+00,0.000000000000000000e+00,0.000000000000000000e+00,0.000000000000000000e+00,0.000000000000000000e+00,0.000000000000000000e+00
1.905607102939035347e+00,2.654621829128202659e+00,5.792116030124123682e+00,5.076854547354785474e+00,4.465993423886049918e+00,2.499206841641540944e+00
7.987903490355772185e-01,3.303620305780888167e+00,5.947326973246223503e+00,5.630598675409254739e+00,1.902378254626111653e+00,5.992713362367049434e+00
0.000000000000000000e+00,0.000000000000000000e+00,0.000000000000000000e+00,0.000000000000000000e+00,0.000000000000000000e+00,0.000000000000000000e+00
1.496247700965846139e+00,8.512062305781706861e-01,4.443519525795919911e+00,5.518437330683562791e+00,2.752462296183682433e+00,5.188648336251688420e+00
3.545032340866118403e+00,1.597122931277797697e+00,4.309205647984548193e+00,6.067264018965972561e+00,4.869752948421828265e+00,4.261909159882767639e+00
0.000000000000000000e+00,0.000000000000000000e+00,0.000000000000000000e+00,0.000000000000000000e+00,0.000000000000000000e+00,0.000000000000000000e+00
2.298230282094039900e+00,1.026159497181298619e+00,2.136458603803478518e+00,3.831600595100833395e+00,2.907309428401947393e+00,1.091196804462342129e+00
4.256933191776012926e+00,3.060314012707555431e+00,9.070946575509925225e+00,5.392952743091440126e+00,6.828489597457290117e+00,4.133825574188424667e+00
2.372093960813260516e+00,6.328414371654083936e+00,7.635236500820813177e+00,4.434701557490464019e+00,5.095801287750548525e+00,5.443377196555458042e+00
2.941518330427008721e+00,6.140691501267223629e+00,3.779883656926056545e+00,2.132390228846538616e+00,4.337983043638481639e+00,4.810882903783041620e+00
1.096663352968814342e+00,5.407009724426917074e+00,5.739583539524787170e+00,6.290617665794139057e+00,4.369323685924676681e+00,4.811537257118941646e+00
5.968641905077656240e-01,5.318797279308573600e+00,3.349604658906796040e+00,4.057624963094028203e+00,5.097516370600369662e+00,6.146695767593983284e+00
5.227519768940445122e-01,4.425082813535595960e+00,6.089849271903462480e+00,4.281857355275666244e+00,3.694365184969848226e+00,5.356401941187492355e+00
1.156973838432346691e+00,3.180561919884863364e+00,3.688113852652459279e+00,1.593348334872656924e+00,1.760540238169684857e+00,3.027803411751089691e+00
3.564050395899945656e+00,1.192482353832178710e+00,5.939870577780191674e+00,1.951663740610928954e+00,2.252199348838863635e+00,4.126170336897102331e+00
3.260713703923423523e+00,5.065098950556890856e+00,7.429399439520934401e+00,4.918629729581762255e+00,6.500542617147605284e+00,4.083358667600999858e+00
2.511420834029742810e+00,7.861312150885938266e+00,6.564043786084068799e+00,2.692538999267413580e+00,4.906096814503390746e+00,3.843176631580137226e+00
3.560392042870597962e+00,3.712348538328821501e+00,5.100902693454773207e+00,3.620008415756935882e+00,3.334121080712849405e+00,3.821997959758363983e+00
3.711221974142383306e+00,4.276830431853739789e+00,4.378487703564522882e+00,3.996776105242953125e+00,2.125413843861002405e+00,3.871422890886477841e+00
2.918405619755224834e+00,3.694733708101268110e+00,5.484182765331841125e+00,5.726232455898266238e+00,3.825397459283736090e+00,4.536655206573789734e+00
1.425925647756134840e+00,3.484137135613903258e+00,4.443517282772380561e+00,4.410243945667872367e+00,5.726732682612063030e+00,4.130296176711254930e+00
3.141477159660174490e+00,3.164250447307560776e+00,3.399124139308461245e+00,3.599497161732984285e+00,3.411580139624230235e+00,5.000750031120702488e+00
0.000000000000000000e+00,0.000000000000000000e+00,0.000000000000000000e+00,0.000000000000000000e+00,0.000000000000000000e+00,0.000000000000000000e+00
2.415757246893541765e+00,2.652409163674250170e+00,3.424353192837555238e+00,5.643276180482573068e+00,4.683138099002621679e+00,1.775468442451109574e+00
1.890143897450273558e+00,1.938532128354338857e+00,4.867467803727750564e+00,5.105152778154923965e+00,1.774265929372898842e+00,4.352560997670462228e+00
2.830497595057523519e+00,4.097296904070852008e+00,6.176654656368024021e+00,3.741473672265023698e+00,3.430920990026615325e+00,4.787988482058709749e+00
0.000000000000000000e+00,0.000000000000000000e+00,0.000000000000000000e+00,0.000000000000000000e+00,0.000000000000000000e+00,0.000000000000000000e+00
2.944072003220879363e+00,5.773803677449534710e+00,4.561807197974395045e+00,4.736155811828265172e+00,5.331865721394252411e+00,7.247683230789045083e+00
3.925093153143069280e+00,5.391568527821483769e+00,4.449919593170466037e+00,2.504154270385356984e+00,5.526004090632268273e+00,7.352628364627133983e+00
1.183639733751323364e+00,6.589061816953718065e+00,6.780090188466052936e+00,1.515704298506613590e+00,5.907037284147317990e+00,4.629380163049391150e+00
2.989640871369243058e+00,5.828836654713386523e+00,3.839071793057988735e+00,2.098724704434864030e+00,4.786809700049769134e+00,4.686451517024329050e+00
2.384589818656623006e+00,5.396500847286812785e+00,7.775077065122995457e+00,3.650008803456299411e+00,5.511322400803255306e+00,3.999843847856930257e+00
3.352718496585565422e+00,6.638749465205956213e+00,5.418091661343622079e+00,4.451479065590294937e+00,4.394199553525302449e+00,5.838260141098297495e+00
3.761760105236565899e+00,5.614442578060824474e+00,3.845974546529307592e+00,3.850984090864253417e+00,3.437192811186373209e+00,5.601681170464567039e+00
6.053706101459891187e+00,3.921877363688455631e+00,6.129859580821140241e+00,2.546740935255695781e+00,2.981385915720434099e+00,5.386189960656382780e+00
1.357901244197964985e+00,5.718454614254389057e+00,5.133388703658776642e+00,3.746432133746712800e+00,4.011502283782436784e+00,4.463633037413182514e+00
3.757656719381288646e+00,5.870934810365801226e+00,5.691223244615255084e+00,4.849484279910761586e+00,3.768845258496760664e+00,6.976968618104442577e+00
0.000000000000000000e+00,0.000000000000000000e+00,0.000000000000000000e+00,0.000000000000000000e+00,0.000000000000000000e+00,0.000000000000000000e+00
7.783559220950801993e-01,1.602250643105567640e+00,3.874126318319408124e+00,4.049480665572690263e+00,1.007756335300001194e+00,4.896526398971187355e+00
3.290162520165869520e+00,1.159961198517177383e+00,6.429683203207015474e+00,4.115286302436072852e+00,4.781664690154238784e+00,6.094499515659222766e+00
3.004147728447090770e+00,3.113526461017378288e+00,3.524177485394303755e+00,3.009966696609404746e+00,2.126241656342398478e+00,4.156193543064610196e+00
3.717268400276288354e+00,2.252527760810244750e+00,6.029150059539287732e+00,4.480062151416545291e+00,4.555017639839325838e+00,3.784042488717176411e+00
0.000000000000000000e+00,0.000000000000000000e+00,0.000000000000000000e+00,0.000000000000000000e+00,0.000000000000000000e+00,0.000000000000000000e+00
0.000000000000000000e+00,0.000000000000000000e+00,0.000000000000000000e+00,0.000000000000000000e+00,0.000000000000000000e+00,0.000000000000000000e+00
3.545652539076766807e+00,1.992907950820090868e+00,5.376506179517612338e+00,2.608252561637652622e+00,3.267063202672253475e+00,3.286391188079522241e+00
2.578651594758563981e+00,3.431017432270663470e+00,6.118786232881744169e+00,2.448711605159635152e+00,5.884308583928770986e+00,3.363448266182797575e+00
4.598347650802343978e+00,3.337639139089554785e+00,7.342498665319070028e+00,2.714495413106631894e+00,5.081806444349004970e+00,2.869867082098866540e+00
3.318787677719612361e+00,3.750408631601869658e+00,3.686769483353591337e+00,4.154237396770297686e+00,5.699943044238524159e+00,4.324696161077999257e+00
2.550634307827791769e+00,3.957313660215219908e+00,5.499624196710914958e+00,3.368694970881890516e+00,3.407762522790092952e+00,5.979301770062282806e+00
1.232589202107555959e+00,2.547695019407149708e+00,3.957528146856703621e+00,5.325962616653669990e-01,1.212355004363601330e+00,4.661648864886876353e+00
0.000000000000000000e+00,0.000000000000000000e+00,0.000000000000000000e+00,0.000000000000000000e+00,0.000000000000000000e+00,0.000000000000000000e+00
5.288570340540630355e+00,3.086728388181729343e+00,2.834194102205834120e+00,3.080701722688909072e+00,2.494624027909496444e+00,4.530204198769083312e+00
9.372990498396016612e-01,3.831048611160730921e+00,4.613003139700437849e+00,2.058881083254935351e+00,2.731490649583381281e+00,2.552553469473382464e+00
3.926597276403149372e+00,2.016880422332970824e+00,4.872276346225831389e+00,3.910923589435370218e+00,2.482246964131744615e+00,3.631809069361280784e+00
2.098538424616899434e+00,5.164049156679690000e+00,5.406815577574467291e+00,3.232828766899966233e+00,5.044218510346620832e+00,2.887644175841739269e+00
3.286281911994118676e+00,5.789242042887618567e+00,6.304597253082561359e+00,2.554083670305501208e+00,4.910011627453061855e+00,3.508305091382795116e+00
5.001645121045033449e+00,6.029336974631398505e+00,5.568049938906583840e+00,2.787522063478861334e+00,4.709315879168418206e+00,5.942927720903446343e+00
1.362075612368381039e+00,5.574574536028505278e+00,4.990102207312566485e+00,3.719802092340363409e+00,5.364833828456921694e+00,5.160483479566540410e+00
2.640493729428861958e+00,6.399539007419706493e+00,3.603712905250156862e+00,4.504837131462434030e+00,3.940221317099970921e+00,4.591029351798971092e+00
2.938693106190568116e+00,5.235179083269933642e+00,6.418232046435771387e+00,4.485597684729246915e+00,4.820660320005514698e+00,6.113569699453381467e+00
1.851386295277940519e+00,5.214288283224198572e+00,7.105176648116827032e+00,3.017124480659576946e+00,4.901506838662918142e+00,3.281983410300212345e+00
3.957889343106950619e+00,6.758970846544444910e+00,5.400551920161267283e+00,2.454787064174150046e+00,5.912904429085049429e+00,4.257321601923901966e+00
3.924107690881908361e+00,6.973662312092555382e+00,6.493857339776575088e+00,2.844563473209801963e+00,6.210234737093737856e+00,3.687872853387167638e+00
3.379771105986297819e+00,6.995067644133103890e+00,6.542568328074353623e+00,2.389281568327445981e+00,5.134820405273930355e+00,5.587759614735557712e+00
5.375532945782846017e-01,5.245812030590224495e+00,3.541832068578845139e+00,1.428272391644510364e+00,6.127343710125647824e+00,2.732718588485884226e+00
3.280263544516915264e+00,2.900843815654534197e+00,4.459382622471911972e+00,2.723759975381502496e+00,1.220968738590865854e+00,2.310917566866044659e+00
0.000000000000000000e+00,0.000000000000000000e+00,0.000000000000000000e+00,0.000000000000000000e+00,0.000000000000000000e+00,0.000000000000000000e+00
1.813895257421786367e+00,6.606501705100518151e-01,5.773234784557377708e+00,6.123622646827388216e+00,2.858937017524850965e+00,2.311053015295770230e+00
3.482995971855000317e+00,1.863362434591466998e+00,4.689848590137737361e+00,6.222523793657952496e+00,1.230165941286637477e+00,2.598773732635505596e+00
2.804692442327679114e+00,1.620566918012336766e+00,5.656951063161599791e+00,6.093128479659210228e+00,3.670741465989951990e+00,4.309031162637074530e+00
1.944259899553130833e+00,1.404566884924597581e+00,5.747260226677746608e+00,6.075900090561686007e+00,9.782821866793574017e-01,4.687250874397926204e+00
1.176199836529578269e+00,9.914190284837691713e-01,5.895581427956222420e+00,5.029175580759934761e+00,3.235747299597374838e+00,4.085836759183347766e+00
2.782308110378529875e+00,1.914248149695991552e+00,4.821302970684274491e+00,6.127399253759663544e+00,4.033492070866963708e+00,5.488521958371785026e+00
