VR1,VR2,VR3,VR4,VR5,VR6
1.108515671452192430e+00,4.328366042643720490e+00,6.744518982440499855e+00,4.862593219057237626e+00,2.845412441025972683e+00,3.302155482803645903e+00
6.577217029342838917e-01,3.253473175608956769e+00,7.481104275164910611e+00,3.942277457056245549e+00,4.450825921458134715e+00,4.397715646286679991e+00
3.322790285043793368e+00,4.450013200845251760e+00,5.234051924205753714e+00,3.091700113613647272e+00,4.113124319486020752e+00,5.991392296943049089e+00
2.308007157119201125e+00,1.969817435190634125e+00,5.494985545590133746e+00,3.370971110351629108e+00,3.753699051239801854e+00,3.686052449647046370e+00
0.000000000000000000e+00,0.000000000000000000e+00,0.000000000000000000e+00,0.000000000000000000e+00,0.000000000000000000e+00,0.000000000000000000e+00
6.388134006297689904e-01,9.423958119928350641e-01,5.010345011314147001e+00,3.509598235028281277e+00,6.649564460640956298e+00,4.246139785097899910e+00
3.429185610268267848e+00,4.374675325544437499e+00,5.157887280343420144e+00,5.300364740967508759e+00,2.578764900107549440e+00,4.187130486218974212e+00
1.730235288266060767e+00,5.538988116903377446e+00,4.822173391455251590e+00,5.439304581091989554e+00,1.665083782482526864e+00,3.161211440259823036e+00
2.904013627308999812e+00,3.448356265225958062e+00,4.493395250765598092e+00,6.632395980577095784e+00,4.365303520406323301e+00,5.517693080724949795e+00
4.682893251281340596e+00,5.209182351046203863e+00,4.630099541069703228e+00,3.794714031354688988e+00,4.313750403771264175e+00,4.861562456286968370e+00
3.955836944361781793e+00,1.863576408362475512e+00,4.365436989003607771e+00,4.975861129975504227e+00,4.811177669996428818e+00,5.564805520674831030e+00
2.198785441054630141e+00,9.874250985167543071e-01,4.866025343786438917e+00,2.269818885512984608e+00,3.297617510556281051e+00,3.433120506125207694e+00
1.934206921145592117e+00,3.222913394901570694e+00,3.726943755064960229e+00,6.351226710120947416e-01,2.402993301360761613e+00,3.617529122898590188e+00
3.664292832709065806e+00,1.034309875714290561e+00,5.344531669496404902e+00,3.724861575619932808e+00,3.283803640477408692e+00,6.952461072688461918e+00
0.000000000000000000e+00,0.000000000000000000e+00,0.000000000000000000e+00,0.000000000000000000e+00,0.000000000000000000e+00,0.000000000000000000e+00
3.639478106700517301e+00,3.146156302783649217e+00,3.272699093462359876e+00,3.969852888802559931e+00,2.813269435673961816e-01,4.410043146204589704e+00
2.213770604014111854e+00,5.689438125418904590e+00,2.266698466862187455e+00,4.741215735627496208e+00,4.791477990970096634e-01,2.654094437729634492e+00
3.287984679531407828e+00,2.329944547434630309e+00,2.583831406723038349e+00,3.808134515568277756e+00,3.024834650499052202e+00,4.344055388561926634e+00
0.000000000000000000e+00,0.000000000000000000e+00,0.000000000000000000e+00,0.000000000000000000e+00,0.000000000000000000e+00,0.000000000000000000e+00
2.471737729413812978e+00,1.891593176409773092e+00,6.355349693892036633e+00,4.064527042132787926e+00,9.259809266142604578e-01,5.046794210687857607e+00
2.404229864783783643e+00,4.913579401578814121e+00,4.455139750098585871e+00,3.559364871445674705e+00,1.704632901803191158e+00,4.599320331428488728e+00
2.193884766162804478e+00,2.725501310300519453e+00,6.424995781414036600e+00,4.934360708323816347e+00,5.150086610912261165e-01,2.851868692407788508e+00
5.069664902517617477e+00,2.335248723343183563e+00,5.536237051219776717e+00,3.486699964055095524e+00,3.624213331731495735e+00,6.379227702636342201e+00
1.626304461755264885e+00,5.356596399803552622e-01,5.032604559713441006e+00,2.107190732206128292e+00,1.975858828121085597e+00,3.313003785091335196e+00
3.611633002012218263e+00,2.626841658038154392e+00,4.491135308910390478e+00,4.020095047952132461e+00,5.039361813074415331e+00,5.422043681697602757e+00
2.907857120096251968e+00,4.061649893381515497e+00,3.267521941566083221e+00,4.624921028608121709e+00,3.395122770212332330e+00,3.371847438254829132e+00
2.043425543479132411e+00,4.056248418965675562e+00,4.334563857918118046e+00,6.713377363365241379e+00,1.735256355097460013e+00,2.099189040619658719e+00
2.663719726139387678e+00,3.728895499420282533e+00,2.642449931888565029e+00,5.056989097256395560e+00,5.023575732317304698e-01,3.198837835063133905e+00
1.537467147554730129e+00,8.872230065440365188e-01,2.966995312222205250e+00,5.477138299475699412e+00,2.136875244259545337e+00,3.684168097370307926e+00
1.484597074623504653e+00,3.964787486693543528e+00,2.929867141530387631e+00,5.536012162003311587e+00,2.897526744835003498e+00,4.739772318442277310e+00
2.029083411132039494e+00,1.949721932771705912e+00,3.154804481588483256e+00,3.393502236974746289e+00,1.988640008647545532e+00,1.627355498534744704e+00
2.140105499615937212e+00,2.174256629107228278e+00,4.069040782407612689e+00,3.056197396102374952e+00,2.318303766762686013e+00,5.174804617245151839e+00
3.630159077311604143e+00,2.560437579529749375e+00,4.530830931071632151e+00,2.696399769525204437e+00,2.523968666012419426e+00,4.260030130855268382e+00
2.493870871293554448e+00,1.008783859118636439e+00,3.390216729591745803e+00,2.123053959726601825e+00,2.903784671186396604e+00,2.562948876606266246e+00
3.755538134048723276e+00,3.289702440765799984e+00,5.535501161274156701e+00,3.084717500889041730e+00,4.557828420223231092e-01,5.134520531528393050e+00
0.000000000000000000e+00,0.000000000000000000e+00,0.000000000000000000e+00,0.000000000000000000e+00,0.000000000000000000e+00,0.000000000000000000e+00
2.058859848931889225e+00,4.457339423734406836e+00,5.981478950504884651e+00,4.561404069667453598e+00,3.064211612996046163e-01,4.884708671133031643e+00
5.234690413706476697e+00,8.841565997798612742e-01,4.669258817289751562e+00,4.062896300898542812e+00,4.111340310744691529e+00,5.527491207625547354e+00
1.670015683603006229e+00,3.305677198010742224e+00,4.993440211721287270e+00,3.823650162225504356e+00,4.554571501470952910e+00,4.652145624930039247e+00
2.731454502335220802e+00,3.590893140160428931e+00,6.274645776403145803e+00,1.527860953615277406e+00,3.524208720468273270e+00,4.363227479508268836e+00
0.000000000000000000e+00,0.000000000000000000e+00,0.000000000000000000e+00,0.000000000000000000e+00,0.000000000000000000e+00,0.000000000000000000e+00
3.951079782610996016e+00,2.471014009996822303e+00,1.009838126855711593e+01,3.514441477765754662e+00,3.867258571902879360e+00,7.185035293685187341e+00
2.495689792474947932e+00,1.069638582795580550e+00,6.500157507714189542e+00,2.871233589430062239e+00,4.636758141442553161e+00,6.057239310513082842e+00
2.921351384754929725e+00,3.402505920848986065e+00,6.261630064574941201e+00,3.313040241310263756e+00,2.601449336733399065e-01,3.367172815724661206e+00
2.113317637043930830e+00,1.007609696205923999e+00,7.515747944560486005e+00,4.993793279295783982e+00,2.857736329010736487e+00,4.459857297619826966e+00
3.099752755369769908e+00,2.256165226809929703e+00,5.974949905394492333e+00,4.806620250649446646e+00,4.357791656268673819e+00,4.098927576482825685e+00
4.220567440858495445e+00,3.419605953403758392e+00,5.031251770727588557e+00,5.130717232474118816e+00,5.155420072944471244e+00,5.518656177491868320e+00
1.150752820958245382e+00,3.468812993757120378e+00,4.228524397362190435e+00,5.474888397722964761e+00,4.963221539861013554e+00,3.347319243228142227e+00
8.297059425904800278e-01,4.451187563356194588e+00,5.524752695518709622e+00,4.343285949711522598e+00,6.964867454967737181e+00,4.989390208220321199e+00
1.680738738236974505e+00,6.204084893637453746e+00,5.704835723281526327e+00,5.677979964953955516e+00,2.704271284038132883e+00,2.316604646595396222e+00
2.310994477814731773e+00,3.689881534469344526e+00,6.127578676084658227e+00,8.201567604708472459e+00,3.636741680690354972e+00,5.976277945204087061e+00
0.000000000000000000e+00,0.000000000000000000e+00,0.000000000000000000e+00,0.000000000000000000e+00,0.000000000000000000e+00,0.000000000000000000e+00
4.957784399165257483e+00,5.614297115620958678e+00,7.972920299677697997e+00,6.309052702393659118e+00,1.802395176604294491e+00,7.477450440485842620e+00
3.169113919752160502e+00,3.967886586026924789e+00,7.704748240873431797e+00,4.735938692665646599e+00,2.600892252169462182e-01,2.289833518171882520e+00
3.815590081030114433e+00,1.465636197157269560e+00,9.777544847009245643e+00,4.557017704207625641e+00,3.822359775883247934e+00,9.530883572596151154e+00
2.358811661829149475e+00,1.195004904394296519e+00,6.255110113558965068e+00,1.868803456790148143e+00,4.320172684794146178e+00,5.353647547447252464e+00
6.464914833681978390e-01,8.974197477718734994e-01,6.105567531237563017e+00,5.909231503599428059e+00,6.048607613332661614e+00,4.886430955731777104e+00
0.000000000000000000e+00,0.000000000000000000e+00,0.000000000000000000e+00,0.000000000000000000e+00,0.000000000000000000e+00,0.000000000000000000e+00
0.000000000000000000e+00,0.000000000000000000e+00,0.000000000000000000e+00,0.000000000000000000e+00,0.000000000000000000e+00,0.000000000000000000e+00
1.956799583091583639e+00,5.784898512894473654e+00,5.747806239380221172e+00,7.085270351599528560e+00,4.672774051538866047e+00,6.213653661627616565e+00
2.186663337504576976e+00,1.586975913312781650e+00,5.855329412864284322e+00,3.601060694269288653e+00,2.507199142116213864e+00,3.840433017693400064e+00
3.228785043079059225e+00,1.391160296385981487e+00,4.805070175326534354e+00,4.156019951726632300e+00,3.970182939322341564e+00,3.752720369597910111e+00
1.717128729292531020e+00,3.416226150875263823e+00,6.674254612087807459e+00,4.389514807033634725e+00,4.302405438473089205e+00,6.387660820256720662e+00
2.916059757808803443e+00,3.591564485755648128e+00,4.981099406587064848e+00,1.912319407586417164e+00,3.392863859889382550e+00,4.051327800610803109e+00
2.227376784763771322e+00,1.663759537370008701e+00,6.265471978400350750e+00,2.631832436507377082e+00,4.101375871636067316e+00,3.445657204203940616e+00
1.094734140502436448e+00,3.184830796233589112e+00,4.466941744473402309e+00,3.414735082155548440e+00,4.883169971736491810e+00,6.509358823752747547e+00
1.904894143026789166e+00,3.178545808954499563e+00,1.020947690830368515e+00,2.110790213763308110e+00,3.163437935853081751e+00,2.313828269999231857e+00
3.774653507690329590e+00,3.850655174604118880e+00,2.552256050945954868e+00,4.015066026391008513e+00,2.713058994823663639e+00,4.574427330066687780e+00
2.321575111151683579e+00,2.520088773257520565e+00,3.710910559088773653e+00,5.004144564108965909e+00,4.599768306684066665e+00,4.205967580033155073e+00
3.161530917478320823e+00,4.618931931868010210e+00,4.052355910945925288e+00,1.892424504044761147e+00,3.688370934034947091e+00,4.792705199184178255e+00
0.000000000000000000e+00,0.000000000000000000e+00,0.000000000000000000e+00,0.000000000000000000e+00,0.000000000000000000e+00,0.000000000000000000e+00
3.056129301204913773e+00,4.466004620683019510e-01,4.666237245342433226e+00,3.382351350552300850e+00,6.286401206178119594e+00,7.648034747660380717e+00
9.569445338301660886e-01,1.678843683082744676e+00,3.358497859417187481e+00,4.973960270203203748e+00,5.609930818232369276e+00,4.760053333982469326e+00
2.811295527101661751e+00,2.510936525870709701e+00,4.352442536249279570e+00,3.339157489650224964e+00,5.763527472588170220e+00,6.101694103630022070e+00
3.274003106404681063e+00,7.562225755063027854e-01,3.989518485611220022e+00,5.408160201015340895e+00,5.475700592081186535e+00,3.051850629616622346e+00
5.559382539575841164e-01,4.699392849894873159e+00,5.343487454913992352e+00,4.337920589550383177e+00,4.297800919770656591e+00,4.218900110868093023e+00
2.158393259664903141e+00,3.043122508859168907e+00,5.012190573231308122e+00,5.436984030414944158e+00,3.610834646250476787e+00,4.067897888591917699e+00
2.965893418384918601e+00,4.454763820135750230e+00,4.320659396042251466e+00,5.096613773945353643e+00,3.046407444242052343e+00,4.558509466524235165e+00
2.557316977488470755e+00,4.716928250793685606e+00,5.701504700678434290e+00,4.407645489832939134e+00,6.576403426775438987e+00,6.569989982162331543e+00
1.644702440430118262e+00,1.761957771500743952e-01,5.714394397637938994e+00,4.725039494337178958e+00,3.384044624200637230e+00,1.370656232952129461e+00
1.067788686292664657e+00,4.846121605374467123e+00,7.308429608624292584e+00,5.099054163984149568e+00,4.667041248066618131e+00,7.101569069335329942e+00
1.695537418815378450e+00,2.587322816542636961e+00,4.936680048567514412e+00,5.082795837904384051e+00,1.064765783555334799e+00,6.624588899650194485e-01
3.480748495253061847e+00,1.974697937856256580e+00,3.756197524410293198e+00,8.181927583525407499e+00,3.725090693224226257e+00,5.509418172430848415e+00
2.162565361538691278e+00,6.723855164314519683e+00,3.603917655533803277e+00,8.059483158336412600e+00,1.331735856358869263e+00,2.636914016223330215e+00
1.060566573715305161e+00,4.009475293765127013e+00,4.779867648948379788e+00,4.834716560401663976e+00,1.298084524890471325e+00,1.943363574006434114e+00
4.089188349590713756e+00,2.087072728740944960e+00,5.188226146203377631e+00,3.288532353569105560e+00,3.849664984485984043e+00,6.306010327906758306e+00
1.241112502763405789e+00,6.181943250545140600e+00,5.222578853882954064e+00,3.684819171575838936e+00,1.975931296563496087e+00,7.623768825624988033e-01
1.017220259624184164e+00,2.766868697172746749e+00,7.905167574122885732e+00,3.610461845355056987e+00,5.939343711831262418e+00,6.834091585929427559e+00
4.030617136771395437e+00,4.046909890773145335e+00,6.782669078958900144e+00,4.830657068477210103e+00,2.367394144315227322e+00,4.543734336536471297e+00
3.686231446920932076e+00,2.989686739799732429e+00,4.788622572833940438e+00,3.712751791770768861e+00,2.917545561666639919e+00,5.893955082127353862e+00
3.908338060774180889e+00,4.730846713175496987e+00,5.314507399014472888e+00,3.393641518925089695e+00,2.679786797348857608e+00,3.001422719018421059e+00
1.182111610249405809e+00,2.714822982715271671e+00,6.417665535541708266e+00,5.578799113826423905e+00,2.047139380845877987e+00,2.563320720508692752e+00
4.814642259428231874e+00,5.649669604421330149e+00,5.602738195129809640e+00,6.098050642630347795e+00,5.484392324465567903e-01,5.882061037618110610e+00
2.965670010805424361e+00,2.977547559794244236e+00,5.697187325831956528e+00,7.091037301986270691e+00,1.248111930636317757e+00,2.841834549834388657e+00
4.492926333694015284e+00,4.363873581039603877e+00,6.700413203306538890e+00,6.063654228182545403e+00,2.090720119650767650e+00,5.058143259877882159e+00
0.000000000000000000e+00,0.000000000000000000e+00,0.000000000000000000e+00,0.000000000000000000e+00,0.000000000000000000e+00,0.000000000000000000e+00
3.826097005927288297e+00,6.441848041483243748e+00,6.984775133705648287e+00,6.125456645030640246e+00,2.147773510211611558e+00,5.450075386442069458e+00
1.411666205062077406e+00,4.527095715185263991e+00,7.550910849582087359e+00,2.871786992894506341e+00,3.842405520946039488e-01,2.671204413792649390e+00
2.056897792022724936e+00,2.318112271959872128e+00,7.455170558230619804e+00,1.650779968746519000e+00,4.251392869279079889e+00,6.362793541776564865e+00
3.015441543601963481e+00,1.694294865581349230e+00,4.524460423613482440e+00,2.776528547372965505e+00,5.287496799636418388e+00,4.788971968560101544e+00
0.000000000000000000e+00,0.000000000000000000e+00,0.000000000000000000e+00,0.000000000000000000e+00,0.000000000000000000e+00,0.000000000000000000e+00
2.373915713606986166e+00,2.974177339109201235e+00,7.138120146876714145e+00,5.296426738135105339e+00,1.192432630875205568e+00,4.811680693022405642e+00
2.183048453342828488e+00,5.516504470805189797e+00,5.913867540278655355e+00,3.142918111303504958e+00,8.709948620433021205e-01,5.293893674044187314e+00
2.503961886646246970e+00,2.084905632632469974e+00,3.023179005806376551e+00,3.426169184976605386e+00,7.184732003539116008e-01,3.317747607316941405e+00
1.729311807497472042e+00,3.594556840068263259e+00,1.600375517612942833e+00,2.315011865416523928e+00,2.093801392681430507e+00,1.695237806914055234e+00
2.591650237062396833e+00,1.114051347038986339e+00,3.648384026625938859e+00,8.886385955312103846e-01,3.131472897848941006e+00,1.574787654625716460e+00
1.103917514340590156e+00,3.526560526076059077e-01,4.799316286806869059e+00,3.244375015026567777e+00,5.132008068853039617e+00,4.738139746774573169e+00
4.818841874980430262e+00,2.164984083413691085e+00,4.660406448412600433e+00,3.446720097521867920e+00,5.442011923204193025e+00,4.955764032021645171e+00
4.376006248247629848e+00,5.622577150581631322e-01,4.011218694191690304e+00,2.950709869735660185e+00,5.485754012401150348e+00,5.210918300072473919e+00
1.940312531752355962e+00,4.597220752749626271e+00,4.482609841767757786e+00,5.632611086024700064e+00,2.617279602086087564e+00,1.119095749025935671e+00
1.680065986618038520e+00,3.956792122967618841e+00,5.891319009179775357e+00,4.912827259656813439e+00,3.974093812680993043e+00,5.906664917946233828e+00
3.382554837449380791e+00,6.203838915727047265e+00,4.085914666960940522e+00,4.059882606526262983e+00,4.175333912220628996e+00,4.679408693147386167e+00
4.487056694412005164e+00,9.999458655831747755e-01,6.283126325708844107e+00,5.024571969921295178e+00,3.067856045672621157e+00,2.829814171695975489e+00
3.567593188836836848e+00,2.410286378291925935e+00,4.872299959134450908e+00,5.936347961582611354e+00,3.390544930245158906e+00,5.177172847835063152e+00
3.672324081961122033e+00,4.728916259092107666e+00,3.370427244575789683e+00,5.262126054499544736e+00,3.265058648829237242e+00,4.236660903297130076e+00
6.533381331492358335e-01,3.965357886965545475e+00,2.426028392289591551e+00,4.548273225877035308e+00,4.034535865826199164e+00,4.346846237988007289e+00
7.960208744341930043e-01,3.601745831523618158e+00,3.393535912731987736e+00,3.926280258024615222e+00,2.897426950954218317e+00,7.359880904636639798e-01
4.135648065271308127e+00,1.699859430697813201e+00,4.598911013772023715e+00,2.644709272292435465e+00,4.943267541156673772e+00,7.237235707689964492e+00
1.066900035389124923e+00,4.367931047817297241e+00,5.809311649237560715e+00,2.023095672561325387e+00,1.427393536142279595e+00,1.844864361733782321e+00
2.304326127357216869e+00,2.814763751740759101e+00,7.723221326373799656e+00,3.284299330686756502e+00,3.092198638375042385e+00,5.025836271824136503e+00
3.465388862612138965e+00,1.149008228278430188e+00,7.841150390905274215e+00,2.969411659150485328e+00,3.224745778063814239e+00,4.665079188923290765e+00
1.882068966817457056e+00,3.235285030912745441e+00,5.707926481481915282e+00,2.459225735835986359e+00,5.094637424101787992e+00,4.760022150754561032e+00
2.509181347741625601e+00,2.648393328427637972e+00,6.394687546451618410e+00,3.686808807575266744e+00,4.437958742805389711e+00,3.762498456188416718e+00
2.873766800569975910e+00,2.964531172617102417e+00,9.098019545150147991e+00,2.986933487995515613e+00,3.652628791117098039e+00,6.737283404632060879e+00
3.190697023193384219e+00,2.555079090298096656e+00,4.518501665841041515e+00,2.676797624552242461e+00,2.360989738691108730e+00,4.111315660757552948e+00
0.000000000000000000e+00,0.000000000000000000e+00,0.000000000000000000e+00,0.000000000000000000e+00,0.000000000000000000e+00,0.000000000000000000e+00
2.281100131441095247e+00,3.025886225997598267e+00,4.369029573177161119e+00,2.105874906734073626e+00,1.943680871678519662e+00,4.308447805887261062e+00
1.770438409433680915e+00,1.569238040172210802e+00,6.118554860638779402e+00,3.925144245544301747e+00,5.744149746979125837e+00,5.108047031296004015e+00
1.621705062547581511e+00,2.397940020393403593e+00,7.398041434045030229e+00,1.634090668939081059e+00,4.200598370777978374e+00,4.580367369558868695e+00
1.398008332901073070e+00,1.967907520697524948e+00,7.618305495509380521e+00,8.970600896100542343e-01,3.418643019725050358e+00,5.408597080014071246e+00
2.892075490250916037e+00,2.037418802366891768e+00,6.460141881966911193e+00,3.043210731212945941e+00,4.776652327470866766e+00,6.889558328470394954e+00
2.626582161155297079e+00,2.267166321183867961e+00,6.854540183631220529e+00,2.859099501310774283e+00,3.557309064661703157e+00,2.719459654061145315e+00
1.711449010876687549e+00,1.740030128135511500e+00,7.032113307264761026e+00,3.498574134362950616e+00,7.123013598020987658e+00,8.601590553683026386e+00
3.061793721345627439e+00,1.879719339440442560e+00,5.787288197827504810e+00,2.647335585323769891e+00,5.322564683925376627e+00,3.131658466471183733e+00
2.483149111774188622e+00,3.328666507691607990e+00,5.084929107882244281e+00,1.800927239501432631e+00,4.714754398445374584e+00,3.513106036828378631e+00
2.357542346337316186e+00,1.124054635024133830e+00,7.623074462133926588e+00,1.311666839117583638e+00,5.658204431111166777e+00,6.020098816115628360e+00
1.384612404640175987e+00,1.419559951749110649e+00,6.071179925103673547e+00,3.088698724987914979e+00,3.961604004246833455e+00,3.114297095628824952e+00
3.035048209082633619e+00,3.426028821259407220e+00,3.864225046902003413e+00,5.107180459441945430e+00,2.366525852135484165e+00,6.202398802337305561e+00
0.000000000000000000e+00,0.000000000000000000e+00,0.000000000000000000e+00,0.000000000000000000e+00,0.000000000000000000e+00,0.000000000000000000e+00
1.766150104612850935e+00,4.489844071575671336e+00,4.682005087788420283e+00,5.295985158867255294e+00,1.285826967789336805e+00,6.488327234337581295e+00
0.000000000000000000e+00,0.000000000000000000e+00,0.000000000000000000e+00,0.000000000000000000e+00,0.000000000000000000e+00,0.000000000000000000e+00
2.537311741521253161e+00,2.688423819404571091e+00,3.332078514988347173e+00,5.847450496235643058e+00,1.979966260216983187e-01,2.600390765064814147e+00
1.216663402455917087e+00,5.743432852986691373e+00,3.973722050296453201e+00,5.420835998427573799e+00,2.709714392442472253e+00,5.301400143944379195e+00
3.032736111220916797e+00,2.273694107276183818e+00,2.897534397066052314e+00,7.651324896111745488e+00,8.699663540941751094e-01,4.497424956706339572e+00
0.000000000000000000e+00,0.000000000000000000e+00,0.000000000000000000e+00,0.000000000000000000e+00,0.000000000000000000e+00,0.000000000000000000e+00
3.146574726414086420e+00,3.785750573439461419e+00,3.473431337053179746e+00,4.952697859554991311e+00,7.992152580760025771e-01,3.538628657105795661e+00
0.000000000000000000e+00,0.000000000000000000e+00,0.000000000000000000e+00,0.000000000000000000e+00,0.000000000000000000e+00,0.000000000000000000e+00
9.880593972481488407e-01,3.666975283079741299e+00,7.381968245539067830e+00,3.101335727987788893e+00,1.233806232491219790e+00,3.358024806429936504e+00
5.789531267669105752e-01,2.236672287708253215e+00,7.009716046210628271e+00,4.095763055726261648e+00,4.528820244220684188e+00,5.686372185718086669e+00
1.452273582678698993e+00,1.756663506051939327e+00,5.334405820571898715e+00,4.041716008199002452e+00,4.987289143003684089e+00,4.062206694611014690e+00
