VR1,VR2,VR3,VR4,VR5,VR6
2.511126207604604588e+00,2.311867614987900943e+00,5.580904920838630545e+00,4.669772987576514822e+00,3.473068603448846048e+00,3.367084571555359673e+00
2.156732887104211738e+00,3.733917832343682353e+00,6.504679153166220473e+00,4.639710507789338578e+00,8.432735970587064145e-01,6.516186396748626208e+00
1.255583589777781617e+00,4.599602289425634538e+00,6.825055865019105994e+00,4.591863393610380761e+00,3.303722494624724781e+00,4.843263810939547831e+00
4.257456454939704926e+00,3.887461681493751264e+00,3.711460991302624635e+00,3.467780576125369052e+00,2.121086349182847108e+00,5.233813618875278628e+00
2.241412977233078418e+00,4.928177222145758485e+00,3.595690929044777384e+00,4.323866358216736039e+00,3.323091643304452614e+00,4.091334092359248054e+00
0.000000000000000000e+00,0.000000000000000000e+00,0.000000000000000000e+00,0.000000000000000000e+00,0.000000000000000000e+00,0.000000000000000000e+00
2.252343348538214940e+00,1.694389275380490778e+00,4.177860411700770271e+00,4.470389113622341704e+00,3.056656961441158060e+00,4.597205733048006948e+00
1.315693062898108501e+00,2.618317591085140172e+00,4.960585322784586637e+00,4.396062408094488561e+00,7.631595058606679416e-01,4.989148861588970085e+00
1.826027985302075107e+00,4.675531786650145349e+00,5.115815676496470843e+00,5.219619153036711978e+00,3.554892437181820242e+00,5.820163096826545868e+00
2.924647411654929030e+00,3.567050962426162819e+00,5.500583787944511194e+00,5.847704725797926884e+00,3.002773200764525807e+00,4.414949353939764620e+00
2.884247818516711526e+00,5.603285459612989072e+00,7.117701815381139774e+00,4.426138972243189862e+00,3.270360429375331890e+00,3.633366864228659399e+00
7.922952788935377910e-01,2.105204306021091654e+00,8.240934217685666141e+00,7.257420157472116884e+00,4.433822796817297629e+00,3.657886363714433209e+00
2.415364576686472198e+00,2.287441522934570592e+00,8.140104589649943989e+00,6.765954978460657188e+00,5.367611463476719358e+00,4.442238871830174851e+00
3.095835061485981310e+00,6.223106208434534103e+00,7.115508684656199456e+00,6.387098655830383720e+00,3.436366459393469963e+00,5.041285430670379597e+00
3.599273023731906829e+00,4.329942471307125729e+00,6.574738686966000500e+00,4.033924242922102721e+00,4.232888383227344065e+00,3.953872585160572939e+00
0.000000000000000000e+00,0.000000000000000000e+00,0.000000000000000000e+00,0.000000000000000000e+00,0.000000000000000000e+00,0.000000000000000000e+00
1.373081201207787538e+00,1.506140617016532124e+00,7.207696031184678276e+00,4.386766237755831632e+00,5.475685569275083431e+00,5.782366550723669008e+00
1.942131110503654279e+00,1.680022424701489214e+00,4.604546458623866911e+00,3.669516200100753966e+00,3.491215721890444712e+00,5.012733708314117465e+00
1.834992710813367900e+00,5.002602404682647830e+00,4.257931828647126160e+00,2.349036289608385175e+00,3.812807108863786709e+00,4.897379654504917745e+00
1.289803810401393580e+00,2.034306000980514284e+00,3.014283354886591049e+00,2.608251230882350225e+00,4.010936048200264281e+00,1.933368253076110044e+00
2.704182859829324048e+00,2.158089221657477186e+00,2.498942222554690673e+00,3.028896995217975618e+00,4.081655113804147916e+00,2.860353275373332949e+00
1.388651459550476419e+00,2.293525146886087107e+00,2.454330069312255169e+00,2.417114933949130240e+00,2.612640533259097175e+00,4.964816055552726759e+00
0.000000000000000000e+00,0.000000000000000000e+00,0.000000000000000000e+00,0.000000000000000000e+00,0.000000000000000000e+00,0.000000000000000000e+00
7.192186201778019150e-01,1.298653097605773077e+00,4.524400874512219950e+00,2.533802307581319191e+00,4.211444751483283788e+00,4.878606197937574329e+00
4.107768304988933750e+00,2.916457172857811919e+00,2.373769269995620768e+00,2.264899234434212705e+00,3.698896282210255126e+00,2.740619443195440041e+00
0.000000000000000000e+00,0.000000000000000000e+00,0.000000000000000000e+00,0.000000000000000000e+00,0.000000000000000000e+00,0.000000000000000000e+00
2.579818170742194994e+00,3.288910366048773515e+00,2.762331844162849936e+00,1.388445908059982248e+00,3.423175660249178076e+00,3.659176828831493200e+00
2.053008616410078702e+00,1.704668161532569837e+00,6.034277733972462698e+00,3.835584826493728894e+00,4.874304578415219247e+00,3.631064289376547016e+00
1.266338075214429759e+00,3.170855271370273343e+00,7.252911853261309716e+00,5.943400372296412826e+00,3.985720801731155394e+00,6.206465424832667388e+00
4.177897539002016103e+00,2.152337056772538837e+00,7.194069600651160634e+00,6.007806809079968779e+00,3.417012341950382837e+00,3.519562547217526038e+00
5.524550907160019619e-02,2.439294215879674876e+00,6.577886932586593183e+00,6.754508675381353022e+00,5.703901460897356834e+00,6.195008774598024459e+00
2.140974850662230367e+00,3.590387297191936611e+00,3.475178961085642726e+00,5.690856075055759078e+00,3.918678265030969499e+00,5.281097696855042045e+00
2.457608943607041851e+00,5.332239447785019237e+00,5.628619020172866527e+00,6.837300885300034992e+00,2.883515750989068316e+00,3.207127517475580447e+00
2.755191099762671847e+00,4.284792775684017840e+00,4.671389877685416359e+00,5.519545868877614225e+00,3.368474957111864398e+00,3.611788573454577822e+00
0.000000000000000000e+00,0.000000000000000000e+00,0.000000000000000000e+00,0.000000000000000000e+00,0.000000000000000000e+00,0.000000000000000000e+00
0.000000000000000000e+00,0.000000000000000000e+00,0.000000000000000000e+00,0.000000000000000000e+00,0.000000000000000000e+00,0.000000000000000000e+00
2.358718196706910852e+00,1.949372813113826819e+00,2.660381226655744946e+00,1.572925716382672423e+00,4.989679184722153771e+00,3.441006022307203427e+00
8.661008430439214312e-01,2.417653782345181135e+00,4.754322042011715155e+00,2.223171559904764116e+00,6.522309023937159722e+00,4.287430445011915836e+00
3.581332185407015700e+00,1.869640448882349482e+00,5.807180230968548074e+00,4.371803061092574438e+00,5.291789992644936547e+00,3.621474396771045434e+00
2.708691287144118665e+00,4.833683608040773905e+00,5.877670083290263747e+00,3.649219929259196249e+00,3.746114357725786270e+00,4.649716227867962459e+00
1.739822860040928010e+00,2.981429619966640132e+00,6.837074570453350653e+00,5.991381781342090207e+00,3.538180154206046701e+00,2.321924736131315559e+00
3.658364827595714353e+00,4.786603738807254871e+00,7.535912122300794991e+00,5.319123929274913287e+00,3.070737146401732343e+00,5.903715932799348032e+00
3.086706704195504969e+00,4.207890582914737720e+00,6.002171523498174288e+00,4.682504109643550017e+00,6.944111185315025025e-01,4.002059680847219525e+00
2.346118114399179611e+00,1.887640509863180993e+00,4.232742744484012221e+00,4.976870476233502316e+00,3.581344007851224198e+00,5.522140941938413761e+00
4.612811840522346607e+00,1.518701847221644252e+00,5.326402825642366778e+00,6.939413466872875524e+00,1.126573181175836602e+00,5.200230612284342691e+00
5.063561430486997139e+00,3.062775281423887996e+00,2.608613223860168695e+00,5.275691370468280184e+00,1.363231391197790465e+00,5.181725872011583967e+00
3.752045261034207879e+00,2.105677117122336739e+00,3.469991666055406654e+00,2.404637315425270039e+00,3.402316315044402906e+00,5.587765703517659333e+00
1.873529210211055451e+00,3.989793514798622098e+00,6.938589429714069112e+00,6.272007036783791456e+00,2.371197014576926776e+00,3.361745004265597636e+00
0.000000000000000000e+00,0.000000000000000000e+00,0.000000000000000000e+00,0.000000000000000000e+00,0.000000000000000000e+00,0.000000000000000000e+00
2.101405452014175612e+00,2.703099053784758787e+00,3.499272020724151666e+00,4.372638115429123395e+00,1.899173819215544956e+00,4.879001946077611507e+00
1.791224961452339004e+00,1.420071412358833163e+00,5.886298000205520964e+00,5.361409864988718965e+00,1.951488010755980218e+00,4.845109347858013393e+00
2.964083964129951454e+00,2.688607366399895948e+00,7.108587469705404338e+00,3.438141146421004546e+00,3.459913717019389878e+00,5.733408283310136078e+00
2.213879731170922405e-01,2.827357066365253413e+00,7.478912814615583216e+00,4.991605950004957215e+00,4.822228389832147855e+00,4.071038678724476334e+00
0.000000000000000000e+00,0.000000000000000000e+00,0.000000000000000000e+00,0.000000000000000000e+00,0.000000000000000000e+00,0.000000000000000000e+00
2.327807461658339960e+00,2.568597146137008291e+00,4.659024484480836392e+00,2.570959363399721198e+00,3.587393836178590867e+00,6.293575263961789901e+00
8.724872624410247024e-01,8.564110260658215346e-01,3.322951709518625840e+00,2.275016178516839016e+00,5.520545598079170446e+00,3.963783150987668424e+00
1.335009976744762072e+00,1.142745199933293820e+00,7.073446908464713800e+00,4.650361102214287001e+00,7.057288449341954539e+00,4.514590548448325968e+00
0.000000000000000000e+00,0.000000000000000000e+00,0.000000000000000000e+00,0.000000000000000000e+00,0.000000000000000000e+00,0.000000000000000000e+00
1.324362840992214796e+00,1.935491675888032725e+00,4.711443790479749261e+00,4.547588388925127845e+00,4.916941461012008574e+00,4.479698101481775829e+00
3.674659090832396391e+00,3.518456273996967365e+00,5.251714090533222468e+00,5.561306498978793478e+00,3.508721382694046209e+00,4.328717995437413535e+00
1.674115040813311417e+00,1.051571640248944783e+00,3.703054479238134356e+00,5.192798224799968665e+00,3.113321865082567808e+00,3.495229637959173186e+00
6.639945606597299488e-01,3.122496779100750963e+00,3.901228249552007643e+00,5.522935089415094367e+00,1.515177894962653316e+00,3.739825374126046320e+00
3.706658713784337422e+00,3.431648110055404821e+00,3.695811889000538031e+00,2.769962071167787698e+00,2.472759436183605608e+00,3.085481952268777750e+00
1.277060031424906983e+00,1.648506488153608451e+00,2.542088706435489343e+00,2.421769628685573217e+00,3.796861100622001217e+00,4.037277254257244152e+00
3.842734335752415298e+00,3.940636962732880999e+00,3.895833535597281738e+00,2.695596982243558593e+00,3.974500722525906138e+00,3.871306559633452160e+00
3.568204580296130857e+00,2.377671610598348639e+00,3.686980254966635506e+00,3.142670312026553336e+00,3.677158941543821946e+00,2.366875391987877997e+00
4.303794729399823105e+00,4.544750182497910629e+00,2.956444355221442333e+00,2.161501485708872128e+00,1.159213273233606678e+00,2.857472439617413151e+00
2.192983258372049882e-01,5.353826059875417265e-01,3.008226952561894318e+00,1.300765697871177906e-01,3.231976942322130508e+00,3.335562971246367248e+00
2.634525453649663174e+00,2.158547838828634546e+00,1.187472256397734682e+00,9.594717003566604063e-01,2.037860743547420306e+00,3.672224011101321572e+00
1.615190992156310568e+00,1.574454795844985266e+00,4.298133333461154670e+00,8.441049550486487973e-01,3.516187636225367452e+00,4.093761396092101990e+00
8.785666081684517792e-03,1.661846160531240457e+00,3.671141375100879234e+00,2.110097747663287837e+00,4.676342563683272502e+00,4.419082396233855903e+00
4.906544979809085660e+00,3.378574177708772108e+00,5.115504641533336283e+00,1.160444404246699257e+00,3.128545443956384453e+00,4.411539027280985792e+00
3.371359734088113846e+00,1.288697104738377508e+00,4.405187382060090862e+00,2.709468553617819353e+00,2.689669558586410325e+00,3.468493051194855070e+00
1.506412913482872984e+00,3.074692148606905207e+00,3.516823471226850906e+00,2.228437694535100988e+00,2.720194760329911698e+00,3.311284656223091094e+00
2.400914135338111155e+00,1.716071145480759785e+00,2.841884691991233058e+00,1.830115475828635763e+00,3.067913805951007156e+00,6.929136116594044381e+00
3.914393403060278054e+00,2.119590316009527520e+00,5.461810689923705553e+00,1.550212103577935707e+00,3.443253329319644784e+00,5.763987214405675630e+00
2.731702695021515304e+00,1.417307921527300563e+00,7.253553794596664162e+00,4.663081166293207680e+00,2.570152453583816943e+00,2.407560119408127086e+00
2.420400515487054705e+00,3.627907078649483807e+00,6.627930687410168886e+00,5.972773996350976944e+00,2.636865541510251987e+00,6.913900928728343054e+00
3.399541316499544941e+00,3.767985928969372011e+00,6.548047184645920282e+00,5.380305457288168114e+00,3.342041281264306551e+00,6.671724045842963413e+00
1.020727298376488124e+00,3.979652383826242978e+00,6.610638051524115433e+00,5.934445988674130312e+00,4.793261338891826817e+00,5.050241474597205737e+00
2.982455233675883832e+00,3.134511948427170847e+00,3.998564032029283233e+00,3.362062227730264752e+00,2.873062026929545265e+00,1.976778715271740872e+00
0.000000000000000000e+00,0.000000000000000000e+00,0.000000000000000000e+00,0.000000000000000000e+00,0.000000000000000000e+00,0.000000000000000000e+00
1.089398616683216137e+00,3.945982664057819722e+00,7.901521546413397878e+00,6.428211406704732234e+00,4.370465135832199088e+00,4.943236600319135476e+00
1.856216282828956121e+00,3.250400826494643347e+00,6.023423459941669833e+00,6.077417171839366361e+00,3.950903916850423414e+00,3.215010940671525042e+00
1.845548893741896901e+00,3.454219281921272255e+00,4.931273554299079542e+00,6.087747609903931156e+00,4.877013483599935029e+00,4.067533245149572707e+00
5.285734891597213547e-01,3.534354460327837621e+00,2.897603683623652948e+00,1.825748918285018618e+00,2.614217353126810917e+00,3.208959336145340568e+00
1.331213624057395739e+00,3.037047666083994457e+00,5.795463457635266380e+00,4.632172104130750867e+00,5.467404339243071121e+00,3.102768100182013100e+00
4.766075082114222816e-01,2.977513340005891074e+00,4.817962204252672187e+00,4.116653620519599599e+00,2.641596223846038871e+00,4.047370680582923264e+00
2.217025524544554926e+00,1.558785313124901428e+00,3.944306585648099883e+00,5.724214897133286684e+00,2.881452089510395886e+00,3.350941059028086144e+00
1.069970313878046753e+00,2.124224281861843977e+00,1.588186433402218434e+00,3.967182762049814571e+00,3.597007487775201628e+00,3.943250405605263520e+00
2.723245109139817988e+00,2.036119758460651408e+00,3.217812139563129392e+00,1.258016353978724577e+00,3.777595518464076818e+00,5.299606934551183812e+00
1.905287650421635615e+00,1.718596415770537122e+00,4.128701760584515768e+00,2.423120787321423553e+00,3.619353131357039288e+00,2.982418216668770938e+00
2.937070308485907333e+00,3.721303029536334073e+00,6.672636427883231747e+00,4.102613592527546871e+00,2.389563635276064080e+00,3.392388593745137459e+00
2.844056862018974119e+00,4.622022966144129441e+00,5.716135824664289267e+00,3.524347017673963300e+00,3.334126455321924087e+00,4.638726708401812004e+00
4.653077789542471976e+00,1.946487881496755001e+00,6.365094321269996414e+00,3.729020890476069550e+00,4.427773627017420388e+00,4.006493607860321049e+00
9.315212774156056419e-01,1.165405551528355232e+00,6.446496789699744490e+00,5.676743839445721918e+00,5.309007468392056062e+00,4.716647086345057360e+00
2.489805907325918000e+00,3.626907439962446134e+00,6.940169160864193998e+00,6.112884047761994566e+00,5.616018860476723162e+00,3.599276893729777882e+00
4.356070981194291925e+00,3.686911161772670642e+00,4.730865537582631397e+00,2.733541329420754451e+00,2.643757320519576126e+00,3.649329052173599930e+00
4.331338660906183691e+00,4.102414960360766472e+00,5.433260802744512397e+00,3.347234346052269327e+00,4.491878048481455110e+00,4.429546906108837057e+00
1.449329880547000959e+00,3.079273062869483990e+00,4.747135782527397652e+00,4.788560279032789246e+00,3.323052821480690255e+00,2.236876979368721763e+00
4.021276974882936450e+00,2.314794771504572246e+00,5.754997941299333952e+00,6.907262891401217075e+00,3.195732956530019209e+00,3.247920806905454150e+00
2.390570435124607318e+00,4.344729042378817851e+00,4.510854224171103155e+00,6.515435388820063345e+00,2.466277077006122198e+00,3.250642067882862030e+00
2.396970498874802846e+00,6.503785130069912768e+00,4.456776521721153017e+00,5.171553504607540930e+00,5.250763026353397755e-01,4.334793188047550316e+00
1.144868306106491485e+00,4.911110889653063971e+00,1.944780353121331906e+00,1.646251596430773123e+00,1.488325333476359091e+00,5.172631883662065277e+00
2.094193660236446597e+00,2.686859711944639795e+00,4.497557648926401086e+00,2.737678367252997624e+00,4.990269781475119792e+00,3.660830674911447868e+00
1.083692481727932977e+00,3.955685166864915114e+00,3.740072665875097790e+00,4.092830645384002430e+00,3.321671971596972028e+00,4.894745669861603865e+00
1.406448789110741560e+00,4.308217965208235078e+00,3.754619148446190380e+00,2.519196267508304388e+00,1.938772261270287345e+00,2.115287665323883015e+00
9.062715902176483596e-01,2.192297240368869637e+00,4.244166546091142855e+00,6.516862492783014105e+00,4.661379048814420223e+00,2.750490789777084277e+00
1.665577533587089487e+00,4.241583600056279657e+00,6.099055200345826933e+00,5.637362924043063828e+00,5.117886230478573495e+00,4.855537131789002814e+00
2.128821547448643159e+00,4.189331274538064420e+00,6.539070671278008895e+00,4.778568397925742062e+00,4.680424760762449843e+00,3.373685443007392593e+00
2.298100826080372805e+00,1.900744728061107391e+00,6.456066173000468922e+00,3.512565392803390196e+00,3.264023958684441951e+00,2.729114844496184134e+00
2.757324258564987751e+00,2.564720702556755327e+00,5.157357086057196227e+00,2.969908931723870715e+00,2.889244186872780507e+00,3.921639998253512616e+00
2.212136644231613936e+00,2.551818303939856314e+00,6.724235216500316525e+00,5.239000904265457947e+00,2.387294670621171733e+00,3.574176420205170679e+00
2.567333516489853196e+00,5.735612961707680313e+00,5.497874701274964693e+00,5.719126897554207112e+00,1.446897736080883234e+00,5.682735795799819911e+00
0.000000000000000000e+00,0.000000000000000000e+00,0.000000000000000000e+00,0.000000000000000000e+00,0.000000000000000000e+00,0.000000000000000000e+00
3.321559420723086298e+00,4.524089342588771601e+00,5.334432054320368266e+00,6.061699534611489248e+00,1.892579555171353345e+00,6.194428985366371876e+00
1.999151228635067667e+00,3.595136284821637496e+00,6.233000208370892636e+00,5.479404103910521684e+00,2.897812812800255156e+00,6.443154733958547098e+00
4.041681539077556451e+00,7.972289387526672044e-01,6.506006797241951745e+00,4.279436158087960962e+00,3.597354646182360671e+00,4.764648450217178421e+00
5.778316395684752749e-01,2.147316357764740058e+00,7.038368594270618672e+00,6.935713845723694426e+00,3.624543585657308498e+00,5.420528310862689381e+00
6.392710657546136765e-01,1.738574096716676731e+00,4.989966882271075654e+00,6.078666051932192893e+00,4.235325531685121270e+00,4.283327706255319001e+00
2.618562199672098689e+00,2.520807897160999733e+00,7.145137850357434317e+00,6.576411318623796909e+00,4.037825273321204556e+00,3.854709761876065510e+00
2.550036015247124421e+00,2.256175540075320285e+00,5.860107125854828958e+00,4.263855423589149041e+00,2.702967687603714531e+00,5.018478004595452013e+00
2.451083847179217123e+00,3.209962604629731597e+00,6.267692793739819024e+00,5.176872162071044059e+00,5.787643217216748681e+00,6.904333129749115727e+00
4.199363526156352222e+00,3.128129155682001894e+00,5.646782851935182812e+00,6.178922015772238652e+00,3.074420699248545219e+00,2.482729840730946602e+00
2.503269545013661723e+00,4.579009237230414975e+00,4.357097129756367870e+00,5.062503162041108062e+00,1.782091621395930137e+00,4.753413775317554268e+00
2.745059256544370996e+00,2.662296727360015769e+00,5.445704553740263520e+00,4.760884933052057733e+00,3.839960767157801769e-01,4.589950045456841821e+00
1.361869488926667149e+00,3.355906031195794448e+00,7.790382461046904794e+00,6.640510522373377356e+00,2.862388288731780861e+00,5.818878186743022596e+00
4.151926123056718154e+00,5.681473882095526839e+00,5.392062453351193163e+00,5.955806840749104936e+00,1.274965473369035429e+00,4.476972335809770165e+00
2.432200108162641428e+00,2.973140060419418695e+00,2.648059452615952214e+00,3.306273656343606593e+00,2.034241073136527689e+00,3.470255249391386521e+00
1.984465639982377239e+00,4.663016963021550332e+00,4.339058698724829632e+00,6.044547446572765992e+00,3.095032805767868656e+00,2.286218771192035426e+00
1.538207877337671281e+00,3.074909574534475443e+00,5.113104107944110410e+00,2.952338925398310110e+00,2.567582359640929290e+00,2.431978028417039361e+00
3.131265326674352867e+00,3.646835040150159024e+00,6.575696282374552837e+00,1.822428296665641767e+00,1.586858853332531405e+00,4.455076132195361360e+00
0.000000000000000000e+00,0.000000000000000000e+00,0.000000000000000000e+00,0.000000000000000000e+00,0.000000000000000000e+00,0.000000000000000000e+00
1.694524383373847920e+00,9.197874252940869688e-01,6.487975299939345852e+00,2.946647709938041260e+00,4.957131486072788640e+00,4.271593351566213670e+00
0.000000000000000000e+00,0.000000000000000000e+00,0.000000000000000000e+00,0.000000000000000000e+00,0.000000000000000000e+00,0.000000000000000000e+00
9.989383563743390315e-01,4.452554199761827647e+00,8.220256493489209504e+00,6.209324808431908593e+00,4.278229360874481912e+00,6.122299548610800279e+00
4.001423595520778420e+00,3.083984580010906473e+00,6.911976779370793800e+00,7.962735578208476106e+00,2.434613677306530999e+00,4.094112515253264029e+00
2.623493793428230525e+00,4.167111089368398247e+00,3.215316448636631019e+00,2.406588009464424527e+00,2.400294277636170648e+00,3.657499695277716345e+00
2.863837214445819512e+00,3.277114222159968282e+00,2.948066175786047793e+00,3.008875936628699233e+00,2.295620688612637128e+00,3.316048920186339011e+00
2.415318462500264829e+00,8.395399010015931474e-01,3.072974299744129834e+00,3.811586476158629111e+00,4.651482671100716004e+00,5.166217313691519486e+00
4.495503184337442448e+00,3.348655606634116211e+00,6.311684358051127930e+00,3.332594495639324528e+00,2.537785633610953884e+00,5.029408491284804938e+00
1.346717154728006571e+00,3.571814960484939849e+00,6.734600823209819787e+00,5.010715795101338799e+00,2.490146253179870151e+00,5.590890656362312860e+00
2.433829814044270012e+00,3.207062851032275397e+00,5.879577120609729590e+00,4.991111187406706229e+00,3.656473077588889620e+00,4.474890056763706880e+00
2.380074517025750680e+00,3.446181443545962342e+00,8.297630559555765117e+00,5.713329450715316504e+00,3.101251504375380108e+00,4.852050772750255092e+00
7.318231588089154638e-01,4.102076509581678465e+00,8.650483844424066149e+00,7.756239636789462821e+00,5.778889457144170905e+00,6.123907415340349658e+00
2.387571705036374947e+00,2.653042270494675670e+00,4.442040026532637853e+00,8.158797516188940335e+00,3.249488185688067965e+00,2.551665287297216089e+00
2.761434460743731556e+00,4.477152981905945239e+00,6.697130552792094349e+00,6.219379322752998540e+00,2.022108602006969846e+00,3.959635556307063542e+00
3.724170224690317443e+00,4.465396922121148471e+00,6.609843553128936122e+00,5.223689885868646243e+00,8.040644422753961962e-01,3.435850059177570248e+00
3.682381408025666936e+00,2.984264246583450575e+00,6.408321046712355695e+00,5.653994913218107321e+00,2.458754449099055606e+00,5.616375883554777459e+00
2.426441065984513035e+00,3.520440764740320194e+00,6.892937453508174883e+00,5.694983059339191023e+00,2.897501948027540575e+00,3.925774605046604471e+00
