VR1,VR2,VR3,VR4,VR5,VR6
1.187243612656479153e+00,2.124552788424311167e+00,5.152496374519137667e+00,2.167186047758877354e+00,3.380867162770933465e+00,4.794170656798948826e+00
2.353508209039376631e-01,3.010234703820002355e+00,4.289612031887045873e+00,4.221301723725636279e+00,2.882425518238781237e+00,3.269476058318502965e+00
1.848789539679061900e+00,3.361256098709755502e+00,3.346206493055458697e+00,2.894569870438963299e+00,4.156956733315403163e+00,2.032778683391516239e+00
2.399128452970332948e+00,3.575577386148972359e+00,5.654779616445335222e+00,4.156867743084760924e+00,3.939131455987415098e+00,5.045256578230903344e+00
1.030880529168763937e+00,5.324698681519313581e+00,5.197833456956137965e+00,4.477513218419010954e+00,4.052412941430653781e+00,3.700457673756708310e+00
1.900110799761439040e+00,2.501698036475122677e+00,5.003711405186329841e+00,3.066980742348151878e+00,6.850388402593052817e-01,3.215523677425444760e+00
2.850458704826846379e+00,2.256077102432128889e+00,8.008973179132457432e+00,4.239128027052688097e+00,2.571758919814071120e+00,4.937007676513220922e+00
2.410571706943329229e+00,3.118447852312339563e+00,6.706423931025589091e+00,5.326737212403759969e+00,2.782892171277477900e+00,7.026830432304382867e+00
1.576067549710379101e+00,2.496703663141074614e+00,7.374521321488806791e+00,2.885956123283094144e+00,1.989955595374782948e+00,4.720794767191904384e+00
3.952514043296811774e+00,3.396911115168497641e+00,6.822515053230603144e+00,3.694929995988381233e+00,2.825124272138015868e+00,4.803528532600979339e+00
3.738973367188622721e+00,4.991738074579680884e+00,8.807162236273084588e+00,5.328978099390985435e+00,4.037574802780873995e+00,2.142851791175094167e+00
6.523825012921220079e+00,4.394514304717413111e+00,8.395540518150294673e+00,3.808095444951925757e+00,2.498511309486264320e+00,2.757601206435183361e+00
4.823902139775142928e+00,2.742230650215911503e+00,6.260362991826555756e+00,4.666873519615844401e+00,2.315500279006529993e+00,6.216682420055791525e+00
1.549862667002201100e+00,4.606022486893134982e+00,5.536211219887719359e+00,3.575167326496733189e+00,3.440554769025855553e+00,3.913492837147840575e+00
0.000000000000000000e+00,0.000000000000000000e+00,0.000000000000000000e+00,0.000000000000000000e+00,0.000000000000000000e+00,0.000000000000000000e+00
3.977906125239405455e-02,2.901662180096180599e+00,8.700944483428937559e+00,4.240943861545469318e+00,2.895002139119069895e+00,4.067186565754257188e+00
1.172759645253858674e+00,2.050825344886357815e+00,7.412597161094035769e+00,5.131352868429499559e+00,4.718734143240496337e+00,3.769849467927675501e+00
9.384032333664478198e-01,2.936157451856489686e+00,7.615686965105380679e+00,5.213610997487720056e+00,3.591402387102889726e+00,5.561781276914365080e+00
2.180048311167441355e+00,4.094859256472273223e+00,5.396557983360706245e+00,2.984590841444442422e+00,3.116894734192253935e+00,2.580360395051294109e+00
2.258788674014045039e+00,3.519897373922292960e+00,6.622351894731155042e+00,2.165947626298661888e+00,2.730223911608654408e+00,5.110101506574324048e+00
3.270018744486044238e+00,3.096454849611970150e+00,6.176624073388868652e+00,2.941653803628878627e+00,1.339916340786289739e+00,4.480378667045935792e+00
4.117139146831574337e+00,3.004830940286785879e+00,4.464546574138759993e+00,4.637437778094547269e+00,5.010446679150518001e+00,2.204593546114898217e+00
2.294470947819174711e+00,7.113014189815438648e-01,1.791123699038949635e+00,2.095753778468258055e+00,1.842908240583320367e+00,3.018014943535463956e+00
2.397086712485907434e+00,2.979781700732749172e+00,1.686951819094645089e+00,4.443643370282818417e+00,4.908649170553474050e+00,2.577901699024264914e+00
2.928563427290240995e+00,2.946737026307791218e+00,5.498339471459717132e+00,3.195685408668501370e+00,2.401522264332055734e+00,2.911849613998492181e+00
4.665501315459346543e+00,2.269470227310005139e+00,8.428366693828179379e+00,4.204960973705218485e+00,2.235934056281188020e+00,4.228410131921974902e+00
2.664239380445911909e+00,4.421091832174482761e+00,6.386267790836301472e+00,7.975146632083811582e-01,1.998211180986088742e+00,1.473392229571281131e+00
4.255016042732833625e+00,6.351446640945551891e+00,6.409613657192394065e+00,4.673279358042499609e+00,1.649622664941577277e+00,2.731453765728544703e+00
2.444096509095233571e+00,7.890781357593240841e+00,6.773470713283328948e+00,2.341911582083942012e+00,1.287153982784337902e+00,1.444196798750223110e+00
4.935201233596890447e+00,7.887543774151383857e+00,7.808272811212829012e+00,4.539919854875769545e+00,1.782319737690068351e+00,3.720798659031298250e+00
4.428568171632571548e+00,6.080156142398260855e+00,6.848128793922535706e+00,5.298538951381768669e+00,4.384386294712264487e+00,2.435768461933684570e+00
0.000000000000000000e+00,0.000000000000000000e+00,0.000000000000000000e+00,0.000000000000000000e+00,0.000000000000000000e+00,0.000000000000000000e+00
1.756290692957275024e+00,5.834449346270369929e+00,2.584134935694932800e+00,5.209629394533061841e-01,2.030078451562139286e+00,4.558450251546601883e+00
5.661607090125643005e+00,7.745056554297994111e+00,3.735627919775312833e+00,3.573462648968985356e+00,2.778474480473414943e+00,4.457538552146953492e+00
5.505946852998146568e+00,6.565943336525911889e+00,4.338859283783250476e+00,2.571459807679656429e+00,4.682992765928656098e+00,3.491114210016440733e+00
6.202754695432096455e+00,5.957422961042260212e+00,4.645445840463140463e+00,3.860255629840393610e+00,1.310446773567945922e+00,2.789245167185896879e+00
4.636256321659853796e+00,6.577678366795954190e+00,7.006890811797026331e+00,4.793814083125292669e+00,3.782208015778203425e+00,3.607315136166054259e+00
4.991622574441043625e+00,5.011670102083828127e+00,2.371871736928270025e+00,3.100123680460113995e+00,9.787660133970916831e-01,1.882128701026890116e+00
4.172756664389576819e+00,5.019148658183351763e+00,4.885216089354491587e+00,6.350395928525196965e+00,5.652226795749712096e+00,5.102482378102649818e+00
3.367987706203974696e+00,4.663041343857162957e+00,2.209288619553374744e+00,4.968335954407088195e+00,2.503591570600987026e+00,4.636117456549922800e+00
3.175261401006193474e+00,3.325631278243111666e+00,2.289523375622915857e+00,2.856694323187292106e+00,8.654943633782705703e-01,3.313967854227613863e+00
0.000000000000000000e+00,0.000000000000000000e+00,0.000000000000000000e+00,0.000000000000000000e+00,0.000000000000000000e+00,0.000000000000000000e+00
3.719363144232531226e+00,2.314046698916865097e+00,6.447693158737362040e-01,5.085299449330036303e+00,2.726547021563738848e+00,5.218481435520139655e+00
4.467895849318745505e+00,2.837884206709304635e+00,2.988096066295836017e+00,1.689295339797147300e+00,1.348961511626726617e+00,4.009234257210566810e+00
4.510906901743046760e+00,3.514630287127296970e+00,5.186956688693184603e+00,5.403074082315673543e+00,3.792927186119197547e+00,3.793120759116416885e+00
3.914097740525035007e+00,3.852854363339117683e+00,5.187699112078445474e+00,3.666150215164861503e+00,3.053072516140374226e+00,5.156014514918806135e+00
3.782482743334368180e+00,4.184254550336598655e+00,6.206349561240408264e+00,4.738157209041627738e+00,4.265007283699581819e+00,2.059889683262464022e+00
2.676527701990888186e+00,3.551972405939423094e+00,9.039131909653697505e+00,6.998752268252225406e+00,3.890777664854356388e+00,6.254881887413981545e+00
9.636017762886432969e-01,1.537543143737579499e+00,8.084558468268976839e+00,2.678593218722082447e+00,6.714068925674028243e-01,5.592424379675311030e+00
1.216507210822849849e+00,6.721058893840496928e-01,8.546748031418232472e+00,4.873187356190406661e+00,3.096998457345710776e+00,5.342002502962647448e+00
2.396801266734919000e+00,8.879733536727680843e-01,7.736316521021628034e+00,3.842029390883337392e+00,3.006954960584565573e+00,5.820853684957424612e+00
2.665324883125044231e-01,1.446883105802812430e+00,3.172815901638698310e+00,4.864588677153567353e+00,3.049009312805611494e+00,5.754979518866967680e+00
0.000000000000000000e+00,0.000000000000000000e+00,0.000000000000000000e+00,0.000000000000000000e+00,0.000000000000000000e+00,0.000000000000000000e+00
6.073683601402239951e-01,5.442206830204453283e+00,1.589919850510406185e+00,3.134805668756161623e+00,1.605288622371430884e+00,5.524132297047684048e+00
2.905121292886951423e+00,4.606646795797590954e+00,3.893038673710420561e+00,5.573213370452963389e+00,2.530737421838805457e+00,4.752980594665823233e+00
2.868547883492528872e+00,6.349332950303463008e+00,2.475331728278878263e+00,4.742246256864119935e+00,3.630971399584837833e+00,4.119641465981941586e+00
1.819548348549676842e+00,4.616201372170729123e+00,4.273534732332109343e-01,2.421265504485132336e+00,1.632079694329054309e+00,2.911482307525449009e+00
2.188245051922386608e+00,4.524188925243287862e+00,2.619418119443192694e+00,4.850942762279955467e+00,3.748020145184969287e+00,4.533942473887607072e+00
0.000000000000000000e+00,0.000000000000000000e+00,0.000000000000000000e+00,0.000000000000000000e+00,0.000000000000000000e+00,0.000000000000000000e+00
0.000000000000000000e+00,0.000000000000000000e+00,0.000000000000000000e+00,0.000000000000000000e+00,0.000000000000000000e+00,0.000000000000000000e+00
9.082466417757699695e-01,2.062276999918837284e-01,1.947960242714049883e+00,4.481909489092688936e+00,4.897526856847811416e+00,5.265034540303207500e+00
2.197234946808030998e+00,7.025141264529999319e-01,3.503689151350629416e+00,3.167141431649416639e+00,1.645363125646553293e+00,4.050826595512351247e+00
2.651267778680341802e+00,3.372797689891548600e+00,3.351191868956765241e+00,5.780677204234356381e+00,3.958555163766036777e+00,6.007421226780126133e+00
4.068836669255142979e+00,2.733954477676911576e+00,4.684311071127585713e+00,4.705696143005638987e+00,3.409791276854932995e+00,2.984797020454196037e+00
4.711660715146396505e+00,1.430091643229873588e+00,6.180815469449288280e+00,4.189234980873925984e+00,3.225316187460038453e+00,3.631312675120961675e+00
4.553331280457646457e+00,2.867955381898938505e+00,6.652440991008084836e+00,3.684205187536695014e+00,3.361643265523945434e+00,4.955543549581749474e+00
3.616451271854409732e+00,4.526797673147298084e+00,6.362287906098016421e+00,5.645690538268525849e+00,2.900893910807398335e+00,5.723669304923960865e+00
1.016454910590430583e+00,2.410408664271778800e+00,3.064824257289103571e+00,3.528944853127864434e+00,2.589381468702275590e+00,2.293763411423692666e+00
7.961686687874869328e-01,1.072059867669547861e+00,8.476903549722285547e-01,4.793614168455929914e+00,2.988903970196860715e+00,5.883563960223792577e+00
1.153344193126865536e+00,1.857546723303194813e+00,1.193828723240462963e+00,5.442017495105035962e+00,3.225579578604650610e+00,5.406003382226792553e+00
3.261420754315691006e+00,2.169163007103369623e+00,3.321091532881836450e+00,4.169454956996856865e+00,4.144077899259738018e+00,5.181847962767257343e+00
4.611045695580612502e+00,1.020477619480656184e+00,2.627901015110462701e+00,3.109338297369519832e+00,2.154074785003815773e+00,3.896372270038969798e+00
3.851973339739587665e+00,4.295728711669819511e+00,2.830973991063871154e+00,3.118269802863293361e+00,5.021919746661642314e+00,6.832010980711176629e+00
5.080696085795548100e+00,4.564307259771882563e+00,4.433120295882580386e+00,3.204344941606333208e+00,2.815533117891384496e+00,2.697513815470027332e+00
0.000000000000000000e+00,0.000000000000000000e+00,0.000000000000000000e+00,0.000000000000000000e+00,0.000000000000000000e+00,0.000000000000000000e+00
