VR1,VR2,VR3,VR4,VR5,VR6
2.009931750649637472e+00,2.156892983703768696e+00,5.306331059918440118e+00,8.261580753068081151e+00,2.137765732395948248e+00,3.864022124573085915e+00
1.070206831667257497e-01,3.799516779280295520e+00,3.215282622179844285e+00,2.504075116719221228e+00,2.431939549674888568e+00,2.632754447658777863e+00
5.587049830806449791e+00,3.820051091780285901e+00,6.983704303164898874e+00,6.074813109950172318e+00,3.230353324220259559e+00,5.417353161035769027e+00
3.803519268004273091e+00,3.326196971649320488e+00,5.345819898829186734e+00,3.620418763904636350e+00,3.791829482060909751e+00,3.203911274747841098e+00
4.744773447322902626e+00,4.898047755760990718e+00,3.923624878963245521e+00,5.024284195597381597e+00,3.632513427389901572e+00,4.693386173566319819e+00
2.298055661631328128e+00,3.571199650907011858e+00,3.234421398742895803e+00,3.387386905557937311e+00,3.821126211263793593e+00,1.982389058036248652e+00
2.915981491805496262e+00,1.120404093068385398e+00,3.658004731099067985e+00,3.901244095259130518e+00,4.759412282449368092e+00,2.524033935429584652e+00
3.251580072497159968e+00,2.493303963295458558e+00,7.357494113958821913e+00,4.674407792793812355e+00,4.065929039075454554e+00,3.960073909376914170e+00
1.423921728315841406e+00,2.798408536685274228e+00,3.552502091656110750e+00,4.161869917645562467e+00,1.657270229146471374e+00,2.625496621522343865e+00
4.038729285747974629e+00,4.377751807285378050e+00,4.951084837507798930e+00,4.119049751740997856e+00,1.849113444443510001e+00,1.974721389384767267e+00
2.735923649516577072e+00,8.282892097895988570e-01,4.100011793119884729e+00,3.708462946016655160e+00,2.604284272186017546e+00,3.629654616685401347e+00
1.526861715152697085e+00,2.966700753362815135e+00,7.960861671692313735e+00,3.972578269651122262e+00,3.949343823753156180e+00,5.816740778243875809e+00
1.224601082676740837e+00,1.631034713736299491e+00,7.103657796531832602e+00,4.416255357892179489e+00,5.370931446421348454e+00,7.305759748120385311e+00
3.199110650020808411e+00,4.069849412193902616e+00,5.529633650239979659e+00,3.654873001533575305e+00,2.471850269409779255e+00,4.549297889796218186e+00
3.404175756932428243e+00,4.182444671168301653e+00,5.721542178740484985e+00,6.036223823977397984e+00,3.418879255149734675e+00,2.061381649287540085e+00
3.899661453478387774e+00,2.665553872154737824e+00,7.381644249931614610e+00,4.837463691665943699e+00,3.629277932966999298e+00,5.035613891862779745e+00
1.515402353431380078e+00,3.293718053507095789e+00,7.187698593390200230e+00,4.789266242387254735e+00,1.575060546080118584e+00,4.607912390338377406e+00
1.518681756951624662e+00,2.433598736274985352e+00,8.220963525615610834e+00,2.511560608579617160e+00,2.489551661987611908e+00,7.224107768674432606e+00
4.340785404593701102e-01,4.870845527958486798e+00,6.098225900470771066e+00,6.077648565986599749e+00,2.314955706457058504e+00,6.697932346337871046e+00
0.000000000000000000e+00,0.000000000000000000e+00,0.000000000000000000e+00,0.000000000000000000e+00,0.000000000000000000e+00,0.000000000000000000e+00
6.630948014026267767e-01,6.879197924742125991e+00,1.958537935497091986e+00,3.204031814411914869e+00,3.960476289550512785e+00,4.362018648443881652e+00
0.000000000000000000e+00,0.000000000000000000e+00,0.000000000000000000e+00,0.000000000000000000e+00,0.000000000000000000e+00,0.000000000000000000e+00
5.003698745887970034e+00,3.966710096711262068e+00,2.911522321097037125e+00,3.411176808496245716e+00,2.314712034619568204e+00,3.418278240265959944e+00
4.984470687454769511e+00,5.374960940875762816e+00,2.970687722551458521e+00,4.774415686785780544e+00,3.051077989666382884e+00,3.453431849483378890e+00
3.506336872735083432e+00,3.683760984381571291e+00,4.682958213062600628e+00,4.602920330317100017e+00,1.598824238759223526e+00,3.132006454782193750e+00
3.648436020671099289e+00,2.908730936725296257e+00,5.357528482150929250e+00,3.837674025034611969e+00,3.722729476616851052e+00,5.099010427080201246e+00
2.280339041681263001e+00,1.509123744030363090e+00,6.031532947136420297e+00,6.017677659670697565e+00,4.631262480427935202e+00,3.325673706093057458e+00
1.667946588498173455e+00,2.547378545047336296e-01,3.609079001104694484e+00,4.395613160521146590e+00,5.653703478669518390e+00,5.461292522888696155e+00
0.000000000000000000e+00,0.000000000000000000e+00,0.000000000000000000e+00,0.000000000000000000e+00,0.000000000000000000e+00,0.000000000000000000e+00
2.683623730824892473e+00,3.577546690407098495e-01,3.391304575938768551e+00,5.836580411278588620e+00,4.219543769620480944e+00,2.605231840185326941e+00
0.000000000000000000e+00,0.000000000000000000e+00,0.000000000000000000e+00,0.000000000000000000e+00,0.000000000000000000e+00,0.000000000000000000e+00
3.168241260208881638e+00,1.808794204888641177e+00,6.817773165416000758e+00,5.253026518949273083e+00,3.673089232434308737e+00,4.949770494354036821e+00
3.556029052578449701e+00,1.852695519088681131e+00,5.333241326471678256e+00,5.269597720189745260e+00,3.910441898902419222e+00,2.864203288535391856e+00
3.732148344985831034e+00,3.990004802672843631e+00,5.874089810068374717e+00,3.709546827830653815e+00,2.820114601554879474e+00,5.837618616596028431e+00
2.162922536544974683e+00,3.695472454542281238e+00,7.607589867163198960e+00,4.734148095175757298e+00,5.755544657371833850e+00,4.564341228023235608e+00
2.767938872116005200e+00,3.614442486360522011e+00,7.137264837184403632e+00,3.022631686637978099e+00,1.351150264589957128e+00,4.998304971112061956e+00
3.111919641047175222e+00,3.460872914832626712e+00,4.094804442671383882e+00,4.686278947118770688e+00,2.065616404069539058e+00,4.498977311148863123e+00
2.996564426711906481e+00,6.945655473554768200e-01,7.263643307768613333e+00,5.140192427038400957e+00,5.861703139141745567e+00,5.447143595092587276e+00
0.000000000000000000e+00,0.000000000000000000e+00,0.000000000000000000e+00,0.000000000000000000e+00,0.000000000000000000e+00,0.000000000000000000e+00
0.000000000000000000e+00,0.000000000000000000e+00,0.000000000000000000e+00,0.000000000000000000e+00,0.000000000000000000e+00,0.000000000000000000e+00
2.848740175361710314e+00,2.242778366665318934e-01,1.060072692727807464e+01,2.035950667576801987e+00,5.322135828679858349e+00,6.793636594167317355e+00
4.090096967231317215e+00,2.619756276436637332e+00,8.873128292348170021e+00,2.592450342399533092e+00,1.371669930951699978e+00,6.558186295737789884e+00
2.916164084335853168e+00,4.866480063578540793e+00,6.076980753843956862e+00,5.179322555928161265e+00,3.143417813544424622e+00,5.745355586048503937e+00
2.745034579890569315e+00,3.482775157331143401e+00,4.134434515362377383e+00,4.950486685028394618e+00,1.830731849421112445e+00,3.437029225918586839e+00
4.195638618629006444e+00,4.740974561203334048e+00,2.495462881951358458e+00,4.932234070153279859e+00,3.875457385313377578e+00,3.260393617236746255e+00
4.257295770287170100e+00,3.914805573983276332e+00,3.094837484999708899e+00,3.164069548066943849e+00,4.228376318022911029e+00,4.019975025450231776e+00
3.814065469474936521e+00,4.453027143710070135e+00,5.744269841840401902e+00,5.714678458570705111e+00,5.926182528463903587e-01,5.071335783036948541e+00
2.154896175168861117e+00,1.785177523127015720e+00,3.865745789214943606e+00,3.116341644173065362e+00,2.746240144195012611e+00,1.829695301769321603e+00
4.146397507301966101e+00,3.258719035800403674e+00,6.453838739557236970e+00,4.081997997401104250e+00,8.369574795923302446e-01,3.660833918353733729e+00
4.688840590998426094e+00,2.783613158375737306e-01,4.876879891930771649e+00,2.257976236610614862e+00,1.555147209578085388e+00,3.378979675710780839e+00
4.740006066169624610e+00,2.381883451265618845e+00,4.506780311620361523e+00,4.199272474903224861e+00,3.092693103346016770e+00,4.134708887414615397e+00
4.861959356086472894e+00,1.991800769772213320e+00,3.853249047834496288e+00,4.534500094172893903e+00,4.972889311194497175e+00,2.260138383418565322e+00
4.710745156061498129e+00,2.746065363823328109e+00,4.199275999840349272e+00,3.660581554703597362e+00,2.778700507392118269e+00,3.165652684686946827e+00
4.974295743257680869e+00,4.060636160440433962e+00,5.913336773768107513e+00,4.862910109490443666e+00,3.727500976240439190e+00,7.045269407297489295e+00
3.334915971942944424e+00,2.163356661520936086e+00,5.872170938202921242e+00,3.768887041411493222e+00,2.958312137185434398e+00,4.755386882046033215e+00
9.195111352168994223e-01,2.523473455254642950e+00,7.017221709915980377e+00,1.080185248375099771e+00,4.114961455727281781e+00,5.124835494338066511e+00
1.166483177557608331e+00,5.193218238000452125e-01,5.176333581132434247e+00,2.104955345838029235e+00,2.978496734727886341e+00,4.667327426988003403e+00
1.884247405523636676e+00,4.103631196257932601e+00,8.274853715339814286e+00,3.132760766787034523e+00,1.831564481403392453e+00,5.675714635860152235e+00
3.048080079062609471e+00,4.282180634510907247e+00,9.817724252612865854e+00,6.583358502464012219e+00,5.887417166607956887e+00,8.683999219923363100e+00
2.674286781904091637e+00,1.983213818305093357e+00,7.007447482280023898e+00,3.627318435644686367e+00,2.521826107946861129e+00,5.746152512082344899e+00
1.994957275974605926e+00,1.986091327885283864e+00,7.143468890285641137e+00,4.272580520450833141e+00,5.566201851080736063e+00,6.874955187678441604e+00
0.000000000000000000e+00,0.000000000000000000e+00,0.000000000000000000e+00,0.000000000000000000e+00,0.000000000000000000e+00,0.000000000000000000e+00
1.786698713949729678e+00,1.606667725646067080e+00,7.897843649511786523e+00,4.339292815018396254e+00,1.644404137421682011e+00,4.240028047304926773e+00
1.433619763083439524e+00,1.678500454467715119e+00,7.835658595713147712e+00,3.218385336036902356e+00,4.941761034367289085e+00,4.718109998839832286e+00
2.130189777073324908e+00,1.109985528187598547e+00,6.985452174980327555e+00,5.534126362401575072e+00,5.232370730242945633e+00,4.654621107772639377e+00
0.000000000000000000e+00,0.000000000000000000e+00,0.000000000000000000e+00,0.000000000000000000e+00,0.000000000000000000e+00,0.000000000000000000e+00
8.146209506027863867e-01,3.008929751275693398e+00,8.107937594977638440e+00,3.535029089619069698e+00,3.293315739842824996e+00,4.789764577116605970e+00
1.087152154029544571e+00,2.596315286340229012e+00,7.929098542563819407e+00,2.628449030782792573e+00,1.042196114728560108e+00,2.538576459120364337e+00
3.117822425753991045e+00,2.383708807772063398e+00,7.619291826577377691e+00,5.950033745237023552e+00,3.422422242972817052e+00,5.738810296061462424e+00
2.382626696642696551e+00,3.259477310438947839e+00,8.448912160630676738e+00,2.634943214521468402e+00,3.403051633846416291e+00,6.861917306653841919e+00
1.443659583926753198e+00,3.675972005860144165e-01,8.223175072002423036e+00,1.657038224929088699e+00,2.384594229993205694e+00,4.875368798992734121e+00
2.925642254500649742e+00,2.810990477578247493e+00,8.851371921187965341e+00,2.271322388427229555e+00,2.720429034658945699e+00,5.353331984724237991e+00
3.308726503760713200e+00,4.433164781109891983e+00,8.380220716018030203e+00,4.706625599545164462e+00,3.515242233555788687e+00,5.851305337572871856e+00
2.632821758459928496e+00,2.379785650308666956e+00,5.407591149992915902e+00,4.574083625388597696e+00,1.823448751711155280e+00,1.485048458149450745e+00
3.428534305202897148e+00,4.181712201266863715e+00,4.957753737649245096e+00,2.801353928111606884e+00,3.391690874183635351e+00,3.659028431383267943e+00
3.422099427475742139e+00,2.636356764975387623e+00,5.677180405493603921e+00,2.910780947331242707e+00,3.316055643103905659e+00,5.451145889488466345e+00
3.982215005512538930e+00,1.933856206183172777e+00,4.048685161267510324e+00,5.042794761692048766e+00,4.698586629984991880e+00,5.270821082558025950e+00
1.848545246543139786e+00,3.512391437891945856e+00,3.006159550085119481e+00,3.689586334315612337e+00,2.386955023734746995e+00,4.351538108324496612e+00
2.836742849052170889e+00,2.571432236526159709e+00,4.287165238970851888e+00,3.311823267393912751e+00,4.449026701816029217e+00,3.766255785895896935e+00
3.825774304463880782e+00,3.493270030788641733e+00,6.000962873265143216e+00,3.886738969137458088e+00,2.804089336948663025e+00,4.545886448361086352e+00
2.768140970191903083e+00,4.580812097754400014e+00,6.451532012005947614e+00,4.559772456178069255e+00,4.470010426077470456e+00,6.990915610304414329e+00
2.587953350403798147e+00,3.415953394010699196e+00,4.409876544336099435e+00,2.879963367428097776e+00,1.930620102229351209e+00,2.868762139409471335e+00
5.168537138771565509e+00,1.486422382479219095e+00,5.002279871715876070e+00,3.849896435785595372e+00,2.486542271113738156e+00,3.961319703750640464e+00
2.853882029891699368e+00,6.732055346636767190e-01,5.857353467265526525e+00,3.002958978752223729e+00,4.157933777546583443e+00,4.421674325210364742e+00
1.996317290387972232e+00,6.248322094534821680e-01,4.232843141036163992e+00,4.286640980136509071e+00,3.521706421432874823e+00,3.948425409264218366e+00
1.705560499879668512e+00,3.110837310744395623e+00,6.277978420294906492e+00,4.723259957573983314e+00,4.189004935972784338e+00,7.027968369929123327e+00
1.141503512204775639e-01,2.418231848954188301e+00,7.812013347081156134e+00,3.702121850638588896e+00,3.379543821032606754e+00,3.593274498164714448e+00
0.000000000000000000e+00,0.000000000000000000e+00,0.000000000000000000e+00,0.000000000000000000e+00,0.000000000000000000e+00,0.000000000000000000e+00
2.521097618887995218e+00,1.612849941152957989e+00,6.107728525038526257e+00,3.239131343027290999e+00,2.257794704393988994e+00,5.233264200988234194e+00
2.730357850710063872e+00,2.907814082222071939e+00,4.766971772261511475e+00,5.219550360084213914e+00,3.818857572194115590e+00,4.329409038486824457e+00
3.509606386428984148e+00,2.051457244084206266e+00,7.847582865327380475e+00,3.850941702484742990e+00,2.045438544559480043e+00,4.821543369809122126e+00
4.483068560104436884e+00,2.953064443474513467e+00,6.894987377272886242e+00,2.409830979529507200e+00,3.805284665717167947e+00,4.677799474558460346e+00
3.733184717594527413e+00,3.397127592240423155e+00,6.005295924102665772e+00,5.946760781709543586e+00,2.386254331906807025e+00,2.295694413047266735e+00
3.374559015303105092e+00,2.330058639266657128e+00,6.363821870912150125e+00,1.647283330711005966e+00,7.248914188433377426e-01,3.866050676701446864e+00
3.635438357115705621e+00,4.966769667844905811e+00,7.039639554759648199e+00,6.558069559950058469e+00,3.617291022011479562e+00,6.431523580931077788e+00
1.642858530575853848e+00,1.765026292716407097e+00,5.903780941297020135e+00,3.172963013111473884e+00,2.001063982517319761e+00,7.119262355501716044e+00
2.565037892000080255e+00,4.091306776062251238e-01,4.179245707529849696e+00,4.625848094610538475e+00,1.585084695675624600e+00,3.675698443142705774e+00
1.307603737705544500e+00,1.826420557330663552e+00,5.424997559177111128e+00,3.425134937772452481e+00,3.034826966746154930e+00,2.647754813022619835e+00
7.447885922717574214e-01,1.285321560447384215e+00,8.158335004745746133e+00,5.985995604879407850e+00,4.043923868866674098e+00,4.592897841502677991e+00
1.466564025619413014e+00,9.312841340545876534e-01,5.959215614488106105e+00,4.090052569474206479e+00,4.462174821059905483e+00,5.740271367472673525e+00
1.913119418303204977e+00,2.541738424225685300e+00,4.615151651199900229e+00,2.620699959587161842e+00,5.724663787947072535e+00,6.324150823351248007e+00
3.002327233596497891e+00,6.386006328216988770e-01,4.237117703141964675e+00,3.137221997516009608e+00,2.245479277561090115e+00,3.443573970291625042e+00
3.230142292294794881e+00,9.726842573335345854e-01,2.695786610019582863e+00,4.012723894899520083e+00,3.471246760779938878e+00,3.024369199725842172e+00
2.834166297864058492e+00,7.577324127979596646e-01,5.158019314713907733e+00,3.761055805232279337e+00,5.254011867378851619e+00,6.371469051464678124e+00
0.000000000000000000e+00,0.000000000000000000e+00,0.000000000000000000e+00,0.000000000000000000e+00,0.000000000000000000e+00,0.000000000000000000e+00
2.627103428129896834e+00,2.838745217700030743e+00,5.794743676902641916e+00,4.174413173336276373e+00,4.435342424302946895e+00,5.818910281552082786e+00
3.392223076735399356e+00,2.414100159054070716e+00,8.065962226711427263e+00,4.454913907310237065e+00,3.332707945251909720e+00,5.003142895559090420e+00
9.255786313674478905e-01,2.400756102498569078e+00,6.024075541538364220e+00,4.235571209027094497e+00,3.146390132598049227e+00,5.538944612895900121e+00
2.478134621810846205e+00,1.874425957553427891e+00,5.631081187349858297e+00,4.879673305577227893e+00,2.483295400159842625e+00,4.888252469536873868e+00
2.661616711942528024e+00,5.537503573399940038e+00,4.229456425965128830e+00,2.882109761335382991e+00,4.424709096470660796e+00,3.157338939213929940e+00
4.355140649888625148e+00,4.333736191895400935e+00,2.633090192371672522e+00,2.979692548071630753e+00,1.494286637158095177e+00,1.587470099484731278e+00
6.078369170926816167e+00,4.963069254171932343e+00,5.036001986337139691e+00,5.163506229132411640e+00,3.490542580708543507e+00,5.535491637447590207e+00
1.950909238969452453e+00,4.874016154096833198e+00,3.156021248351418507e+00,3.156862140651833570e+00,1.828094066002530216e+00,2.732371070595818630e+00
2.997699021111886353e+00,5.171268477004726805e+00,7.228355215845898130e+00,5.178696091412001046e+00,4.546791600135831501e+00,4.837182098391512142e+00
1.675331715289016810e+00,4.183714957881413454e+00,3.738620948626763862e+00,2.580648449600424055e+00,2.599729872322002144e+00,3.844459305342930122e+00
1.709088288442724979e+00,4.813481097198249792e+00,4.193805050099454590e+00,5.573778635596255526e+00,2.633327720720369580e+00,2.562852599819325228e+00
2.530532763818008402e+00,5.001129960765071658e+00,3.404291567980382016e+00,3.466096945833831988e+00,4.364807248941110274e+00,6.113339244198826350e+00
2.682622932561287143e+00,3.727836853165503950e+00,5.654685563973922413e+00,5.119438689829067357e+00,3.616786444839660497e+00,4.608579021107562568e+00
4.834019383698603178e+00,6.284742351173537855e+00,7.176682836393847076e+00,6.210144633839268735e+00,5.053737567327775793e+00,6.222242635711102920e+00
3.112510122227912568e+00,7.046601253041384183e+00,4.833521273612058522e+00,3.198682762302945015e+00,4.113130439229900404e+00,4.109364989603056628e+00
3.990753844733645472e-01,3.090195851056358745e+00,2.361987604016679398e+00,3.368016300370848093e+00,2.047074762021810379e+00,1.189412515874984866e+00
3.663324355094975004e+00,6.129870601402711117e+00,3.163486067147552649e+00,5.158453290931245050e+00,3.915568504194840038e+00,5.846856946424953350e+00
1.153659007443408768e+00,2.611371650698403268e+00,3.395685246657840217e+00,2.054062426440932843e+00,4.746977750557365816e+00,2.839992054978418778e+00
4.405527373235496036e-01,2.694307671683783934e+00,3.926812159043977957e+00,4.905951258219479527e+00,2.249149259242796184e+00,1.796018849655361294e+00
3.219753532091355730e+00,3.980013580537566931e+00,6.723228229536297285e+00,6.495221231066887313e+00,2.304438365466262795e+00,2.932419418310256098e+00
2.888925133707691106e+00,6.374684182360025986e+00,6.437447982168726490e+00,4.023912184277995685e+00,4.127703777990602063e+00,3.198828901339595632e+00
1.777863270936164142e+00,3.962428192926600090e+00,3.194551994378461934e+00,3.993757626493583679e+00,5.164611962367219533e+00,4.245475731285615062e+00
1.007117110954034667e+00,5.488019515723708608e+00,4.495614007500107867e+00,4.396046391338997772e+00,4.120212105505381750e+00,5.096154483298823479e+00
6.711439066713773549e-01,4.933234474334976305e+00,4.180765731901322724e+00,4.867832460772499203e+00,3.605787779983929298e+00,4.563489734945775922e+00
2.592035851579690853e+00,4.486092653253365370e+00,3.667951914241255551e+00,4.396865455800943678e+00,5.304669526913360578e+00,6.116461969882095673e+00
3.553795139479603460e+00,3.327987796003343934e+00,5.472827273582786312e+00,5.041928772507255019e+00,2.340279249545693663e+00,4.813463686947695663e+00
2.182034654211733926e+00,3.877357794576704819e+00,4.886063339920407422e+00,6.003474752714207163e+00,5.054171095421829740e+00,4.910840147065953509e+00
9.400422686194578326e-01,3.404556314831732600e-01,4.420694058546058791e+00,4.464082547966547132e+00,5.653269552843648960e+00,5.233449302956205251e+00
5.095513367244970393e-01,2.104480262231345211e+00,5.837895357325567858e+00,2.798739645567849266e+00,1.955910397868214190e+00,3.402093227191058222e+00
1.919770623085036876e+00,8.953314589865248863e-01,4.611787179957877569e+00,4.749424143186645964e+00,2.493936371018573794e+00,5.733953735308224609e+00
2.720983939329999490e+00,2.406927642381632815e+00,5.637691663894609739e+00,3.819991276147553627e+00,1.902097960060244120e+00,5.033137075069909372e+00
2.387443321119906869e+00,2.998996449156048794e+00,4.967402322816266924e+00,5.711670142052893695e+00,1.011491869623599271e+00,3.383337404634962020e+00
1.725511519233027702e+00,1.415763662879797824e+00,3.614681280845195133e+00,1.118592977070349104e+00,1.814424449810719597e+00,5.295982996178882907e+00
3.583103369379684988e+00,2.298685926338619012e+00,6.374735767551927168e+00,6.304747250270145820e+00,4.429296649502267869e+00,5.091187384979296127e+00
1.372417917244185714e+00,3.016884382488400629e+00,5.121572683196875531e+00,4.590807133670157469e+00,2.522817177844490999e+00,3.616129941409023552e+00
3.099616784927649249e+00,2.369386878794148998e+00,7.137443154770717335e+00,6.824899969174300196e+00,4.343455016480205266e+00,3.957739844529238216e+00
2.275899502405809294e+00,5.398011907114868890e+00,7.531727365421875930e+00,2.055147584361254331e+00,3.243922621483172897e+00,5.290496655355954481e+00
5.212279745980884726e+00,8.705698562069276392e+00,3.290934128698632222e+00,6.293358201125165863e+00,5.689489752429127911e+00,4.476671830759551440e+00
2.960510468525424876e+00,6.885489142181327793e+00,2.639331706616748541e+00,4.385799496008107923e+00,3.029806761073949417e+00,3.024353857899436893e+00
4.479362532202631364e+00,4.269200856654374654e+00,3.774896362167563524e-01,5.852859325015695724e+00,2.218613614982677618e+00,1.333064831209316292e+00
4.784005849611048689e+00,4.327823455459293811e+00,5.727947913533517621e-01,4.024796070995693142e+00,1.724313175407373500e+00,2.872253515412005243e+00
4.681528743899889378e+00,5.113892523744182128e+00,1.632277177093880205e+00,3.752862131513113209e+00,5.056156126721420563e+00,2.868645770503519543e+00
2.697366276120908513e+00,6.996948034674462136e+00,2.405011047577939820e+00,4.720469490288582648e+00,5.341269881112769013e+00,3.932466764359752620e+00
2.998792918327305657e+00,3.903922555951885975e+00,3.734848897447007321e+00,1.719950546212599907e+00,3.204705611456075243e+00,4.548608270598410996e+00
3.602359207831229870e+00,4.045147367092130075e+00,4.426714603270613502e+00,4.551318138710457539e+00,4.058150508772879306e+00,4.832973016719502191e+00
