VR1,VR2,VR3,VR4,VR5,VR6
1.134895578571788688e+00,4.404803148593939177e+00,4.328403258241764640e+00,3.098551726911119797e+00,4.785896409455018485e+00,3.157579868891666308e+00
4.734001721341096314e+00,6.368420131364883829e+00,7.574693522261425116e+00,3.935475324765334015e+00,3.342220700084809426e+00,3.555171268304917920e+00
3.701069042330910719e+00,3.425457711085103440e+00,7.753407918470230697e+00,5.116153765773653994e+00,5.312959898587189755e+00,5.445615888898183599e+00
3.345880674391542797e+00,3.617330814768788816e+00,4.421643881733910320e+00,2.343784721819261563e+00,2.298853861991940750e+00,3.852007123618733431e+00
2.042404275563102445e+00,1.682361465392902433e+00,2.334215546965650478e+00,3.179313147357091474e+00,2.411438652551062045e+00,1.886096960956718860e+00
0.000000000000000000e+00,0.000000000000000000e+00,0.000000000000000000e+00,0.000000000000000000e+00,0.000000000000000000e+00,0.000000000000000000e+00
0.000000000000000000e+00,0.000000000000000000e+00,0.000000000000000000e+00,0.000000000000000000e+00,0.000000000000000000e+00,0.000000000000000000e+00
3.055072528787418751e+00,3.221675866401481958e+00,5.864251191372659378e+00,3.253431743230068562e+00,1.919970598020590558e-01,1.313508475804864517e+00
3.122073235169211536e+00,2.434736367758799425e+00,3.906406791290636615e+00,2.615625389057345096e+00,1.549447091055152992e+00,2.304389636984483403e+00
3.569776514168540693e+00,2.915836939861966126e+00,3.760319184837156659e+00,1.880552501381025365e+00,2.374210276282573862e+00,7.936120007636224827e-01
2.244969034086865545e+00,1.372951752642651124e+00,5.519226492904358850e+00,9.335512413999418335e-01,6.985733050690701162e-02,5.509190141818649522e-01
3.020582760110104292e+00,2.053608603269106769e+00,5.354911276726006086e+00,2.703901361778464629e+00,3.381552639387925829e+00,3.198200316057864701e+00
1.260271011651330486e+00,2.456743397295970244e+00,1.791235186500460319e+00,2.886065321457002231e+00,3.691569921584789693e+00,2.762347167457444463e+00
6.001248702955410685e-01,1.750224733865677562e+00,3.889390382641239707e+00,2.360460434500225801e+00,1.444483113217365666e+00,3.027250996927560944e+00
1.025226141725433804e+00,2.758278315023359184e+00,5.076364042769220042e+00,2.573630632855916645e+00,2.167598978261007225e+00,1.290941494951350244e+00
3.351668276893529974e+00,2.582006074889557912e+00,3.351109174411413427e+00,1.758000107188681937e+00,2.977881863733789380e+00,2.494238134122436001e+00
4.158263078455567197e+00,3.795843255157185681e+00,7.353196896763384061e+00,2.267312956275327807e+00,3.919350426731749160e+00,1.149072854105080310e+00
0.000000000000000000e+00,0.000000000000000000e+00,0.000000000000000000e+00,0.000000000000000000e+00,0.000000000000000000e+00,0.000000000000000000e+00
0.000000000000000000e+00,0.000000000000000000e+00,0.000000000000000000e+00,0.000000000000000000e+00,0.000000000000000000e+00,0.000000000000000000e+00
0.000000000000000000e+00,0.000000000000000000e+00,0.000000000000000000e+00,0.000000000000000000e+00,0.000000000000000000e+00,0.000000000000000000e+00
0.000000000000000000e+00,0.000000000000000000e+00,0.000000000000000000e+00,0.000000000000000000e+00,0.000000000000000000e+00,0.000000000000000000e+00
0.000000000000000000e+00,0.000000000000000000e+00,0.000000000000000000e+00,0.000000000000000000e+00,0.000000000000000000e+00,0.000000000000000000e+00
0.000000000000000000e+00,0.000000000000000000e+00,0.000000000000000000e+00,0.000000000000000000e+00,0.000000000000000000e+00,0.000000000000000000e+00
0.000000000000000000e+00,0.000000000000000000e+00,0.000000000000000000e+00,0.000000000000000000e+00,0.000000000000000000e+00,0.000000000000000000e+00
0.000000000000000000e+00,0.000000000000000000e+00,0.000000000000000000e+00,0.000000000000000000e+00,0.000000000000000000e+00,0.000000000000000000e+00
0.000000000000000000e+00,0.000000000000000000e+00,0.000000000000000000e+00,0.000000000000000000e+00,0.000000000000000000e+00,0.000000000000000000e+00
0.000000000000000000e+00,0.000000000000000000e+00,0.000000000000000000e+00,0.000000000000000000e+00,0.000000000000000000e+00,0.000000000000000000e+00
0.000000000000000000e+00,0.000000000000000000e+00,0.000000000000000000e+00,0.000000000000000000e+00,0.000000000000000000e+00,0.000000000000000000e+00
4.003353600349427666e+00,2.270717737860461050e+00,3.584561312608755657e+00,9.184633154323655901e-01,2.159135209291324742e+00,1.217839663046245136e-01
0.000000000000000000e+00,0.000000000000000000e+00,0.000000000000000000e+00,0.000000000000000000e+00,0.000000000000000000e+00,0.000000000000000000e+00
4.983805561199424972e+00,5.209278452855603092e+00,6.522569420646462390e+00,2.326275065120680718e+00,5.060389132083239261e+00,5.896714802121024945e+00
3.962278259339031994e+00,2.402343345749313741e+00,6.105039204253677632e+00,2.248104573996244415e+00,3.792098968374300050e+00,4.231691063494582572e+00
2.109410711770152602e+00,1.749686926806599985e+00,3.333125715123270716e+00,2.897548414150683094e+00,2.073474748201317830e+00,1.662629616841125646e+00
3.220631228461495077e+00,3.048304389591855568e+00,3.693796241068375785e+00,3.630379715177967981e+00,6.198569440411749731e-01,1.329186778075056807e+00
4.033971333738405107e+00,2.414541898908922235e+00,7.023689897330045007e+00,5.742291452369144622e+00,2.221581193720769676e+00,1.768792258702246656e+00
2.045266552332154042e+00,2.221865790124596174e+00,4.405101949151572605e+00,7.127534905698157175e+00,3.996400746272030791e+00,4.486667763384211582e+00
1.109362478711206190e+00,4.308819216825584775e+00,4.633272170651641986e+00,6.813961605927549847e+00,6.537683343103725342e+00,8.765125627523570273e+00
0.000000000000000000e+00,0.000000000000000000e+00,0.000000000000000000e+00,0.000000000000000000e+00,0.000000000000000000e+00,0.000000000000000000e+00
1.809861224918667411e-01,3.511425482510590168e+00,5.743355790960629648e+00,6.867200055461584185e+00,5.680248263070497572e+00,6.259834948458912862e+00
2.893577509386250135e+00,3.065928120525152512e+00,5.023170770788605743e+00,5.503111372712266913e+00,4.256047482859135478e+00,4.261665027357322444e+00
1.701764040327186311e+00,1.602465162745985605e+00,5.036965949322147473e+00,4.720400071733252823e+00,3.514965195823644528e+00,6.108447626086718429e+00
1.184322017711721742e+00,9.498288477292256005e-01,4.378397925158997950e+00,6.289989634295025667e+00,5.858827615350779894e+00,6.859481778664441975e+00
0.000000000000000000e+00,0.000000000000000000e+00,0.000000000000000000e+00,0.000000000000000000e+00,0.000000000000000000e+00,0.000000000000000000e+00
2.270356616412077422e+00,1.577778301620245349e+00,5.888621065115917652e+00,3.668554701688745645e+00,4.357103843801346521e+00,3.679749961623133281e+00
1.812992128265024316e+00,4.146992381747233836e+00,3.628375238330026065e+00,1.463263081442368829e+00,2.255817894120693445e+00,2.870015362876417342e+00
2.376298676359718698e+00,4.967656704091536923e+00,6.579061482994614352e+00,4.794553718837320844e+00,3.493123456151650430e+00,4.114815071950451930e+00
2.360903206547993349e+00,3.244183756876263480e+00,4.950846516506024919e+00,4.136836785198343414e+00,9.607454645257891279e-01,4.344506264721474942e+00
1.184296705001783634e+00,2.098288912341274237e+00,4.843439526940431783e+00,2.592210879427190751e+00,2.334728105973575385e+00,1.031422744155513271e+00
1.448727445694487415e+00,5.042699902163823467e+00,5.668080435950130003e+00,1.791246949113578069e+00,1.286938351403202674e+00,6.345930233105336882e-01
0.000000000000000000e+00,0.000000000000000000e+00,0.000000000000000000e+00,0.000000000000000000e+00,0.000000000000000000e+00,0.000000000000000000e+00
0.000000000000000000e+00,0.000000000000000000e+00,0.000000000000000000e+00,0.000000000000000000e+00,0.000000000000000000e+00,0.000000000000000000e+00
5.018218745191454389e+00,3.208930162578909506e+00,6.534063956631709580e+00,4.443587340074220293e+00,3.368862663271837921e+00,4.273536328576319043e+00
0.000000000000000000e+00,0.000000000000000000e+00,0.000000000000000000e+00,0.000000000000000000e+00,0.000000000000000000e+00,0.000000000000000000e+00
8.297373933296274817e-01,8.192352900395727389e-02,1.949253233111805095e+00,2.757163838257647104e+00,1.413543229212627317e+00,4.252692725524008566e+00
0.000000000000000000e+00,0.000000000000000000e+00,0.000000000000000000e+00,0.000000000000000000e+00,0.000000000000000000e+00,0.000000000000000000e+00
1.744925064604627485e+00,2.466469499132095677e+00,6.933548031631100450e+00,5.411731606958185559e+00,3.591151816707339961e+00,4.178526590813796737e+00
4.638524129370342752e-01,3.434837246742119987e+00,4.791124107822124500e+00,5.384942552490971757e+00,3.086562180636122310e+00,4.446799254182675298e+00
0.000000000000000000e+00,0.000000000000000000e+00,0.000000000000000000e+00,0.000000000000000000e+00,0.000000000000000000e+00,0.000000000000000000e+00
1.400677917072033152e+00,3.805469506650105416e+00,6.267522777957666769e+00,4.085668023491090040e+00,2.020228140730174538e+00,3.849556819844690558e+00
3.520540838522701499e+00,2.426850352399397615e+00,6.136452437065437415e+00,4.642741634438918297e+00,3.369799634165299373e+00,4.727244759120179829e+00
3.961093730621835007e+00,4.049662793707587305e+00,5.760660141005913282e+00,4.526554968245215527e+00,3.739057466272631913e+00,4.254440988743894536e+00
2.209469811735368161e+00,4.919810508121248205e+00,7.212113566167303702e+00,3.899114510289993341e+00,3.153243540491864394e+00,3.873240363237041795e+00
2.757860741576727115e+00,3.142608070740234627e+00,6.510627550222609194e+00,3.575137869525390144e+00,5.093025124776436208e+00,4.875725939133404019e+00
4.236660636263577473e+00,2.091322234415841752e+00,3.710616157903046997e+00,2.426806252378329365e+00,3.603444364186895843e+00,5.021041050618242352e+00
2.777500487209648927e+00,6.605910256222231602e-01,2.924673353852263347e+00,1.608183850811600202e+00,1.808262570847407380e+00,3.941823468245546636e+00
2.153666979087478062e+00,1.068483647085036958e+00,5.250531255710962242e+00,1.830427620381016585e+00,4.044100260707404360e+00,3.779262673648204007e+00
1.286243892157921564e+00,2.906731439767249903e+00,6.054208468683865974e+00,1.315268915897161328e+00,3.025989095210406266e+00,9.309309340681055644e-01
5.111549844084921190e+00,3.579669088197892535e+00,4.154706930450488223e+00,2.455340911511779467e+00,9.935477609911571584e-01,2.084669924159631815e+00
3.109971063613368614e+00,1.592070515863379665e+00,3.331688769477668899e+00,1.439095495732215291e+00,1.069249069927679319e+00,3.196774435315498319e+00
3.725556103042709566e+00,3.386608144244072971e+00,5.447669146973765919e+00,1.988553034232249050e+00,2.556038605304228550e+00,2.186306265442461427e+00
2.705732314523421334e+00,3.056025187921271424e+00,8.071036790717094789e+00,2.870053287505442086e+00,4.952945810991076669e+00,2.669093444347079291e+00
3.173305070384333515e+00,4.878462567893651070e+00,5.263630368156456463e+00,1.146688363516067177e+00,1.317391503545483067e+00,6.287309161167922156e-01
0.000000000000000000e+00,0.000000000000000000e+00,0.000000000000000000e+00,0.000000000000000000e+00,0.000000000000000000e+00,0.000000000000000000e+00
0.000000000000000000e+00,0.000000000000000000e+00,0.000000000000000000e+00,0.000000000000000000e+00,0.000000000000000000e+00,0.000000000000000000e+00
0.000000000000000000e+00,0.000000000000000000e+00,0.000000000000000000e+00,0.000000000000000000e+00,0.000000000000000000e+00,0.000000000000000000e+00
3.432450951810282369e+00,5.143357546149513126e+00,6.443964157176397478e+00,1.516058575491926685e+00,4.048693616977487864e+00,1.447633045367913596e+00
5.866240087939237569e+00,6.096199520874725053e+00,5.231303701281005303e+00,1.799497498342890189e+00,1.050169224278412194e+00,9.256979872494541794e-01
6.907824250836783975e+00,7.006405181177617791e+00,6.869566332416132681e+00,2.777080991193083825e+00,1.229205468832602843e+00,1.352969968319545302e+00
0.000000000000000000e+00,0.000000000000000000e+00,0.000000000000000000e+00,0.000000000000000000e+00,0.000000000000000000e+00,0.000000000000000000e+00
0.000000000000000000e+00,0.000000000000000000e+00,0.000000000000000000e+00,0.000000000000000000e+00,0.000000000000000000e+00,0.000000000000000000e+00
4.062922903274748698e+00,1.066763014456100445e+00,6.417033163790922146e+00,4.188421493716051103e+00,3.880262160897324897e+00,1.418355296334604443e+00
0.000000000000000000e+00,0.000000000000000000e+00,0.000000000000000000e+00,0.000000000000000000e+00,0.000000000000000000e+00,0.000000000000000000e+00
1.417179637335077569e+00,1.669019024255286254e+00,3.312953883541552180e+00,1.154541463807951640e+00,1.600859356492023711e+00,2.373925191468885032e+00
2.350472160979574010e+00,3.807880390168813634e+00,5.903982304134042458e+00,5.317018130405820386e+00,2.574124394962797879e+00,2.785925191342991880e+00
2.743446335829450522e+00,2.727534348166993361e+00,3.644035312582539987e+00,5.974744930355709194e+00,4.580229990455449318e+00,4.483390737082587840e+00
1.948419844047506455e+00,1.902516352175124714e+00,4.424959222252011770e+00,5.638464066576206690e+00,6.354509953881177786e+00,4.343528722812378895e+00
2.947122184653835131e+00,2.271022968568400469e+00,3.842371317829303745e+00,4.950914310002174190e+00,1.447114241621305863e+00,5.057650951160450603e+00
0.000000000000000000e+00,0.000000000000000000e+00,0.000000000000000000e+00,0.000000000000000000e+00,0.000000000000000000e+00,0.000000000000000000e+00
1.436573807978374528e+00,1.610326784970612213e+00,6.377275006883911246e-01,5.410033068602393413e+00,3.060652994534033944e+00,3.643249683575174647e+00
3.925109526872208487e+00,4.102620422447723847e+00,5.989110186764480481e+00,4.611418561913893654e+00,6.503190526969893526e+00,6.461139939535593513e+00
3.843827153548100561e-01,5.495722047370048102e+00,7.400517902882078225e+00,3.913466448097963735e+00,4.195519356623197638e+00,5.496845752564349041e+00
1.622338323885021527e+00,2.681016656013837096e+00,5.566049751290014669e+00,4.173179166112134020e+00,4.213666940912169423e+00,5.895159387942044305e+00
5.947921453000126757e-01,2.818104025345678831e+00,4.963886552075662095e+00,3.908140241246175872e+00,4.697258689038378066e+00,5.427345308809030655e+00
2.960827116760822442e-01,2.716219860797064456e+00,6.048421143259401056e+00,1.974357949460270767e+00,3.603542098175743114e+00,4.982494259304211859e+00
3.822770972518326538e+00,2.166496601897199170e+00,6.023688550147456411e+00,1.952874651750846624e+00,3.251511225774422975e+00,4.635765866914408839e+00
2.104618619826275960e+00,3.851106093455836099e+00,4.991207183756083410e+00,4.306988266914800967e+00,9.374096402728815391e-01,5.059428360090059584e+00
3.460393410207369236e+00,4.959241838738870811e+00,4.339122341955037321e+00,7.470532022513136639e+00,5.154992767264944931e+00,4.558074136980037494e+00
1.988720463478654166e+00,3.600930066014428554e+00,7.124151264573646003e+00,6.559731762484068973e+00,3.364581445317922803e+00,5.169622969144564095e+00
2.990328696052574120e+00,2.508553558888094059e+00,4.638697895674892102e+00,4.785981126865054947e+00,2.211148249899423490e+00,4.099259412906471667e+00
1.792387771806313479e+00,2.224305565543146734e+00,3.882616672352576348e+00,4.662228843719368854e+00,2.218178481983510864e+00,4.703049051739928821e+00
0.000000000000000000e+00,0.000000000000000000e+00,0.000000000000000000e+00,0.000000000000000000e+00,0.000000000000000000e+00,0.000000000000000000e+00
1.836728908155768725e+00,4.482587951253266922e+00,4.593099738471128290e+00,7.894570450305332443e+00,5.729876551416650088e+00,7.352849839257319609e+00
1.876279102343685334e+00,3.212140482968444566e+00,4.669613950751701381e+00,7.005778043653874576e+00,4.302992199809008156e+00,7.036895231178686316e+00
7.452379644497453270e-01,2.815142272759141306e+00,2.465338859165329577e+00,7.552113808910124071e+00,4.491063343696742649e+00,6.759410678003717976e+00
7.957263812739090447e-01,2.538031085715164004e+00,6.055543420105943042e+00,7.838823425209877627e+00,7.198791274324114475e+00,6.812180986387767589e+00
3.437087976611509887e+00,3.902374599969217428e+00,4.719582819192680745e+00,7.146861533301168024e+00,6.089049434843184727e+00,6.911540522695376332e+00
1.975266299812884263e+00,2.724441146586088269e+00,3.653640797001203477e+00,4.696663451504384135e+00,2.689239650596870757e+00,4.250877688076554861e+00
1.931619117581289347e+00,2.110113298568346174e+00,2.421338843724539114e+00,4.782872563684009037e+00,8.955133006099158521e-01,3.291851868013294879e+00
2.123139661609551254e+00,3.429157127961254492e+00,4.424375605882778117e+00,2.822569666435650326e+00,8.702141210893938883e-01,2.618930478199936296e+00
9.532593574090597599e-01,1.370994349867046935e+00,3.062562879498754054e+00,1.837204994215477782e+00,8.316715215040457743e-01,2.787812860974313800e+00
4.746127553730987714e-01,2.493674546526699398e+00,3.244231014009323122e+00,2.374862054940403588e+00,2.873793052690094996e+00,2.995299213165311336e+00
2.626068846681385072e+00,2.347850612429993156e+00,5.538478512466113557e+00,1.163841750830194144e+00,3.682441870284757446e+00,1.405994013521065344e+00
0.000000000000000000e+00,0.000000000000000000e+00,0.000000000000000000e+00,0.000000000000000000e+00,0.000000000000000000e+00,0.000000000000000000e+00
0.000000000000000000e+00,0.000000000000000000e+00,0.000000000000000000e+00,0.000000000000000000e+00,0.000000000000000000e+00,0.000000000000000000e+00
0.000000000000000000e+00,0.000000000000000000e+00,0.000000000000000000e+00,0.000000000000000000e+00,0.000000000000000000e+00,0.000000000000000000e+00
0.000000000000000000e+00,0.000000000000000000e+00,0.000000000000000000e+00,0.000000000000000000e+00,0.000000000000000000e+00,0.000000000000000000e+00
0.000000000000000000e+00,0.000000000000000000e+00,0.000000000000000000e+00,0.000000000000000000e+00,0.000000000000000000e+00,0.000000000000000000e+00
0.000000000000000000e+00,0.000000000000000000e+00,0.000000000000000000e+00,0.000000000000000000e+00,0.000000000000000000e+00,0.000000000000000000e+00
0.000000000000000000e+00,0.000000000000000000e+00,0.000000000000000000e+00,0.000000000000000000e+00,0.000000000000000000e+00,0.000000000000000000e+00
0.000000000000000000e+00,0.000000000000000000e+00,0.000000000000000000e+00,0.000000000000000000e+00,0.000000000000000000e+00,0.000000000000000000e+00
0.000000000000000000e+00,0.000000000000000000e+00,0.000000000000000000e+00,0.000000000000000000e+00,0.000000000000000000e+00,0.000000000000000000e+00
5.035527311552661978e+00,3.636441694729243501e+00,6.690407006797391531e+00,2.264444934464350467e+00,4.147332338029794840e+00,1.819819267022656284e+00
0.000000000000000000e+00,0.000000000000000000e+00,0.000000000000000000e+00,0.000000000000000000e+00,0.000000000000000000e+00,0.000000000000000000e+00
0.000000000000000000e+00,0.000000000000000000e+00,0.000000000000000000e+00,0.000000000000000000e+00,0.000000000000000000e+00,0.000000000000000000e+00
0.000000000000000000e+00,0.000000000000000000e+00,0.000000000000000000e+00,0.000000000000000000e+00,0.000000000000000000e+00,0.000000000000000000e+00
0.000000000000000000e+00,0.000000000000000000e+00,0.000000000000000000e+00,0.000000000000000000e+00,0.000000000000000000e+00,0.000000000000000000e+00
0.000000000000000000e+00,0.000000000000000000e+00,0.000000000000000000e+00,0.000000000000000000e+00,0.000000000000000000e+00,0.000000000000000000e+00
0.000000000000000000e+00,0.000000000000000000e+00,0.000000000000000000e+00,0.000000000000000000e+00,0.000000000000000000e+00,0.000000000000000000e+00
0.000000000000000000e+00,0.000000000000000000e+00,0.000000000000000000e+00,0.000000000000000000e+00,0.000000000000000000e+00,0.000000000000000000e+00
0.000000000000000000e+00,0.000000000000000000e+00,0.000000000000000000e+00,0.000000000000000000e+00,0.000000000000000000e+00,0.000000000000000000e+00
0.000000000000000000e+00,0.000000000000000000e+00,0.000000000000000000e+00,0.000000000000000000e+00,0.000000000000000000e+00,0.000000000000000000e+00
0.000000000000000000e+00,0.000000000000000000e+00,0.000000000000000000e+00,0.000000000000000000e+00,0.000000000000000000e+00,0.000000000000000000e+00
4.404280373155136985e+00,3.280338263314008351e+00,6.026936499715770168e+00,1.596835057597924212e+00,2.610133441382010311e+00,1.098396017182176720e+00
2.345252225126603030e+00,5.696296970183509778e+00,5.022867313882153795e+00,8.820836856220535260e-01,1.987282378278241168e-01,1.265471345586336671e+00
3.763053160216061954e+00,3.496796938492491957e+00,6.386890095705613390e+00,1.999993763507587285e+00,1.217179692743003194e+00,8.382274362421417990e-01
2.302309011485851098e+00,3.979150792615252730e+00,4.419859315499163444e+00,1.195510184895431927e+00,2.399992389299206330e+00,5.703321304628703459e-01
0.000000000000000000e+00,0.000000000000000000e+00,0.000000000000000000e+00,0.000000000000000000e+00,0.000000000000000000e+00,0.000000000000000000e+00
0.000000000000000000e+00,0.000000000000000000e+00,0.000000000000000000e+00,0.000000000000000000e+00,0.000000000000000000e+00,0.000000000000000000e+00
0.000000000000000000e+00,0.000000000000000000e+00,0.000000000000000000e+00,0.000000000000000000e+00,0.000000000000000000e+00,0.000000000000000000e+00
3.888883095370738285e+00,3.775757148731044843e+00,3.748453397040780288e+00,2.158091644794948749e+00,1.900494082360579151e+00,6.110734250083211805e-01
4.667506202457797571e+00,4.475488182270828119e+00,6.304959630215276611e+00,2.713616073988891486e+00,1.665236855205426636e+00,9.922645854361360485e-01
4.853539715641113972e+00,4.698163135848485439e+00,7.122129873762557573e+00,2.114801277315702333e+00,2.951864101635997439e+00,1.432132514763937436e+00
3.470492639876051832e+00,3.294005380820982598e+00,6.153471902119285630e+00,2.326893431771459131e+00,3.318192717832960881e+00,2.821499100231531720e+00
2.359066654649042416e+00,3.115943158626382825e+00,6.791151472638807363e+00,4.253438161167871989e+00,3.388292287469206077e+00,3.187211623352724121e+00
3.137555345701536602e+00,1.837414476055669654e+00,4.894257384472485484e+00,2.359276284598168516e+00,1.046388028035041273e+00,3.560956435200419268e+00
1.360727825721649964e+00,7.382151851402403153e-01,6.153525913255698754e+00,2.776353735200682848e+00,1.357146421134179937e+00,3.258769145572913750e+00
1.706635841049807034e+00,2.027783033584940497e+00,5.172631729351587992e+00,5.161569158683361636e+00,3.679076583303269032e+00,4.709552272122261130e+00
0.000000000000000000e+00,0.000000000000000000e+00,0.000000000000000000e+00,0.000000000000000000e+00,0.000000000000000000e+00,0.000000000000000000e+00
2.993769776840874641e+00,3.060005916055711594e+00,4.822578952033312660e+00,5.615965031248101980e+00,4.507941704687730144e+00,6.148435882571617661e+00
1.118521143969062770e+00,4.812455824647077662e+00,5.615381416919492885e+00,2.928262160885553911e+00,4.609801689988794138e+00,5.711559755087302293e+00
