VR1,VR2,VR3,VR4,VR5,VR6
3.962223931054554171e+00,2.713730479569326004e+00,5.108371484427071785e+00,4.098109197101415191e+00,1.345573885306312389e+00,4.498563291375852202e+00
2.568756392339808681e+00,2.868645834603784195e+00,4.769938655271164230e+00,2.996205306703435767e+00,3.223338191015583831e+00,4.442678730560794875e+00
3.889742573862654318e+00,3.520028256012671886e+00,2.376162112098295864e+00,4.278876696720192996e+00,4.960556049579642135e+00,2.644895380359512327e+00
5.545289660551320665e+00,4.324769662219523525e+00,6.752634324044479719e+00,4.419409446177271938e+00,4.639332763129673687e+00,3.684399081525508990e+00
1.358569958774743736e+00,2.585432241051393021e+00,3.050929281793184789e+00,5.273798632478305493e+00,3.761803954028775543e+00,2.811193322675229478e+00
4.068001286981662190e+00,5.536797938680661169e+00,1.339103333732749590e+00,6.089733399493431065e+00,3.950496783319454419e+00,1.721558377768780623e+00
2.242094231242634184e+00,2.730614504093396899e+00,1.402630063480526434e+00,2.921566693575660345e+00,3.935576321262970190e+00,1.359049287418109930e+00
3.373614224464730693e+00,2.206145117069477468e+00,4.985190150214025451e+00,2.328922525013202183e+00,6.397799377621687711e+00,3.322250391151897020e+00
3.104529546852379251e+00,2.747631774753052092e+00,3.889770181162456542e+00,5.322336141066321247e+00,5.510403366088648447e+00,2.661947137298994459e+00
2.466667583894587068e+00,2.024248057547227475e+00,2.969054367295808294e+00,1.583594661809838211e+00,7.336366597664917499e+00,1.431186137948994741e+00
3.078981469561385964e+00,2.979276078139696526e+00,4.136059057074278122e+00,4.693579455678470680e+00,6.030213458958856521e+00,3.319655876241807135e+00
1.343987046666262675e+00,2.475725738971242151e+00,5.364705169883628777e+00,4.018432798794220773e+00,5.509257307461269626e+00,5.603982722420234985e+00
5.213686441803091043e+00,4.699981617658007593e+00,8.564631071612474500e+00,2.692733252310629322e+00,4.016054321670592842e+00,5.691019030928968547e+00
1.170061979125680551e-02,2.750756214953049117e+00,6.823439110290903997e+00,6.515332157022074355e+00,4.764049928904893427e+00,3.463652082627894924e+00
0.000000000000000000e+00,0.000000000000000000e+00,0.000000000000000000e+00,0.000000000000000000e+00,0.000000000000000000e+00,0.000000000000000000e+00
0.000000000000000000e+00,0.000000000000000000e+00,0.000000000000000000e+00,0.000000000000000000e+00,0.000000000000000000e+00,0.000000000000000000e+00
0.000000000000000000e+00,0.000000000000000000e+00,0.000000000000000000e+00,0.000000000000000000e+00,0.000000000000000000e+00,0.000000000000000000e+00
9.327097430069635209e-01,2.241287110894880197e+00,6.493404975871048812e+00,2.514492568903326397e+00,1.042211277984360862e+00,6.900922554879464599e+00
0.000000000000000000e+00,0.000000000000000000e+00,0.000000000000000000e+00,0.000000000000000000e+00,0.000000000000000000e+00,0.000000000000000000e+00
1.781112933276145505e+00,2.161179970678572815e-02,7.059576252215011394e+00,4.313815285761028129e+00,2.944411822873770568e+00,5.064251262798063813e+00
1.825030546207943249e+00,3.417600552872195330e+00,3.447095559359916184e+00,2.584050101789885812e+00,1.444760345643061994e+00,4.838944554766255735e+00
2.592720294589633934e+00,2.872383830603235211e+00,4.068721206424626757e+00,3.757469923642815512e+00,2.843611325160056325e+00,3.486493157514732211e+00
2.043633673177181365e+00,3.024797935752285394e+00,4.373069857139362249e+00,3.800839454721411048e+00,4.016176791674622493e+00,2.863854155060354234e+00
4.020176919842777252e+00,6.799359907638164557e+00,4.694117655197149297e+00,7.772003410141410384e+00,3.245309262307480402e+00,3.040250075472925140e+00
4.645548540582447039e+00,5.989719173499784333e+00,6.777400983053869510e+00,6.841122132129973998e+00,3.285028505663483145e+00,2.299099771112397050e+00
2.443276553245778082e+00,1.530921329585338331e+00,5.583759575283219867e+00,3.307555217083243626e+00,1.860886753967464946e+00,1.636937573493471909e+00
2.706500290295747124e+00,2.812946706567686750e+00,4.100479505296764415e+00,2.153606911518546774e+00,2.415375375099960920e+00,5.736162314706447773e-01
3.431567338214471796e+00,5.046924119238781259e+00,1.471363589373718472e+00,3.686151026566688138e+00,3.955323862841453320e+00,2.997526495860709517e-01
4.442962989228419701e+00,1.175784894873179498e+00,3.995606890965862412e+00,4.494969983154293303e+00,2.945393556683549185e+00,1.101447510410445751e+00
3.562533630276467633e+00,4.669965337913462022e+00,1.564638564546836363e+00,5.213246289985711712e+00,4.621774220268338951e+00,6.882425514249397303e-01
4.085283673973369112e+00,3.505757033179607074e+00,5.959236202011018335e+00,4.573523409017778540e+00,5.562795660790002650e+00,3.469457000993550366e+00
2.415724422281282813e+00,2.477952576530467965e+00,2.559600135803561383e+00,4.406092340295183263e+00,5.120398098622932714e+00,2.122231905478157987e+00
3.835846363324592279e+00,2.572644605678623186e+00,2.983941884170178138e+00,3.404919047407932275e+00,3.008571853970301468e+00,1.801974249268251782e+00
4.874199867816676246e+00,5.339000258100153218e+00,4.525838204409801335e+00,5.829049746729368486e+00,1.938405693469764435e+00,2.709084441379626007e+00
0.000000000000000000e+00,0.000000000000000000e+00,0.000000000000000000e+00,0.000000000000000000e+00,0.000000000000000000e+00,0.000000000000000000e+00
3.503916815768172821e+00,2.078267197082406259e+00,3.448871404958385511e+00,6.060836047413642902e+00,3.825967385851559044e+00,2.568529624792905253e+00
4.465612194841853011e+00,4.973377693429325674e+00,5.431176183793905210e+00,5.781760830504330428e+00,2.641197444737930056e+00,3.624662223760160451e+00
4.154369644542908802e+00,3.587287228978258469e+00,4.703329084735469401e+00,4.930178176986929728e+00,4.751147521739561341e+00,2.525918316394836438e+00
3.544502400072739423e+00,2.799648612622788413e+00,5.057305262055113992e+00,5.932273012383950217e+00,5.786682199937474458e+00,3.274665915649258352e+00
3.105007782826907814e+00,4.196572907822679888e-01,3.619741538843945339e+00,2.046344255225229780e+00,4.838429314249421687e+00,1.965201531963175707e+00
1.944499929538070493e+00,2.480136914965469064e+00,7.242247538478574498e+00,6.517526508018890219e+00,5.093413841957560528e+00,5.830379708242350745e+00
1.703286756897725684e+00,1.866680783976692348e+00,3.030646625436665964e+00,3.038145099240132652e+00,2.368100266734203707e+00,3.069754333656504297e+00
2.853174034796059466e+00,4.573855897777174384e+00,6.115731122591515856e+00,4.942204360151488451e+00,4.914913210043760472e+00,4.058092314643143794e+00
2.138384026514210667e+00,3.444131297856499074e+00,6.485848498116244087e+00,4.992771020077462651e+00,6.087423350808482070e+00,5.293365406061504075e+00
3.808276307671529803e+00,4.595932114312174299e+00,4.667727018753832446e+00,2.957343549658961290e+00,4.698401373317913077e+00,3.151652102412286549e+00
2.535746282228496185e+00,4.635153369843759030e+00,7.310509744461059611e+00,7.874714457009012847e+00,4.573590291074301817e+00,5.243375310290286251e+00
0.000000000000000000e+00,0.000000000000000000e+00,0.000000000000000000e+00,0.000000000000000000e+00,0.000000000000000000e+00,0.000000000000000000e+00
3.270061603175454579e+00,4.625328784062908483e+00,4.625592070022769953e+00,5.691115388470803893e+00,1.639439761901109183e+00,6.133141109035301852e+00
5.922777943695938241e-01,2.260184528733115705e+00,8.739966360018840419e+00,6.079433323936381584e+00,2.878882014112670085e+00,6.118024716921892647e+00
1.617643734190542970e+00,2.249076757358414724e+00,4.283275817182315315e+00,3.448632544560117807e+00,1.493850259241602751e+00,4.101436501523697764e+00
