VR1,VR2,VR3,VR4,VR5,VR6
3.285995810373864678e+00,1.145027485884840157e+00,5.178524688235969897e+00,3.072943475305108585e+00,7.672984272991829613e-01,3.344644142133649911e+00
3.223367749471410360e+00,3.094697269104208726e+00,3.819387609983704301e+00,4.280814949167611516e+00,2.423267146108333492e+00,4.464100404152586243e+00
0.000000000000000000e+00,0.000000000000000000e+00,0.000000000000000000e+00,0.000000000000000000e+00,0.000000000000000000e+00,0.000000000000000000e+00
2.350580326065352388e+00,5.144774384823680435e+00,7.108491344475234897e+00,4.249209440146204386e+00,3.896099826454324955e+00,5.546892579026632575e+00
3.769955544386023760e+00,5.795003214272945513e+00,4.073197612934556844e+00,2.974839691745431836e+00,8.866418761384649017e-01,4.519770877983838808e+00
4.797876828587112286e+00,3.137442392394571122e+00,5.229231753370904734e+00,5.988702941859871842e+00,4.101025072911085978e+00,3.485156477274461650e+00
2.022160944144457684e+00,4.635795519282669197e+00,3.025536708865875113e+00,3.750373324909254791e+00,2.192634396605758873e+00,5.890348115787869432e+00
1.512033187965189374e+00,4.503392147888138908e+00,6.896394706901825877e+00,3.238660503886417352e+00,8.231861391858399379e-01,2.528091552473465953e+00
2.684675813323044835e+00,6.689776626269206439e+00,4.372472961025692051e+00,6.085436778916143652e+00,3.999570577989719489e+00,5.363372878480122452e+00
0.000000000000000000e+00,0.000000000000000000e+00,0.000000000000000000e+00,0.000000000000000000e+00,0.000000000000000000e+00,0.000000000000000000e+00
1.412083297696898887e+00,5.104334207190294848e+00,5.750948346539320077e+00,6.261341670710685037e+00,6.918068083733714957e-01,7.664554250201387475e+00
1.102316620350509924e+00,3.263496989068148668e+00,1.829260333854978438e+00,6.239083988407597481e+00,2.510772062920157754e+00,6.863286092509927272e+00
2.356096799251945484e-01,1.415953120834787748e+00,6.458454876161615843e+00,4.615366389336337249e+00,3.028649787230530244e+00,7.399523559894010560e+00
0.000000000000000000e+00,0.000000000000000000e+00,0.000000000000000000e+00,0.000000000000000000e+00,0.000000000000000000e+00,0.000000000000000000e+00
0.000000000000000000e+00,0.000000000000000000e+00,0.000000000000000000e+00,0.000000000000000000e+00,0.000000000000000000e+00,0.000000000000000000e+00
0.000000000000000000e+00,0.000000000000000000e+00,0.000000000000000000e+00,0.000000000000000000e+00,0.000000000000000000e+00,0.000000000000000000e+00
8.632614502243081134e-01,1.197712130664824626e+00,6.897483410251162184e+00,2.277378728339788605e+00,3.188497452805390431e+00,1.331199154606430568e+00
4.588519441765752660e+00,4.117975162332584205e+00,6.393535245627456121e+00,4.588235252943346332e+00,5.330094560198656239e+00,6.059939135036256808e+00
0.000000000000000000e+00,0.000000000000000000e+00,0.000000000000000000e+00,0.000000000000000000e+00,0.000000000000000000e+00,0.000000000000000000e+00
2.445474071999446330e+00,2.975112679126853621e+00,5.522546677471211751e+00,4.407129831627895733e+00,3.907135189564495459e+00,4.521676164466773784e+00
3.620470036015402737e+00,4.672716094518635011e+00,4.019363568180185808e+00,2.634555718575389172e+00,4.055781309745954744e+00,2.965083803770583337e+00
3.530685053089790415e+00,5.134138217917939784e+00,7.015653275048102877e+00,5.960583805793378431e+00,5.093568854336309570e+00,4.617719079009235728e+00
3.158030593085930704e+00,4.674445473610608914e+00,6.006840209688967036e+00,6.174804460800051409e+00,1.010336692933011538e+00,3.304415157134923842e+00
3.306209778802051247e+00,2.127585735369603714e+00,4.526903902998829388e+00,4.492925822329559615e+00,4.447509486104824106e+00,6.809656193823169446e+00
0.000000000000000000e+00,0.000000000000000000e+00,0.000000000000000000e+00,0.000000000000000000e+00,0.000000000000000000e+00,0.000000000000000000e+00
1.415392175803821040e+00,3.899141810634862093e+00,6.783961619075336458e+00,7.344169863973831092e+00,5.673591990075670388e-01,7.496032364762646338e+00
2.057743109258684644e+00,2.180182732205628859e+00,5.781969242842678547e+00,2.753967516610688726e+00,3.789252054125253899e+00,5.466867512127368656e+00
1.269622435503941382e+00,2.751259326733441757e+00,4.906549546322609423e+00,4.870736020721494697e+00,2.647615307674691998e+00,3.533957037312863037e+00
2.531130500288726104e+00,1.026029628737306076e+00,5.125102712579201913e+00,6.612765239656260619e+00,4.094749763574679235e+00,3.940309966261407393e+00
3.590055687014735319e+00,2.704068847908037476e+00,5.651710904288067105e+00,3.962019102717156738e+00,4.974261713445719657e+00,3.627405371018868507e+00
1.850889676421491492e+00,2.255749206625124792e+00,4.717231150831304731e+00,2.788295957599728148e+00,3.295565401665002003e+00,6.917313945434488964e-01
2.059591315868319672e+00,2.392465645859951806e+00,5.298437369351684190e+00,3.077923774001482649e+00,5.554307659855513890e+00,2.013092709090987142e+00
3.405376632104302637e+00,2.074799696407536143e+00,4.768189426355820437e+00,3.937418385207661409e+00,4.500527901837582334e+00,3.511468501522746699e+00
9.620659505258664090e-01,2.677796910020441068e+00,7.717930753884992612e+00,3.181722938103596299e+00,3.615922268730991540e+00,3.842613986448933261e+00
0.000000000000000000e+00,0.000000000000000000e+00,0.000000000000000000e+00,0.000000000000000000e+00,0.000000000000000000e+00,0.000000000000000000e+00
1.039364520780916346e+00,2.568162029526980472e+00,6.061747997332234128e+00,3.832037579133774852e+00,3.444146485698933446e+00,5.705462307019355528e+00
3.088887133309264676e+00,3.039831739419682322e+00,5.825438047188264079e+00,4.028674983828212319e+00,3.623743972679570380e+00,3.855560180621406374e+00
2.364006504193534752e+00,4.680949667784393142e+00,2.073744205078149161e+00,4.174018431377434446e+00,3.292918570254895094e+00,2.861340733000163894e+00
3.786350422878252076e+00,4.340454578705168487e+00,4.574188003642586153e+00,3.105024741583672920e+00,2.321845521571693993e+00,1.947559200620951003e+00
3.553059461271258712e+00,5.680481942922600780e+00,6.222386369305907827e+00,3.531919348502132294e+00,2.047732508144332275e+00,3.431224589190162710e+00
1.414653581303938923e+00,4.663003531890002051e+00,4.334468566916790166e+00,4.449557852404775637e+00,4.036658565692330392e+00,5.483956774352115815e+00
0.000000000000000000e+00,0.000000000000000000e+00,0.000000000000000000e+00,0.000000000000000000e+00,0.000000000000000000e+00,0.000000000000000000e+00
3.272971562838926651e+00,4.140608985797832986e+00,6.451054493166238579e+00,5.553334016490840241e+00,1.631114540077240882e+00,5.870269497893523258e+00
3.210248027083392408e+00,3.690711845305644445e+00,6.712631251636786978e+00,3.122699773627082731e+00,2.176996153854384275e+00,6.624960518236763463e+00
1.229865764839259912e+00,2.693498181390428403e+00,6.489159033228236062e+00,2.790007612353536892e+00,2.276955494436987859e+00,5.867802760146913599e+00
5.310684586398890517e-01,2.270761693874087772e+00,4.714351035525258027e+00,5.132912102146891087e+00,4.350932711751598347e+00,6.707908040006127948e+00
0.000000000000000000e+00,0.000000000000000000e+00,0.000000000000000000e+00,0.000000000000000000e+00,0.000000000000000000e+00,0.000000000000000000e+00
3.059754730916994792e+00,3.657686487873297310e-01,2.949819334916093272e+00,3.119895983695115227e+00,4.383432824538905592e+00,2.306639285301793851e+00
1.317890096654644294e+00,8.415995912097389287e-01,6.456697992247368845e+00,2.981944359751049767e+00,5.373988863779396219e+00,4.264356148943934777e+00
3.365285013921606172e-01,1.560477939146051707e+00,4.389568207202342087e+00,1.967748054728313267e+00,1.972866474577788853e+00,3.529346549110423670e+00
