VR1,VR2,VR3,VR4,VR5,VR6
1.510572142726365197e+00,3.282808108242025735e+00,5.846987583809911904e+00,5.403057332897335918e+00,3.502431647372146184e+00,4.870150712963607909e+00
4.568621631980853692e-01,3.622721868011107738e+00,6.812216984167586808e+00,3.483531768853776800e+00,4.182522747309459277e+00,3.309152109111431095e+00
3.507854214770151469e+00,2.873787395721738580e+00,4.492380641297055277e+00,3.128633285935581654e+00,2.289364380705163349e+00,3.929605991819496325e+00
1.131730245259539691e+00,2.780124369236427473e+00,4.793072834980186769e+00,2.635156453563713086e+00,2.499284024640391344e+00,3.618728867684579242e+00
2.184548265589982385e+00,1.588467203422250673e+00,5.172641139441164881e+00,5.697415832728214724e+00,2.316061568505115797e+00,3.061422584855646001e+00
0.000000000000000000e+00,0.000000000000000000e+00,0.000000000000000000e+00,0.000000000000000000e+00,0.000000000000000000e+00,0.000000000000000000e+00
2.062612251748372039e+00,6.303214902597617630e+00,6.682254028629402320e+00,2.548795676853502723e+00,3.108050802798673740e+00,3.326965940033866254e+00
2.397992991625204073e+00,1.463267503507582390e+00,5.355052398270213843e+00,5.505728643878086359e+00,2.691898545981165292e+00,5.409231573798883197e+00
2.940055314830426703e+00,2.634422887393250701e+00,5.382856094660198210e+00,4.132153786673079310e+00,3.291413332015177939e+00,5.998753786784028819e+00
1.137261097657798370e+00,2.724536073763808464e+00,5.725065334416322038e+00,1.541994333845966292e+00,3.419762122148727990e+00,5.031230426596032146e+00
4.079837174787760645e+00,3.514717204345828350e+00,6.116845834006507054e+00,4.504086201382519583e+00,1.833627027922086539e+00,3.367073640586760064e+00
0.000000000000000000e+00,0.000000000000000000e+00,0.000000000000000000e+00,0.000000000000000000e+00,0.000000000000000000e+00,0.000000000000000000e+00
2.449391098967082403e+00,2.274916131633863081e+00,4.225042576360717561e+00,5.535276300958489770e+00,5.480548138641413658e+00,5.327721396843720036e+00
3.683837454335899153e+00,5.643192156518724190e+00,6.446009716345827201e+00,5.178416821146190507e+00,4.676477883042609918e+00,1.635416350891961912e+00
1.438286868267221852e+00,5.883158381105376478e+00,5.065538038603664361e+00,1.923734089400874758e+00,1.405889139709037394e+00,2.764517548097430222e+00
2.505898427586478849e+00,3.282976856414281386e+00,3.700541565076186146e+00,3.302639877067287344e+00,1.038169485212833809e+00,4.119288591291526913e+00
2.452803204997016540e+00,2.834147130689658844e+00,3.657437334607919865e+00,3.411179809835690691e+00,1.731902956434369090e+00,4.488865944484530246e+00
3.994247118937635399e+00,3.895258925167817132e+00,4.221457305282158678e+00,2.835452634362469304e+00,2.921545662375363506e+00,3.061658238942620791e+00
0.000000000000000000e+00,0.000000000000000000e+00,0.000000000000000000e+00,0.000000000000000000e+00,0.000000000000000000e+00,0.000000000000000000e+00
0.000000000000000000e+00,0.000000000000000000e+00,0.000000000000000000e+00,0.000000000000000000e+00,0.000000000000000000e+00,0.000000000000000000e+00
2.226957049031820457e+00,2.264918615672583790e+00,2.757589054550530605e+00,5.591697229924423418e+00,4.604204375957907658e-01,1.142087264270215563e+00
2.101946526265352500e+00,2.759298482595587299e+00,4.927001282287164052e+00,4.300971585429977928e+00,2.671128936790543307e+00,2.933789271148510736e+00
4.689004675980122272e+00,3.528780720913624158e+00,4.619509015608691094e+00,3.646096645333525288e+00,1.847752724040585548e-03,2.987470043470621839e+00
2.093185231231508681e+00,3.801633383774388530e+00,8.553388189152943966e-01,2.333726861575560640e+00,8.753672951665305568e-01,5.169064377781631414e+00
1.841593376458235287e+00,4.764949762481750284e+00,4.340735560557183348e+00,2.403356328993130120e+00,7.454589712114141342e-01,2.881813529890186132e+00
0.000000000000000000e+00,0.000000000000000000e+00,0.000000000000000000e+00,0.000000000000000000e+00,0.000000000000000000e+00,0.000000000000000000e+00
4.921568955537390266e+00,3.968488656514761015e+00,5.509228820621291156e+00,4.010492534728494540e+00,8.009359110313134522e-01,5.438484471392035502e+00
3.885213987223002707e+00,2.649252848414437089e+00,4.352324467814677078e+00,5.529718818263412494e+00,2.071457776596689726e+00,2.902545662824329575e+00
1.494331609708237973e+00,2.700620528487907901e+00,4.193843921835478383e+00,3.016715008667561371e+00,2.756996852775891238e+00,3.710070789808268987e+00
8.292004669967567576e-01,3.552406789129402220e+00,4.887580129206308577e+00,1.122349438608233996e+00,2.040041339179909485e+00,4.334061033387073714e+00
2.401554265385152931e-02,9.774518544833643574e-01,4.809862935582263077e+00,2.341228428160957442e+00,3.254074557858898764e+00,5.139307459891995222e+00
3.725490558872910363e-01,1.319873843694127080e+00,4.551335783964358228e+00,4.917030694439413985e+00,6.551436936254395604e+00,7.117302797770210354e+00
1.494812104516333839e+00,4.238040927670306601e+00,6.138755000672491136e+00,4.698103932791952708e+00,3.976748462581445764e+00,3.721540175864330280e+00
0.000000000000000000e+00,0.000000000000000000e+00,0.000000000000000000e+00,0.000000000000000000e+00,0.000000000000000000e+00,0.000000000000000000e+00
2.130675496328531260e+00,1.812874600752130805e+00,5.866704631072772180e+00,4.810777649343234152e+00,4.789413913530599309e+00,8.135763073431927950e+00
2.242901590158331349e+00,1.930266764556283210e+00,5.676258427780436655e+00,3.879746853449807631e+00,3.626464524678725709e+00,5.559768566355863584e+00
3.227032207177066070e+00,2.376608649273813878e+00,7.772798236185566978e+00,3.870535282931086396e+00,5.534847234701087970e+00,6.322579779947285594e+00
2.946872324804081344e+00,3.384978509457805984e+00,4.813315704040370235e+00,4.322950999103303715e+00,4.032336083085920286e+00,7.864610064501931674e+00
4.243776440575318887e+00,5.835794115493854406e+00,3.020421974395604003e+00,3.313555595797018860e+00,1.641977287706134270e+00,2.899358847141416007e+00
6.556166336572870179e+00,4.844682845634229018e+00,3.593397273490772204e+00,4.967374261670861380e+00,5.630048961195455171e-01,3.831717888818384932e+00
3.816458530891927214e+00,3.459477555948369698e+00,7.145573234327668999e+00,5.447859805618719520e+00,1.862583009274545454e+00,1.984965645479379592e+00
3.479225822104926813e+00,2.890377867268248302e+00,7.251683060597594377e+00,5.703294921435452025e+00,5.326664491859043338e+00,6.591952910940483079e+00
1.843644929499090646e+00,6.212195210174651372e-01,7.823769053309742816e+00,4.882181969711485436e+00,4.035123039170351866e+00,5.419608692091592239e+00
3.633502463519973524e+00,1.284645756077375189e+00,7.762540307865913647e+00,5.820384103526889064e+00,4.391841141393380887e+00,7.423812767697731907e+00
3.078640862707884729e+00,3.819876787791071759e+00,5.549513476829034175e+00,4.321296773633958033e+00,3.704260284986511387e+00,5.181708569684773558e+00
2.852461516996598334e+00,5.038375214774704958e+00,6.234955380098353928e+00,3.845043085491061774e+00,1.484259289566019602e+00,4.375663465133314389e+00
3.902956094693074363e+00,2.818953300021249664e+00,3.635571453041854362e+00,5.503115842545637015e+00,5.575590817706923552e-01,5.588989085598022655e+00
4.201662969689641258e+00,5.278357952152651578e+00,3.748659013787149608e+00,4.365938578510427881e+00,2.588952244037215245e+00,2.976198819560433861e+00
4.440422039424005263e+00,3.768213544168433238e+00,1.695811448760104589e+00,3.430216881135004670e+00,5.744318922307893871e-01,3.045423410997936564e+00
0.000000000000000000e+00,0.000000000000000000e+00,0.000000000000000000e+00,0.000000000000000000e+00,0.000000000000000000e+00,0.000000000000000000e+00
