VR1,VR2,VR3,VR4,VR5,VR6
1.895441302726309951e+00,3.084489220705115553e+00,5.125286581391231167e+00,4.537823309507640346e+00,4.757167342140214750e+00,3.597216015842995773e+00
3.261410293093658375e+00,4.548211466105226641e+00,4.961535727996080780e+00,2.822834849384197931e+00,3.408117323540991173e+00,4.044821649152326337e+00
3.645662737881204318e+00,3.351132446377786067e+00,2.639644916187538382e+00,2.502197070081385810e+00,6.006802377191661435e+00,5.838908034026777827e+00
2.566541511341761339e+00,5.465776175755639343e+00,3.349352693832639449e+00,4.020616065271885198e+00,3.262697621920474855e+00,2.217021990859144420e+00
5.104786915169087891e+00,5.258337887378874420e+00,3.613994742834721219e+00,3.702840112132113504e+00,4.756329581388405003e+00,4.654188347592713271e+00
3.392725807334646682e+00,2.280665562790455958e+00,2.928869765407978942e+00,2.672916531414038843e+00,2.198260639831943308e+00,2.382256279879237493e+00
0.000000000000000000e+00,0.000000000000000000e+00,0.000000000000000000e+00,0.000000000000000000e+00,0.000000000000000000e+00,0.000000000000000000e+00
1.052269605366895622e+00,4.459990023851384322e+00,5.355259716878137510e+00,4.491734728351651995e+00,4.942915253499990058e+00,2.356195265244497961e+00
4.701326751446710972e+00,4.833555007047976915e+00,8.402581709232071816e+00,2.826831122693715503e+00,7.319598452391520738e+00,7.527541689251632917e+00
1.662772957569109700e+00,3.084829979492275331e+00,4.752570173232086859e+00,1.297748164749775057e+00,5.656134544633800942e+00,5.101624588410852645e+00
0.000000000000000000e+00,0.000000000000000000e+00,0.000000000000000000e+00,0.000000000000000000e+00,0.000000000000000000e+00,0.000000000000000000e+00
0.000000000000000000e+00,0.000000000000000000e+00,0.000000000000000000e+00,0.000000000000000000e+00,0.000000000000000000e+00,0.000000000000000000e+00
2.589178866370801746e+00,2.526548834098725660e+00,7.356110789769548575e+00,3.877144715719590629e+00,4.377919280111718159e+00,3.441007195843935662e+00
2.402833594984581378e+00,1.099310443336171339e+00,4.396363184840520688e+00,2.635842477667790895e+00,8.400280305941501879e+00,8.090310323016680627e+00
1.362734568611284169e+00,4.220049957144830444e+00,2.311954429868389838e+00,1.832293719785068831e+00,4.317046437503406331e+00,1.796103173319480106e+00
1.806748298951266873e+00,6.048781729663010864e-01,5.582335913593055921e+00,3.289144200731840773e+00,6.520445496882073755e+00,6.640325025340699128e+00
3.780320901431460712e+00,1.709745376131658556e+00,3.567399465579056184e+00,3.957097136238782564e+00,5.935119412390072569e+00,3.404926462543955257e+00
2.402252464704087931e+00,3.980281193608919743e+00,2.532736207528885064e+00,3.947498940413756152e+00,4.483495002273382823e+00,4.152058132074990304e+00
0.000000000000000000e+00,0.000000000000000000e+00,0.000000000000000000e+00,0.000000000000000000e+00,0.000000000000000000e+00,0.000000000000000000e+00
2.565119374373976857e+00,4.696422655492723308e+00,4.578368988306409371e+00,4.243223268539503934e+00,5.586730766885093402e+00,7.478172595858544547e+00
4.005559952314434735e-01,1.939869727786465603e+00,4.684695657621576359e+00,4.840316916588276897e+00,4.173266335240985114e+00,4.063666882266708136e+00
4.767427490887263808e-01,3.812112069748096577e+00,4.626633532714229169e+00,5.394383233887559470e+00,3.821911659115340143e+00,3.624086558392121127e+00
3.189274947425180251e+00,1.248522495044839253e+00,4.251318950620389892e+00,5.412367697759163931e+00,8.127268018973188290e-01,3.569266817525565294e+00
9.267534315940491041e-01,3.121259389652403016e+00,6.138723344207683397e+00,3.358636286833620144e+00,1.917249764375893006e+00,3.915955163634683878e+00
2.310349113183018943e+00,5.442146579680499308e+00,5.484664290811599230e+00,4.286593890628505932e+00,3.272519186640530542e+00,4.766025810273940344e+00
1.862446306088167081e+00,3.586823226179546076e+00,5.187689872509701594e+00,4.531275324507396896e+00,2.122384563696738891e+00,2.899266302919880633e+00
2.348149338391280594e+00,1.946138313295357136e+00,6.613714126475917610e+00,5.336367552983835694e+00,2.544395602755060271e+00,3.007766223959087881e+00
3.033081337281264389e+00,2.816929758133575046e+00,5.636668414616251788e+00,3.482830983505549316e+00,3.309622711262536487e+00,4.075235900762415042e+00
2.789591091387181532e+00,7.980928234706508029e-01,7.052031269837503835e+00,3.410291827888818794e+00,4.810409405822743345e+00,5.511695955759124743e+00
4.029903075395735002e+00,3.010750549074722837e+00,4.809158332322898133e+00,2.208711672605245813e+00,3.920632273155071790e+00,6.057217219178478551e+00
1.789169181258677854e+00,1.815580319300439172e+00,2.316907555733908275e+00,2.686024574132463538e+00,2.653885839621548115e+00,3.601554435907727836e+00
0.000000000000000000e+00,0.000000000000000000e+00,0.000000000000000000e+00,0.000000000000000000e+00,0.000000000000000000e+00,0.000000000000000000e+00
3.276670014168725054e+00,1.507444819801523561e+00,3.737394402925085846e+00,3.832194539744223860e+00,7.799486746748388377e+00,5.126127363147756633e+00
1.393916469873393238e+00,2.879761536044907366e+00,6.295422811562753296e+00,4.374519776427567841e+00,3.990143148039401844e+00,3.847061588740930738e+00
1.668299155256412591e+00,4.536339681720331640e+00,8.060244931027646942e+00,1.128228658279088581e+00,3.763273621040682304e+00,4.580581108427078441e+00
1.968956564224596306e+00,1.122772232605803389e+00,8.530370582275583757e+00,2.889510220473076707e+00,6.392231490150498630e+00,6.481871841049906990e+00
1.995890967074158029e+00,2.354023993538598702e+00,6.234419639121065337e+00,1.810740874882583284e+00,7.719759270639225512e+00,6.959916871405815719e+00
2.554806779576060727e+00,2.316023676476689719e+00,4.352520986311089857e+00,4.314026967881411601e+00,7.065992446313035913e+00,6.306312753026322326e+00
2.286104290661977956e+00,3.526158558339835825e+00,3.823958831134042669e+00,4.120710999617637427e+00,4.341755094379443847e+00,3.832534381715873018e+00
3.532699736755406938e+00,1.935363253099766423e+00,4.523781456598729989e+00,5.940126883730972196e+00,4.244783165710666495e+00,3.580796448665781284e+00
3.554417732138259733e+00,1.835303493301188027e+00,4.166560814919232136e+00,5.705447180187050549e+00,2.976822556382135332e+00,3.292345403944055171e+00
2.923317257542414005e+00,4.788958525582819092e+00,3.671962539839735307e+00,5.315541242222710849e+00,4.544973669344349432e+00,5.348770309789619759e+00
1.462380017135089139e+00,1.844651811810714470e+00,4.566012381451694857e+00,3.295992887934120485e+00,5.060508855380780879e+00,3.754848137971653177e+00
4.521970613054199006e+00,1.796438316350311704e+00,7.346798246062608229e+00,3.288466128616908790e+00,5.200848843930616638e+00,5.038487819449375849e+00
0.000000000000000000e+00,0.000000000000000000e+00,0.000000000000000000e+00,0.000000000000000000e+00,0.000000000000000000e+00,0.000000000000000000e+00
2.884764207369245437e+00,2.426898168693074176e+00,5.046561546857899927e+00,2.413886432445829566e+00,4.881821405697458260e+00,2.912895358540600554e+00
3.323456383309084217e+00,2.152133401329512363e+00,6.707255902496824795e+00,6.183063206897941200e+00,4.907511692284641569e+00,4.908884010462535308e+00
8.306378034041390634e-01,3.102854692915379520e+00,6.624803622437363870e+00,5.319433028103222050e+00,6.368614912007969586e+00,6.465122318337782836e+00
3.867875238707111585e+00,4.973064479130877125e+00,5.364800765544036842e+00,4.661568431316985617e+00,2.608857252760921064e+00,2.642670780027582822e+00
2.694405256862812514e+00,4.165889765785001586e+00,3.148450941843251805e+00,4.440540059974503073e+00,2.913976286032444296e+00,6.251354675911944270e+00
