VR1,VR2,VR3,VR4,VR5,VR6
3.952553102020361475e+00,4.192513080200734876e+00,4.392339027040201849e+00,2.130737622796478270e+00,2.505071410838275003e+00,4.884144442362234884e+00
2.991121755114087843e+00,3.143476101483391627e+00,4.703948310784243247e+00,4.246321330980342701e+00,6.072172364338853434e+00,4.951346622746274129e+00
2.996713958325095462e+00,3.382242002960850424e+00,4.847519515481451435e+00,1.884975334691466387e+00,1.786842074669527047e+00,3.992798548427074490e+00
0.000000000000000000e+00,0.000000000000000000e+00,0.000000000000000000e+00,0.000000000000000000e+00,0.000000000000000000e+00,0.000000000000000000e+00
0.000000000000000000e+00,0.000000000000000000e+00,0.000000000000000000e+00,0.000000000000000000e+00,0.000000000000000000e+00,0.000000000000000000e+00
3.796120873531331430e+00,2.732411204062044519e+00,3.207199345097344612e+00,2.751805596537810317e+00,1.560847594377615444e+00,4.354138315324791009e+00
1.378128905728097653e+00,1.236369848877544531e+00,2.450728594307578057e+00,4.635272318540994974e-01,1.309301827514937289e+00,2.851951147532832742e+00
0.000000000000000000e+00,0.000000000000000000e+00,0.000000000000000000e+00,0.000000000000000000e+00,0.000000000000000000e+00,0.000000000000000000e+00
7.676988117763063890e-01,2.464633140368687414e+00,2.681676073587703435e+00,1.480459492321246628e+00,2.656851259062406712e+00,2.869123158021493758e+00
8.309769953658687758e-01,2.471972438178657860e+00,4.905042904340053411e+00,2.761143914103052488e+00,3.397794886638243916e+00,4.167913601600614193e+00
1.044076744069223794e+00,9.041127617127662219e-01,3.088683544013658633e+00,3.105802718444252264e+00,3.423947159499561188e+00,3.151875402809092730e+00
0.000000000000000000e+00,0.000000000000000000e+00,0.000000000000000000e+00,0.000000000000000000e+00,0.000000000000000000e+00,0.000000000000000000e+00
0.000000000000000000e+00,0.000000000000000000e+00,0.000000000000000000e+00,0.000000000000000000e+00,0.000000000000000000e+00,0.000000000000000000e+00
2.140406949273532700e+00,2.265328923372138537e+00,4.019862007829591022e+00,6.571035758790238823e+00,3.635156180697512340e+00,3.857798963803836578e+00
1.759298515422796694e+00,3.352645878336384833e+00,2.317738839741642742e+00,4.438776722493448901e+00,4.477615299442892827e+00,3.495491698077191067e+00
4.026352155607387573e+00,3.266851333292795090e+00,4.278022251261827336e+00,4.723334355634367654e+00,4.251286798064534800e+00,4.425724853494986455e+00
2.635701494549506307e+00,6.009887703302387862e-01,3.170327170977031095e+00,3.930111888791209651e+00,5.034814794424251616e+00,4.158573536081366484e+00
2.581707439860878583e+00,1.939172661585164104e+00,3.305669471279832017e+00,3.588557488533966833e+00,1.066323189392359261e+00,1.756566132994627161e+00
3.810515409696479949e+00,1.066953062484172321e+00,5.363334470992572101e+00,4.039826291663800362e+00,4.543890301030911516e+00,5.382205898768461338e+00
2.888636920087074067e+00,4.436355922564499288e+00,7.893520382870649499e+00,5.671835421909700692e+00,2.654201520386125335e+00,4.733157784455340966e+00
5.156213502002087168e+00,1.695839107188129358e+00,5.550260337056619697e+00,4.007023532980329428e+00,4.244269016240706627e+00,5.961991080128802523e+00
0.000000000000000000e+00,0.000000000000000000e+00,0.000000000000000000e+00,0.000000000000000000e+00,0.000000000000000000e+00,0.000000000000000000e+00
2.241367979730847892e+00,2.554914555921106611e+00,6.686005798316291049e+00,6.848917259744585095e+00,3.782289489813702499e+00,4.779175474036856386e+00
2.140299295950672587e+00,4.964107888195015583e+00,4.446225071968639142e+00,4.967297890641506619e+00,2.318606836281258410e+00,4.706501916040288336e+00
3.967278296808424809e+00,3.304667348002665594e+00,5.579870868469647860e+00,5.287943590713553021e+00,4.536032410172872176e-01,2.116965494244383184e+00
0.000000000000000000e+00,0.000000000000000000e+00,0.000000000000000000e+00,0.000000000000000000e+00,0.000000000000000000e+00,0.000000000000000000e+00
4.897102220445734844e+00,4.892540841933770146e+00,3.936084816929012131e+00,5.984272356384794378e+00,2.944744174588422858e-01,3.527106209156694927e+00
2.919927133482838055e+00,3.768650798116440548e+00,2.684980001174521735e+00,4.277300739893433068e+00,1.262654651532287620e+00,3.401550600173021799e+00
2.409041709328562764e+00,2.677890360816949311e+00,1.858343341007416161e+00,4.028025609711946231e+00,1.205119082210183823e+00,3.014050316370918026e+00
2.177086810479583523e+00,3.607051619778922635e+00,4.023946028307397782e+00,4.146357602347675808e+00,3.076953356708921561e+00,5.162645383804448151e+00
3.235468237823345472e+00,2.275161541108600360e+00,5.794141270569888036e+00,3.586412741594770193e+00,4.308703987191349505e+00,4.947649977750817385e+00
4.078360468965353647e+00,3.324145302659793799e+00,6.099763186329955289e+00,4.827609934807163050e+00,5.790206152544808305e+00,4.998223206643962691e+00
0.000000000000000000e+00,0.000000000000000000e+00,0.000000000000000000e+00,0.000000000000000000e+00,0.000000000000000000e+00,0.000000000000000000e+00
3.344798573881030190e+00,2.688996789578138369e+00,5.464395053827594495e+00,5.782243108271611476e+00,4.057650510715225423e+00,5.426241629634241725e+00
1.740536175847607225e+00,4.426078855595526385e+00,5.220638834036992471e+00,6.480835014886706880e+00,8.644022637869230863e-01,3.137537812895990985e+00
2.231313039631474648e+00,2.909492646891992607e+00,8.121039583849707810e+00,5.478603218035591915e+00,2.714706042025929467e+00,6.015322175442316066e+00
3.609903634236836467e+00,1.785387647115125098e+00,4.173112731172135881e+00,5.391254806077081518e+00,1.634393169010576186e+00,3.305584966546595282e+00
1.383089723840224661e+00,3.049906460147255860e+00,5.896358536436620668e+00,6.184466391322095191e+00,1.240828447957907033e+00,3.367726010656352020e+00
1.933144836355136453e+00,4.706283099722528007e+00,3.909635009014007068e+00,4.743174479742194194e+00,2.085122863205477906e+00,4.558839477518120020e+00
1.570486829489217584e+00,3.372748073988157902e+00,4.841390179412112360e+00,4.760150348425326250e+00,9.842543995382833089e-01,2.080423745432517180e+00
1.055332349166407724e+00,2.317732146639118529e+00,4.984461584812398982e+00,4.510353144939116987e+00,2.510850928518138847e+00,5.018794804660700493e+00
3.532694414530859195e+00,3.532431091850487981e+00,5.263928620445257778e+00,5.196096346884044870e+00,8.407432654339572764e-01,3.133399981637304155e+00
4.772846497747236683e+00,6.432927980304139481e+00,4.847462830258925770e+00,5.716307407887967429e+00,8.588848523126184631e-01,3.990513787439303073e+00
2.050126390159905831e+00,3.091049071742364873e+00,5.157940367511153035e+00,4.708613082556063922e+00,1.994236178952334626e+00,5.003272463220708843e+00
7.892583463048035153e-01,3.001247182845761863e+00,4.864895395414059465e+00,4.708207747767431783e+00,1.086531067380380300e+00,3.555648428891741819e+00
2.728016636790952631e+00,4.758493012487368112e+00,4.461110389505204665e+00,3.182142322793951816e+00,2.657766444100004399e+00,4.921455767408681403e+00
2.279374743657025082e+00,2.322716918803423347e+00,4.512444808116494066e+00,4.478786654055550542e+00,4.297495102865437566e+00,3.892480023575177306e+00
3.318190620329181773e+00,3.226925587713354027e+00,5.333489060319012154e+00,6.599023467607517901e+00,4.549338051433212016e+00,2.428925896667516682e+00
0.000000000000000000e+00,0.000000000000000000e+00,0.000000000000000000e+00,0.000000000000000000e+00,0.000000000000000000e+00,0.000000000000000000e+00
5.741653673954307813e-01,4.626294519641118264e+00,4.171965492309933410e+00,5.653467745129723276e+00,7.517178858534069974e+00,6.602570812175464710e+00
1.188761063140839402e+00,3.520082222440712449e+00,3.660461563144205677e+00,5.674554336331980586e+00,2.958578133006197319e+00,2.514294793217461077e+00
3.191853521216334588e+00,2.645498106085542034e+00,9.458646548211859795e-01,7.337465308880169346e+00,3.180023226148958049e+00,3.412474321321004034e+00
2.660761542091460985e+00,4.558927935624867089e+00,3.538677233935947797e+00,6.986670084618901377e+00,1.785585924640790134e+00,4.821261091011086464e-01
1.725306150646459535e+00,4.913835471317522519e+00,5.809728143972233028e+00,3.269724650567053192e+00,4.037241683970457018e+00,3.848529408842779276e+00
1.850219019236688300e+00,2.185214951836475628e+00,5.927139140395284223e+00,4.042899079458655898e+00,2.128643814959949587e+00,3.376311053443826093e+00
1.513980053061456665e+00,2.989487567215067365e+00,7.730900970922089499e+00,5.344395016315798053e+00,2.579142434917321758e+00,4.464355781815894986e+00
3.004985320381112324e+00,3.475565384238947786e+00,5.861625368704594941e+00,4.370835396261190553e+00,2.760784819623893327e+00,4.984321970889082465e+00
2.974668494986701273e+00,2.965559921911413710e+00,4.722688027123886911e+00,4.115265100566882772e+00,3.010909018790510316e+00,3.984864825773010821e+00
2.284270285033099146e+00,4.190593982001971973e+00,4.537571543233655191e+00,4.392039679813881214e+00,1.277238744944767745e+00,1.080010618263220756e+00
3.021589043165311850e+00,3.247091041189510197e+00,5.488495181483301621e+00,3.343078422234385449e+00,3.051500571341299040e+00,5.589098620577541254e+00
4.169917765657269904e+00,3.638604448593457885e+00,6.433919869081548448e+00,6.526978612766131782e+00,4.396712211249996116e+00,4.833987528620644625e+00
2.213489902568943180e+00,2.868288920215005255e+00,6.230957723454571884e+00,4.747200788424765783e+00,1.499860899596765940e+00,1.928060128470411527e+00
3.445713803644802731e+00,2.381981688652910378e+00,6.343024320503050539e+00,6.336807220296181598e+00,1.854411209134899874e+00,4.342992361909212562e+00
2.485594219651163783e+00,4.918975807649356824e+00,4.739182617304264156e+00,6.478521135169414968e+00,2.033084232495715682e+00,3.133666134340586495e+00
4.637018340536961603e+00,3.595623100849472564e+00,5.133503818745505320e+00,4.300879975959707835e+00,2.786105002169350087e+00,4.469398517326809817e+00
2.751805080820246552e-01,1.527102412440096035e+00,1.984044324038955143e+00,1.623823713094296295e+00,3.352821290355993078e+00,3.869073021817490687e+00
2.680765695402375748e+00,2.496845717434258205e+00,5.375946863589309288e+00,3.310080272847520710e+00,3.148587745051103504e+00,5.294372100611930421e+00
4.138782839821558923e+00,3.034234983529645824e+00,3.174618461066568642e+00,2.691296046444215939e+00,1.590861599886399302e+00,3.045870371043068126e+00
2.189622219049788043e+00,2.474543464265357429e+00,4.201351921016481583e+00,3.367911145360591441e+00,2.920189651737349124e+00,3.592732202028558142e+00
3.609714676241004838e+00,2.749164878699990044e+00,2.994478475830413267e+00,3.013379686603009588e+00,5.468004861150189910e+00,6.414094032818999480e+00
0.000000000000000000e+00,0.000000000000000000e+00,0.000000000000000000e+00,0.000000000000000000e+00,0.000000000000000000e+00,0.000000000000000000e+00
2.952258834062996939e+00,2.242806985313988477e+00,3.632778136772064848e+00,1.337353557393087478e+00,2.185367940250941388e+00,4.073956838657464274e+00
1.969415840640325932e+00,6.597360446667974720e-01,3.831781253124033615e+00,2.101260555454540491e+00,2.593635825782112381e+00,4.511481983590357459e+00
2.905144534429269676e+00,2.057438677290101658e+00,4.127426596452360208e+00,3.819757934935860355e+00,3.372385919850302560e+00,4.429006488741317860e+00
3.857813064144554716e+00,2.488371840716143701e+00,4.651011084878650337e+00,4.742877587420892382e+00,5.753928233181415663e+00,6.195426812731731125e+00
