VR1,VR2,VR3,VR4,VR5,VR6
3.568239510348096388e+00,2.614846006040529414e+00,6.047741639349104581e+00,5.282607245971881582e+00,3.787541235919581695e+00,3.456846543471057576e+00
3.940195891662551464e+00,4.555617822985245091e+00,7.620208546441043396e+00,8.378102150861003850e+00,4.647814479537135668e+00,6.892979211579830512e+00
4.211064460397600406e+00,6.545524255512163769e+00,9.594264152912222343e+00,8.895395451677831744e+00,3.732464574797637713e+00,5.119522038403615305e+00
7.993269101034071511e+00,6.731804127703044927e+00,9.403587882971674361e+00,1.057987274861457649e+01,4.308902704586069277e+00,5.675508211812074322e+00
6.825489103776170907e+00,7.132296888616611596e+00,1.060009934847998636e+01,1.244916282109513261e+01,4.794138047544359793e+00,6.688657997313711689e+00
7.321697251325936406e+00,7.737978144690849547e+00,7.583061163067554844e+00,1.212702610506742573e+01,2.802955879810633988e+00,7.884411581032257033e+00
8.547811167929237897e+00,7.111604067526892337e+00,8.095553134960869812e+00,1.165721094258148227e+01,2.508164540623846417e+00,7.512049991198410659e+00
8.012472099854482721e+00,5.435209032231686166e+00,7.151202177480110223e+00,7.882434508609992285e+00,1.544673489052537096e+00,3.733461869870214223e+00
6.888620632447599590e+00,5.079514620523131185e+00,7.559970094311676547e+00,7.416841006974842720e+00,2.147375476500793301e+00,6.420987058478367260e+00
5.211949977337924977e+00,6.309965930187162897e+00,7.450884475391646333e+00,7.332863120956725211e+00,2.085680585987412350e+00,4.986714726147453369e+00
4.868408770284082365e+00,3.468003593249887828e+00,4.747076044749349855e+00,4.439392288617035831e+00,1.958427232995855638e+00,4.911922182565852779e+00
3.996576196075271259e+00,4.322505897231349259e+00,6.350908850791940452e+00,6.112644960571749664e+00,2.995972564039975694e+00,4.912618281960299704e+00
5.131959419186014060e+00,6.114458557213641399e+00,8.505530501918938668e+00,9.757516344087299842e+00,5.092744344101912901e+00,6.728365762323363697e+00
6.483077946354352861e+00,8.248967678316530439e+00,7.451447583342134529e+00,1.093737194780191935e+01,3.694270200244305524e+00,5.805664967923927833e+00
6.040027720106502684e+00,3.710225146706628507e+00,3.216171799863331238e+00,4.071096151397114227e+00,3.029227641574684160e+00,3.226121720264508497e+00
2.814533920633961461e+00,1.348975332389388937e+00,5.992020905674817932e+00,4.146926574444359304e+00,3.497656043836923967e+00,5.087306379305031712e+00
1.659634908364157280e+00,3.114186117562729450e+00,4.761118358114091009e+00,3.114832961750724216e+00,2.326315807267764768e+00,4.350751782858131023e+00
1.914055815150315532e+00,3.299003129808057100e+00,3.371116597645804625e+00,2.407655931342768785e+00,2.824078310071111542e+00,3.697986813827740971e+00
3.011041700585078473e+00,1.334739473772914131e+00,4.227124011665635450e+00,3.225320660040775778e+00,2.408056509143504442e+00,3.070352877729308094e+00
2.188947424137617226e+00,3.288841220556721900e-01,3.594397487990282247e+00,2.186197593822151397e+00,5.038887205427240445e+00,4.151813669549426322e+00
8.492446532736215303e-01,8.733870669193857239e-01,5.197173632277791278e+00,3.107905934753137700e+00,4.915636248921145146e+00,4.981951181410330776e+00
6.773589169831959467e-01,1.704290212459508735e+00,5.446948953599129339e+00,3.697866212346625048e+00,4.799914742117759481e+00,5.733677476590692379e+00
1.292659024299915860e+00,3.536314378756439947e+00,4.882915967021225434e+00,6.472153178902019910e+00,4.188460215464263392e+00,4.728217620687496847e+00
2.641000441643813090e+00,3.896318587165935821e+00,3.401275992770929069e+00,4.081404677751741872e+00,3.431220654157101535e+00,2.872759935250854824e+00
2.216900575946814556e+00,3.282223663609834752e+00,6.014970391472434841e+00,5.499499159467024612e+00,5.024249925632096492e+00,4.664016096946171253e+00
2.578389995532742063e+00,2.962036354484367529e-01,3.586444874569355790e+00,2.166645699458396912e+00,4.455241386536243908e+00,4.284955174249806653e+00
0.000000000000000000e+00,0.000000000000000000e+00,0.000000000000000000e+00,0.000000000000000000e+00,0.000000000000000000e+00,0.000000000000000000e+00
0.000000000000000000e+00,0.000000000000000000e+00,0.000000000000000000e+00,0.000000000000000000e+00,0.000000000000000000e+00,0.000000000000000000e+00
0.000000000000000000e+00,0.000000000000000000e+00,0.000000000000000000e+00,0.000000000000000000e+00,0.000000000000000000e+00,0.000000000000000000e+00
0.000000000000000000e+00,0.000000000000000000e+00,0.000000000000000000e+00,0.000000000000000000e+00,0.000000000000000000e+00,0.000000000000000000e+00
2.838465561452760078e+00,1.117844825245937646e+00,3.711386420664886998e+00,1.541294214269890439e+00,4.097704736490185518e+00,3.461514900524899296e+00
0.000000000000000000e+00,0.000000000000000000e+00,0.000000000000000000e+00,0.000000000000000000e+00,0.000000000000000000e+00,0.000000000000000000e+00
1.375588520319974695e+00,1.828499229335856846e+00,7.215139767454996189e+00,3.016225426929290965e+00,5.031997282166033258e+00,4.728234216037543902e+00
9.596640209813116495e-01,3.107781426356958754e+00,6.162673390772580362e+00,3.486905401040263808e+00,4.554796187917586892e+00,5.692773505795180711e+00
3.485940323416139464e+00,3.836293800298087309e+00,7.521843873224152155e+00,5.780864643734122232e+00,3.048464209273187286e+00,4.160399846933080958e+00
2.711533063862936022e+00,2.337016283211436729e+00,4.823266869009144031e+00,4.910872963665130264e+00,2.437164258738500067e+00,5.199807135309324480e+00
2.675165183596610596e+00,4.966755582252868173e+00,6.982833890714097436e+00,8.960824041799625661e+00,2.579031340077484025e+00,5.533185188230542728e+00
6.421240196163244818e+00,5.762375351639088095e+00,7.292969519101913711e+00,6.633816834621108605e+00,1.442588775718692595e+00,5.315488886481908537e+00
4.392884655265168803e+00,3.193889527814614659e+00,4.846764220555755287e+00,3.965864361090966739e+00,1.338750655159230529e+00,4.273331292621680433e+00
2.231623790006165731e+00,3.482175560341028042e+00,4.392722145341216411e+00,3.910174650398077656e+00,2.499280098052619081e+00,5.233618756346280598e+00
2.193573413627968982e+00,8.491394579369027085e-01,2.651400303545119019e+00,2.035779093991324729e+00,7.952357816470598806e-01,3.712639822348007268e+00
1.248754452975053830e-01,1.032340208992158725e+00,2.260114087381415615e+00,2.620317589540739789e+00,1.246429555285991642e+00,3.687964650920208420e+00
1.987521378483848356e+00,3.095248217580488070e+00,4.579424005343826209e+00,4.889413108653208440e+00,2.449287410443837576e+00,3.377258305624422530e+00
2.177722213758761072e+00,2.903077656307066601e+00,5.752921833307702570e+00,3.023162018557646213e+00,2.496348319226296741e+00,3.370090150008765217e+00
2.081680909640090782e+00,2.290168583589433204e+00,5.958147254572505602e+00,4.320534786429501395e+00,1.601047471777222952e+00,3.283992867717698605e+00
6.998433462234858737e-01,9.788548642024967883e-01,3.515622722503243480e+00,2.912528096738330685e+00,2.475036737647387852e+00,4.489030719825204407e+00
2.471120451559362774e+00,2.039330009053497150e+00,4.517187119725443623e+00,3.340500451025999240e+00,4.695738123858381741e+00,5.297434751540965436e+00
5.581329909250023480e-01,2.058140134514236941e+00,3.426135779990677310e+00,2.782431798646733068e+00,3.072901343590971113e+00,3.811097013734528360e+00
0.000000000000000000e+00,0.000000000000000000e+00,0.000000000000000000e+00,0.000000000000000000e+00,0.000000000000000000e+00,0.000000000000000000e+00
0.000000000000000000e+00,0.000000000000000000e+00,0.000000000000000000e+00,0.000000000000000000e+00,0.000000000000000000e+00,0.000000000000000000e+00
1.566736875476748114e+00,4.025793600588527532e+00,6.847762875669092253e+00,5.288833023898897423e+00,4.139778612429443783e+00,5.510819088703897251e+00
2.150001470060919573e+00,1.914519567633248709e+00,3.494160265314402380e+00,2.690214288741988646e+00,2.300991853891227290e+00,4.157327080477895009e+00
2.135769887732401617e+00,3.912787545103295184e+00,4.424972858270080245e+00,3.831206624398543870e+00,2.268660037786963013e+00,3.016369776117204360e+00
0.000000000000000000e+00,0.000000000000000000e+00,0.000000000000000000e+00,0.000000000000000000e+00,0.000000000000000000e+00,0.000000000000000000e+00
1.971679575020339081e+00,2.082656692768070528e+00,4.592859921931310652e+00,1.950292589435178137e+00,4.308052757417094369e+00,4.141570696410251884e+00
0.000000000000000000e+00,0.000000000000000000e+00,0.000000000000000000e+00,0.000000000000000000e+00,0.000000000000000000e+00,0.000000000000000000e+00
0.000000000000000000e+00,0.000000000000000000e+00,0.000000000000000000e+00,0.000000000000000000e+00,0.000000000000000000e+00,0.000000000000000000e+00
4.449688585727789025e+00,1.364453828918736011e+00,5.659741746629242343e+00,2.334472038056155885e+00,3.267368290823476240e+00,2.507027402220993739e+00
0.000000000000000000e+00,0.000000000000000000e+00,0.000000000000000000e+00,0.000000000000000000e+00,0.000000000000000000e+00,0.000000000000000000e+00
1.255976982892250904e+00,2.246148157796428180e+00,3.953638683451574209e+00,1.929290044980619179e+00,2.715839803356406179e+00,2.344556304075995801e+00
1.122365244303283216e+00,2.338376511215730869e+00,2.336720480015497259e+00,2.257923063361384930e+00,3.245184822981324935e+00,3.121087938854209209e+00
1.910440980956217505e+00,1.577753767366624649e+00,4.243639197402695906e+00,2.424785610024664528e+00,3.310127372247363642e+00,4.259856035494236082e+00
1.311842213755457731e+00,1.542221953844584714e+00,2.940486035741089133e+00,1.084214921777164164e+00,3.319901455545430036e+00,2.031617962313927883e+00
0.000000000000000000e+00,0.000000000000000000e+00,0.000000000000000000e+00,0.000000000000000000e+00,0.000000000000000000e+00,0.000000000000000000e+00
4.114380381556039801e-01,1.628924917341519896e+00,5.357753429437447146e+00,4.152847370709077168e+00,5.876038833802245342e+00,6.291517218801629951e+00
2.403636577179931955e+00,4.037207857949330680e+00,5.217353763326377347e+00,5.912329520354322909e+00,4.663042111573891368e+00,5.662747530217014713e+00
3.614230832871248023e+00,4.294661547875468166e+00,4.623512820249339406e+00,5.448093793669283258e+00,2.578975212601892775e+00,4.309700317932794178e+00
3.302486509153183647e+00,2.872132296527256212e+00,3.258076749918955350e+00,3.929944814977980982e+00,3.829166605037079840e+00,4.663899126576265708e+00
1.428181137891174846e+00,3.514445626749948648e+00,5.324549019176769704e+00,4.928069248479625131e+00,3.016771261113996516e+00,2.733217888702528242e+00
2.681653452545506688e+00,2.735226129387923422e+00,5.576266636646782793e+00,2.565517134103018293e+00,2.677140690027583148e+00,3.907945837116777454e+00
0.000000000000000000e+00,0.000000000000000000e+00,0.000000000000000000e+00,0.000000000000000000e+00,0.000000000000000000e+00,0.000000000000000000e+00
1.013233937470912505e+00,2.823811117070263776e+00,4.181942499727079543e+00,2.945650800377943579e+00,2.351429677681381669e+00,4.122462302285655689e+00
2.926525528030714529e+00,3.656861602185048188e+00,5.311937114526945614e+00,5.534435275910820629e+00,3.186534805914796209e+00,5.085146705796822708e+00
4.163819895166239071e+00,5.014274563720132250e+00,6.310155266858076928e+00,6.307502242769041700e+00,3.529265388327610165e+00,4.171968034178051177e+00
5.252086830234876658e+00,4.181132608937224049e+00,6.198907819233505201e+00,9.148348907876934888e+00,4.330748406948783824e+00,6.421334258583821786e+00
