VR1,VR2,VR3,VR4,VR5,VR6
3.422324467910446977e+00,2.877217924586828346e+00,4.551644298121219734e+00,2.149931274410473936e+00,5.093225533629117230e+00,6.201362412131703472e+00
2.677335333264760475e+00,3.552270881109631517e+00,3.097576360849601862e+00,5.076607382409695113e+00,6.004478468594012242e+00,5.485376303906503992e+00
1.781104825099981692e+00,3.776886817487586256e+00,6.219778085977390347e+00,4.140513404422860866e+00,6.219300063398238265e+00,4.104929539605772781e+00
1.763778729899802444e+00,2.219845056307303111e+00,3.576128021813752333e+00,3.811703592300478061e+00,4.813130653028293793e+00,3.685584643920524872e+00
9.777802800600263744e-01,3.669160056340529330e+00,4.220814564026816207e+00,2.347995757686875073e+00,4.860128782563521099e+00,5.876794214531252614e+00
1.827679298609947489e+00,2.249489078697723965e+00,4.299259557228176654e+00,3.638668591127808494e+00,2.321336810925984651e+00,6.079659324288044786e+00
1.384276173335169391e+00,2.648786172863389687e+00,5.211669439113978619e+00,4.828182408378143720e+00,1.352352101112698657e+00,5.489960096758872865e+00
2.940922351832470749e+00,2.242453055562802167e+00,5.729735449622876509e+00,4.299940039609758458e+00,2.047753850316302859e-02,4.721801212587758201e+00
5.274229820214891618e+00,4.057238037909449702e+00,6.627804436669544330e+00,5.198214667581959603e+00,1.576244613904736136e+00,6.883708530589782271e+00
2.998119145708262323e+00,3.385908025167195134e+00,7.258561205604135758e+00,5.415152475389634290e+00,1.341651216422525827e+00,6.701910759262324824e+00
2.647973273154519802e+00,3.612352634916855543e+00,8.352821183800786642e+00,1.354620205479093009e+00,3.515173946888738854e-02,5.700254419663158600e+00
3.190206889927835299e+00,3.260142645254174187e+00,6.083016390590623601e+00,3.057280685610463955e+00,8.860180737959364450e-01,4.780106396271577296e+00
2.769777039284646136e+00,3.338463480701860941e+00,2.668818506819412129e+00,2.304055549989889151e+00,8.828265256362946012e-01,4.060224396603699937e+00
2.597745570621350364e+00,4.767753089572643432e+00,4.966968889671333542e+00,6.293381178812593291e+00,9.720808801806946065e-01,2.579021662640660573e+00
1.554255057215507385e+00,3.203046852554601198e+00,8.684187978533245200e+00,2.958185325762971107e+00,2.062291868272824402e+00,3.790311832080285548e+00
2.830291274244031818e+00,5.357293935340670110e-01,2.131414464130333641e+00,3.331981952090367738e+00,3.042063276794872984e+00,2.927464215969090677e+00
3.524825826664915951e+00,8.761938357541496636e-01,1.560090953553693982e+00,2.724603652039169432e+00,2.899332654554815036e+00,1.371064635357405415e+00
2.289072351745166767e+00,9.091186218281532838e-01,4.758263202826004346e+00,1.999583018555653346e+00,5.024835932886229983e+00,2.309329066831986133e+00
1.643007003224539186e+00,2.500391612590333601e+00,2.396723210057447595e+00,3.448846514181775014e+00,7.238882842143570251e+00,1.747690206730854179e+00
3.644948739982968533e+00,4.219885963331193146e+00,2.655301105562458019e+00,5.074655686257568021e+00,7.827180224219480564e+00,1.382120799523370192e+00
4.489546777106468767e+00,3.453385870105563082e+00,2.207958589122373638e+00,3.085870355888087779e+00,6.186986938071905584e+00,2.544128890419176336e+00
3.103384461071630351e+00,1.253823375957833441e+00,2.663547590222778982e+00,3.346322575806752742e+00,5.540149779087149895e+00,1.524215537576340651e+00
3.873068685470910211e+00,3.262540879956794981e+00,4.128556371383641732e+00,4.028112805847846367e+00,4.715656449014609564e+00,2.046071506618396096e+00
3.701236715388185328e+00,6.283260665661068778e+00,9.483448832265539252e+00,6.372344154417463713e+00,4.455035785092532841e+00,2.827135686200852316e+00
2.086872135461240951e+00,5.190862486146347266e+00,6.463926341953377452e+00,6.113786042695149803e+00,6.109926222437593424e+00,8.901840633810271797e-01
3.151153161095301414e+00,3.194088917309574782e+00,5.390665448655433067e+00,3.362755432127066513e+00,7.865052421171590424e+00,3.171041100847806771e+00
4.628399371013982133e+00,1.132422951488118779e+00,4.188694924396494379e+00,5.347954875634142624e+00,9.340256835948881786e+00,2.188944414640307201e+00
4.009039344445596065e+00,4.188444257655102199e+00,4.766120294891849518e+00,4.679279120784889834e+00,8.315477056532785127e+00,4.991328880905298249e+00
4.004384130288462629e+00,5.475494240135065915e-01,5.045297994076645587e+00,4.964272343302053692e+00,6.065633270411472822e+00,4.647836170344014306e+00
2.964017151093663927e+00,3.895958648823098613e+00,4.310490506499104590e+00,5.040985928239017255e+00,4.604332403054794298e+00,4.730130979788803813e+00
3.913142573493851639e+00,2.481344294879864965e+00,5.514252966919197085e+00,1.673336363136411986e+00,1.685092349986649696e+00,4.232582549957315976e+00
4.081615833509724567e+00,2.383303779581985360e+00,5.124593583446199752e+00,6.433598043646558295e+00,5.593021024815438835e-01,5.282311877295154723e+00
3.157570114419864460e+00,4.099395295944540329e+00,8.107564864142117855e+00,7.126963853168380325e+00,6.071421844208146901e-01,6.833647427297201205e+00
2.611622453385081588e+00,3.517123562322423957e+00,6.178669815643983654e+00,3.609815872013734772e+00,2.892439662495438935e+00,6.225866286184198017e+00
4.120446333118838567e+00,2.012506750380451237e+00,4.394039795788968306e+00,4.203374795307926348e+00,2.626120684156438401e+00,6.051263929158873012e+00
2.301815734768931421e+00,1.149387449104224856e+00,4.218058625802147077e+00,2.094697089153065406e+00,2.474428441990672134e+00,6.982785631219383227e+00
1.611623674164671449e+00,2.683023786155468215e+00,6.347992355643202522e+00,2.831543666521856295e+00,1.711548835450381389e+00,5.030134044815287808e+00
1.924901497622011792e+00,5.000402637662454630e+00,4.035648929275073904e+00,3.363280921688091674e+00,3.232039214377364189e+00,4.645500532393032955e+00
1.174422337563192587e+00,3.440304391578858478e+00,5.125317893360842980e+00,2.331953549721850649e+00,3.653056676182155016e+00,3.174571487618905063e+00
9.398272824417750471e-01,2.016338555780479158e+00,4.563936994464453001e+00,3.177943408896270583e+00,4.652494600043094231e+00,3.142424403152218382e+00
3.070622019908324507e+00,4.778855581609734671e+00,7.920960068884930649e+00,5.893373786036510964e+00,4.103218800537680622e+00,2.648113982101572450e+00
4.371907259434202331e+00,1.250150423137825539e+00,2.075994710115199204e+00,5.295726208831142756e+00,5.164387335818943825e+00,2.026490893575156882e+00
3.928493599247144807e+00,3.935676303353913941e+00,3.704595246151363597e+00,3.246194223969971926e+00,5.612959245258037910e+00,2.948722031300155422e+00
2.266353356348252301e+00,4.647281640605061881e+00,4.553467630043961378e+00,4.806977518416069906e+00,4.574439065223302237e+00,4.628939764756797359e+00
3.912794960997030280e+00,2.800301804978986286e+00,5.475219695799677488e+00,5.216830258181483160e+00,3.516402999516751393e+00,4.551181349404767928e+00
4.926266935706675731e-01,3.073008208130429519e+00,4.736641897781332489e+00,3.638384786366740009e+00,4.112672743128954700e+00,2.720231327708020785e+00
1.690627483821518728e+00,4.014930135288961921e+00,7.501670804771892520e+00,4.102819743846813694e+00,3.871912698442858680e+00,3.876345763343472584e+00
3.194884523309929669e+00,4.752019002296028027e+00,5.583802910184958002e+00,3.164000656100331099e+00,4.544115568402055771e+00,3.984180207974604038e+00
3.637188644475153332e+00,7.282009570527554487e-01,3.327444992018423697e+00,6.235583439111936244e+00,4.038106340109447245e+00,5.197392605812733990e-01
1.803919695157480962e+00,2.156848909802631553e+00,2.521137875212019708e+00,6.304141882934972685e+00,5.462590994622091856e+00,7.057848341220562816e-01
8.492970428064161581e-01,2.289448493161176046e+00,4.325424687696881598e+00,2.318178927966877634e+00,7.300154098997355234e+00,2.386100976225042025e+00
1.064333787471012371e+00,2.665416878357975250e+00,5.902671257121447468e+00,3.137718693413231730e+00,7.735213949615729057e+00,3.548334679657028534e+00
3.607084980739423408e+00,4.978481013512921827e+00,7.489013174285359398e+00,2.586654357350376188e+00,3.935602331770196027e+00,7.285583253695800288e+00
3.334928666324512125e+00,3.419543483554598140e+00,7.101267619265362541e+00,5.663932545468497892e+00,2.521211011467157093e+00,5.640575100266724817e+00
4.174294151823399801e+00,3.007391868474518226e+00,7.532372291715435431e+00,4.407617854071386176e+00,2.050506070379016776e+00,5.364553984210983728e+00
0.000000000000000000e+00,0.000000000000000000e+00,0.000000000000000000e+00,0.000000000000000000e+00,0.000000000000000000e+00,0.000000000000000000e+00
3.233224269982498900e+00,2.867314119446564558e+00,6.533545289606252915e+00,2.810835180304304348e+00,1.689821789367639493e+00,4.505349150884958576e+00
3.880144911736063573e+00,3.140442163915845519e+00,4.899451402989529747e+00,5.107668570246838513e+00,3.270892504049736971e+00,5.285677431529425263e+00
3.644817188692260679e+00,3.396570877752945083e+00,5.275799855631902346e+00,2.711875254152421810e+00,4.124216515393523075e+00,5.628639865335852477e+00
1.200206994529746662e+00,2.010580768445846545e+00,3.889841724124653233e+00,3.415018336065644533e+00,2.759589604520800155e+00,3.866505487973743715e+00
1.134531591864500477e+00,2.331257503643910489e+00,5.789491968163217095e+00,5.052812773692453518e+00,1.915993878806006023e+00,4.939669005226415166e+00
1.341056704963630164e+00,4.357134993715648719e+00,7.264824725738298739e+00,2.727070233411859945e+00,1.382667416689988826e-01,5.486516476942732368e+00
2.971212804314419476e+00,1.080458619165811651e+00,8.077484080211995376e+00,1.923146934521116513e+00,1.141032325067829145e+00,5.040323852551663819e+00
3.111600764317699053e+00,3.458008706991801517e+00,6.618424278968129570e+00,6.383052587960454716e+00,2.285712745150683123e+00,5.340098736062223850e+00
3.349791657424352476e+00,9.473819455857648286e-01,5.851264157256659715e+00,2.731849753050306084e+00,1.609633279283255280e+00,4.359273376417802659e+00
4.464729471492919544e+00,2.942767026383815487e+00,4.918826682997923250e+00,5.548645944920989947e+00,6.282741692417195267e-01,4.842639502087032533e+00
0.000000000000000000e+00,0.000000000000000000e+00,0.000000000000000000e+00,0.000000000000000000e+00,0.000000000000000000e+00,0.000000000000000000e+00
0.000000000000000000e+00,0.000000000000000000e+00,0.000000000000000000e+00,0.000000000000000000e+00,0.000000000000000000e+00,0.000000000000000000e+00
0.000000000000000000e+00,0.000000000000000000e+00,0.000000000000000000e+00,0.000000000000000000e+00,0.000000000000000000e+00,0.000000000000000000e+00
0.000000000000000000e+00,0.000000000000000000e+00,0.000000000000000000e+00,0.000000000000000000e+00,0.000000000000000000e+00,0.000000000000000000e+00
6.000690046893824015e-01,1.837472941538155213e+00,2.846282888183282012e+00,4.528051448485126862e+00,4.096416368953770260e-02,3.864373004087284791e+00
6.682450305876828089e-01,1.746777878154323504e+00,6.483802497906244966e+00,2.298160746476837435e+00,1.686495470565831045e+00,5.423789836337647330e+00
2.858362162163521347e+00,6.990846985249818957e-01,3.911519693689298638e+00,3.336147099572869923e+00,7.310573178135539862e-01,5.968384213961918761e+00
1.774818498364918007e+00,2.510807062032864856e+00,3.873890199052883787e+00,2.569372808771692718e+00,4.143876726012637235e+00,4.161934489071187571e+00
2.058426451627251463e+00,6.138696397596557830e+00,4.325578560437767450e+00,4.966873806281739689e+00,4.654177757178270980e+00,2.157302940335169783e+00
