VR1,VR2,VR3,VR4,VR5,VR6
3.231539028857670193e+00,2.729980033132659578e-01,5.775008398159661382e+00,4.698425752605879246e+00,3.202639800797847602e+00,3.130653968846691448e+00
1.920902379209903810e+00,4.597173191038995910e+00,5.947379567347148566e+00,3.507577895846591964e+00,1.995756070198769550e+00,4.707530590644518398e+00
1.740614855616500201e+00,5.675679670841342173e+00,7.490439692369920799e+00,3.841947263192937445e+00,4.463043874381902754e+00,3.020597814116754876e+00
1.230424608504343986e+00,4.549067973768353035e+00,4.502020970096170416e+00,3.281591997077020206e+00,4.126054361449529750e+00,3.087929598729444169e+00
3.653679534478878388e+00,4.532433908159488212e+00,6.675098334139573097e+00,4.105614954991466448e+00,3.996283968580509161e+00,2.511006064228199719e+00
3.743546945495899170e+00,2.444112925149176885e+00,2.503408857229831863e+00,6.115453204646387420e+00,2.690437492803797515e+00,5.752461621466684605e+00
2.170552373428965343e+00,2.046303370002839461e+00,5.643171290402568374e+00,6.547861257176710303e+00,4.589459311911838313e+00,6.020127555459442448e+00
3.029953217438853930e+00,1.712352516581294948e+00,5.156083718327993282e+00,4.081779902243060754e+00,3.766888820004663962e+00,5.646048621823764435e+00
1.892053546667443742e+00,1.566814907010563696e+00,2.800901782975139920e+00,4.863521958672421874e+00,3.802539292630373602e+00,7.597286208758085913e+00
1.258627580921958700e+00,2.421613655053909575e+00,3.797625631758184905e+00,4.871113205266023982e+00,3.169861632920071504e+00,4.921293690576652224e+00
2.468448275821569560e+00,2.064322951556369912e+00,5.733112530230073389e+00,4.210880901703541568e+00,3.629206861130414463e+00,5.915007065208159887e+00
2.696748126946685531e+00,3.154675472383891677e+00,6.104978595760540472e+00,4.754195542220474913e+00,4.053499935426930989e+00,3.572504644496059090e+00
2.853011450164399498e+00,3.960278498286368354e+00,6.520035056203640877e+00,2.074976161098415872e+00,4.888034026524198161e+00,1.917578802509877445e+00
3.727705031017749970e+00,4.860621636805531054e+00,8.593624077257111082e+00,3.281629832580907458e+00,4.716603386980309232e+00,3.125190293284132448e+00
6.793522466448249642e-01,4.410677997291053920e+00,5.248678512413787800e+00,2.704600500674454011e+00,2.324386482082803518e+00,3.702651816160933862e+00
1.239385745216849743e+00,3.024840708873898443e+00,5.966812490017439075e+00,3.467804543508979265e+00,1.500651171740579715e+00,3.088006328938980083e+00
2.684784719724423674e+00,4.755741843920030298e+00,3.913521399014783686e+00,5.334573984579162875e+00,2.155237049679956662e+00,5.675116562170208212e+00
5.320510498848268099e+00,4.347520889824245671e+00,6.907869149241513185e+00,6.249458703593711917e+00,6.058305362787089976e+00,4.911527895465266802e+00
0.000000000000000000e+00,0.000000000000000000e+00,0.000000000000000000e+00,0.000000000000000000e+00,0.000000000000000000e+00,0.000000000000000000e+00
2.444046652038130318e+00,1.358502073632076979e+00,5.446143873675836744e+00,3.959444008787206926e+00,3.058633588813038706e+00,6.727259318952766520e+00
1.127237245744504790e+00,1.571559093719887557e-01,5.425508654972518663e+00,3.337577282252706556e+00,2.616087378283524778e+00,6.444037393145302772e+00
2.636200914686163799e+00,1.117678245330038678e+00,4.478512200098201390e+00,4.533233501051423531e+00,1.592607348597952388e+00,5.860758451618581333e+00
0.000000000000000000e+00,0.000000000000000000e+00,0.000000000000000000e+00,0.000000000000000000e+00,0.000000000000000000e+00,0.000000000000000000e+00
2.046801797676752965e+00,1.568402084741556957e+00,4.232193647845653217e+00,3.895902189744467670e+00,3.044180851271602872e+00,6.248592634826398040e+00
2.208207528834341016e+00,3.301977488854206388e+00,7.107159979918815651e+00,4.888187399939656785e+00,2.787628519800248839e+00,6.305412715367696208e+00
2.493243211758103595e+00,3.766728193294825111e+00,5.821829633665249304e+00,5.667863162567825519e+00,2.655558004117727577e+00,5.959045727692367400e+00
2.949043166371895897e+00,4.267955155087870267e+00,6.175711402792321891e+00,6.558284306601301239e+00,3.509895909552775972e+00,3.870598881968922100e+00
9.685923958027868874e-01,3.851392984311846401e+00,4.569832651417059743e+00,5.004753240894913802e+00,2.880060733285605412e+00,5.222019635364111956e+00
4.747084054742368053e+00,2.893830976149082357e+00,3.607765651995999523e+00,5.089917951861313128e+00,4.616724326043509130e+00,4.203941521408879112e+00
2.058809961557295676e+00,7.057840598519677933e-01,4.360413985010247018e+00,4.096228563993207672e+00,1.536819755137195820e+00,4.393858912679267981e+00
3.842957164463656206e+00,3.399028338703319996e+00,4.369820418547658569e+00,4.059503701317384028e+00,4.688699136735225537e+00,3.771204981377402010e+00
3.224608189793139790e+00,3.487428107333428784e+00,4.233150262388172713e+00,1.588102869898398772e+00,1.234154485971191040e+00,1.467876715229480045e+00
4.909626221784506583e+00,6.985192342498269369e+00,8.952692340174623453e+00,3.151012694176820172e+00,4.427512813280731763e+00,1.556174976318626335e+00
2.572479354455280198e+00,4.930576178766052031e+00,7.651961242913920103e+00,2.698326935209721000e+00,2.892188938565657175e+00,2.128808218632441296e+00
4.093474694728997498e+00,6.377918048819061880e+00,6.721700791339181080e+00,5.223257452905265552e+00,2.560486848964675932e+00,5.839994482179768909e-01
6.607993780257213956e+00,5.798375460400723824e+00,5.036358110661762311e+00,5.335608766295056427e+00,5.132381087650215612e+00,2.252501344202124223e+00
1.829296372312698038e+00,5.269990607525247839e+00,6.998241357057823464e+00,5.377131184772822259e+00,3.898873563686003241e+00,8.756497641012672695e-01
2.570100739832702708e+00,4.673375737906258820e+00,5.758946523399470330e+00,3.921469687492391998e+00,4.257681006696391712e+00,3.701646911832079834e+00
3.080723387713601547e+00,2.461709248615553847e+00,3.262902448842357472e+00,3.980733233262568227e+00,1.758445136837297751e+00,6.136082020722245289e+00
3.669752136172485191e+00,2.160743673976488921e+00,2.256618120099635583e+00,4.952849702446468605e+00,3.272929754236343580e+00,6.653874350315192032e+00
1.789747150662231778e+00,1.771084692076120959e+00,5.986418507932912192e+00,4.665302526574151010e+00,3.985978136716386011e+00,4.590346803819117305e+00
2.477106012751287611e+00,4.405523633030412611e+00,4.658336638100147198e+00,5.701114059985295413e+00,3.730849043642486595e+00,6.550638785303005918e+00
1.987669198108717783e+00,5.686143695271433707e+00,5.472299035854362614e+00,2.709839220809119986e+00,3.434637835461300526e+00,4.082115292967746001e+00
2.090331195088614535e+00,6.435044240096079449e+00,7.599596643511990379e+00,4.194022092370507160e+00,5.682538388605450130e+00,4.161279395766973366e+00
2.430840101324535318e+00,5.903790609302811632e+00,6.447735416914687434e+00,2.303699940068376861e+00,3.024497629046851266e+00,3.791437248354623257e+00
2.733574805455639911e+00,3.555583361126567254e+00,3.041897795305023244e+00,1.479292892701203677e+00,4.480667336636826370e+00,4.012919139151463810e+00
1.852949634512972121e+00,5.020786927329579541e+00,4.421790016040556104e+00,4.027500765282878703e+00,4.282187772991643548e-01,2.502585650849400878e+00
5.643602701777398423e+00,4.346200796066744587e+00,3.537789241096834125e+00,6.412913035016561736e+00,2.314759686950253581e+00,4.077097941698839101e+00
3.141380895394154660e+00,2.390771693175349544e+00,6.555388172310493644e+00,5.680836314942965259e+00,3.480579382804646738e+00,3.314561836397865058e+00
7.669960456254059089e-01,6.270007167476476795e-01,4.251222921325565451e+00,5.117085349287978424e+00,4.233478793271832075e+00,6.492283315229101959e+00
2.519159776210481372e+00,1.200069097165371801e+00,2.842353035260953842e+00,4.368987157850598990e+00,2.331862426319020187e+00,5.143418229387947349e+00
0.000000000000000000e+00,0.000000000000000000e+00,0.000000000000000000e+00,0.000000000000000000e+00,0.000000000000000000e+00,0.000000000000000000e+00
0.000000000000000000e+00,0.000000000000000000e+00,0.000000000000000000e+00,0.000000000000000000e+00,0.000000000000000000e+00,0.000000000000000000e+00
1.923016886710450013e+00,3.154344184018225583e+00,3.122701853665541094e+00,5.316217320958301684e+00,2.117443291736461397e+00,5.690978540218507575e+00
3.924445678851867569e+00,1.459046887784035018e+00,3.354044224387354056e+00,3.819418528746963304e+00,3.795637667358866985e+00,3.327425232468173455e+00
9.517865427580951554e-01,3.531351378941031349e+00,5.724061371849054503e+00,4.237893328285820438e+00,4.608813587910365328e+00,3.819996526494916722e+00
1.669305342384759472e+00,3.878330634734966864e+00,6.886336480729732479e+00,4.935276786429034779e-01,2.862002295073971414e+00,2.374309550064653163e+00
3.958676879854948538e+00,5.964953394009830490e+00,6.851503147835453333e+00,1.140442776534230873e+00,4.668884679818997796e+00,1.809206406330727823e+00
2.045441966710028758e+00,7.272216370501553229e+00,3.100697842904577062e+00,4.464041487605825864e+00,1.160586948539743091e+00,3.620072471724235186e+00
3.570831488174882828e+00,5.426455430945877012e+00,7.727364391372853802e+00,3.586111934460701978e+00,3.723536919331082995e+00,2.530323605448302260e+00
1.440081017583689116e+00,4.326183499466715432e+00,6.797093523624663902e+00,4.940976837522711662e+00,4.414478523150468625e+00,3.104764837795556343e+00
1.427686572873593462e+00,5.054110630324709419e+00,5.676884387101239327e+00,6.909998709117575189e+00,2.189216764085134326e+00,3.087765912496494458e+00
5.091164683674770153e+00,6.841200981672059811e+00,5.066126986906382967e+00,7.316529244318083158e+00,5.253007746001956413e+00,7.485232018475970861e+00
6.715597481391308854e-01,1.051762216613245648e-01,5.106169763303907594e+00,3.052400788622064098e+00,1.954333347044296065e+00,2.356952146629324396e+00
3.178242056078507183e+00,2.825185220695199728e+00,4.420969884757036894e+00,5.920238967495205173e+00,1.593842527140013399e+00,3.825546458777851822e+00
4.820185232767578931e+00,2.966707150578606456e+00,3.873014349939997381e+00,4.830668435822829565e+00,4.813464951211029685e+00,3.243631248560850722e+00
8.217939279494812510e-02,2.004154123981701119e+00,3.777361693560380651e+00,3.511213416218430083e+00,2.450402818036176988e+00,4.520146096526825197e+00
4.200679636629476299e+00,1.901288373376490703e+00,5.526227994226789342e+00,2.899826351973107563e+00,2.268555950734930438e+00,4.560040792870569959e+00
1.693222156476216878e+00,1.336682588699598773e+00,4.054623693313319066e+00,3.959738848886329876e+00,2.588844254844358872e+00,4.282382214897876516e+00
2.708428485205221836e+00,2.023128528982669927e+00,5.109313821472686534e+00,4.368222902602721724e+00,1.876137128943209609e+00,4.146516463387364126e+00
3.785968915546658931e+00,4.653125750113277448e+00,5.365012900507075244e+00,5.195897490220458437e+00,5.601722211867220302e+00,3.261653042950400927e+00
0.000000000000000000e+00,0.000000000000000000e+00,0.000000000000000000e+00,0.000000000000000000e+00,0.000000000000000000e+00,0.000000000000000000e+00
1.535676299162138658e+00,4.738789325874812164e+00,6.419696000526407431e+00,4.789826035548053085e+00,3.721004324469991076e+00,4.155376321169344855e+00
4.002325990535158251e-01,2.635180255637439739e+00,4.984451238877995571e+00,2.555895359633529207e+00,9.556997481369058356e-01,3.221164070646001409e+00
4.045164611630411855e+00,2.057494603706599090e+00,4.997910540222791909e+00,5.166482530374323368e+00,3.405225477183631444e+00,4.738603768611318046e+00
