VR1,VR2,VR3,VR4,VR5,VR6
2.459421328221627068e+00,4.083338819385586405e+00,6.910993565988392540e+00,4.718829006207990950e+00,5.948113221431878372e+00,3.301061643004790103e+00
0.000000000000000000e+00,0.000000000000000000e+00,0.000000000000000000e+00,0.000000000000000000e+00,0.000000000000000000e+00,0.000000000000000000e+00
2.991865817976687936e+00,3.432941488508459038e+00,5.373840501861010921e+00,1.424893836040177941e+00,3.462690406987403602e+00,5.781445048793909081e+00
1.977723688574879457e+00,4.691025837437480028e+00,3.858827374323051895e+00,3.908026692317347450e+00,4.179941774957155687e+00,3.897538114992309399e+00
2.204141097998161491e+00,3.453137536703308363e+00,5.989388664976377896e+00,4.886840751738542821e+00,4.348972421067579752e+00,4.352930531046178331e+00
0.000000000000000000e+00,0.000000000000000000e+00,0.000000000000000000e+00,0.000000000000000000e+00,0.000000000000000000e+00,0.000000000000000000e+00
1.112252774889408435e+00,2.093468358351761704e+00,3.820791591660747777e+00,3.377107922898025194e+00,3.165131888567506380e+00,6.184477861985146596e+00
3.476129462015698834e+00,4.084990077645105799e+00,5.893146235912779751e+00,2.092146835947466421e+00,4.192788417742981721e+00,4.597914755015501953e+00
2.281347157351705679e+00,4.063300780173313420e+00,4.963076973568567141e+00,6.000188109903197287e+00,5.929394497557525234e+00,3.898173997481664710e+00
3.367555453442626856e+00,3.137708625673607088e+00,5.131446300835099450e+00,3.825480705807343007e+00,5.596432308443736403e+00,4.146189732545730422e+00
3.614646708393258301e+00,4.136363129228410429e+00,6.594803743837521104e+00,5.147890059888972303e+00,3.566303623358319630e+00,3.727071878216710488e+00
3.860127700953241536e+00,1.384915929930178535e+00,5.137782328728516035e+00,3.346807088304643685e+00,1.959054003573381442e+00,1.548644905663519644e+00
3.485959141663593996e+00,3.856026665417098709e+00,9.915320616190816949e-01,5.554148628905297258e+00,4.432133420945616464e+00,4.272733483832956480e+00
4.159139422502043715e+00,5.049783760350967654e+00,2.063554471484612129e+00,2.870448716141722922e+00,1.514115520051598995e+00,6.020770332433333039e+00
3.920975972145241517e+00,1.677990140350044790e+00,4.609339098634821497e+00,4.165215966409046899e+00,2.633464527485155138e+00,4.600360976580311956e+00
4.471126336063178996e+00,3.639840048717358556e+00,5.004972991746052813e+00,4.872182196819630384e+00,3.561456178773325210e+00,2.635027843474607501e+00
8.608623642388268937e-01,3.178844428748786033e+00,3.693075739923863843e+00,6.097025444960442186e+00,5.201523888053941391e+00,4.728976600297420951e+00
2.336444006714014421e+00,1.701484437888714618e+00,4.444176301658920636e+00,2.467388031583588770e+00,2.707535196814629952e+00,3.587224482990312602e+00
4.689586421061630261e+00,7.967463004412786987e+00,2.615409403586650416e+00,5.483770519104973928e+00,1.043704835780955076e+00,2.614669924309970028e+00
1.035484513583678545e+00,1.095734538064950137e+00,7.648118419005998980e+00,4.936843024257082213e+00,2.225167634320345478e+00,4.471428676946577419e+00
3.823410447151772473e+00,4.169527546553259967e+00,5.165444697912188410e+00,3.815620962146728079e+00,2.868792144887864382e+00,3.079755626319653050e+00
1.973905360344798243e+00,2.612507482020985261e+00,4.068132229674755074e+00,4.825566875703398928e+00,4.300686284620893751e+00,2.876898839849109990e+00
1.092613880174208019e+00,2.770845870484388129e+00,5.189438478391515730e+00,3.960195941987367796e+00,3.219034829526659536e+00,4.709757722107116962e+00
2.148055199653512659e+00,3.881473015695164896e+00,6.819963252116393093e+00,6.103722341900433612e+00,3.441971388343707083e+00,7.685356724071790602e+00
3.638870680351435460e+00,1.275471815699550149e+00,5.009735160295928580e+00,3.152015555519442014e+00,1.445651163006711704e+00,3.818537123300520530e+00
2.654153843576003702e+00,3.093202238961980211e+00,4.087521518750213190e+00,3.032674278387495370e+00,2.391817803438668566e+00,4.656834276765921210e+00
2.282132949631795249e+00,4.806381416302783371e+00,5.393944662303100657e+00,4.035133720694463300e+00,1.314593230980006133e+00,3.795323870685884504e+00
1.654973954127199942e+00,2.317799510662334583e+00,3.010860221330600162e+00,3.636782798188066046e+00,2.902248805874388271e+00,9.890026345502449523e-01
2.325831068814172120e+00,4.781344735187177619e+00,5.186766492302701259e+00,1.589717315675777787e+00,1.935676420283946264e+00,4.396942819716734618e+00
2.076153115542376248e-01,2.027386588801126877e+00,7.596944636299717502e+00,5.234618373515632861e+00,3.193726590508187524e+00,4.695103184053465384e+00
0.000000000000000000e+00,0.000000000000000000e+00,0.000000000000000000e+00,0.000000000000000000e+00,0.000000000000000000e+00,0.000000000000000000e+00
7.311514399598482150e-01,3.445459271880952024e+00,1.620475253708139718e+00,1.523937766810104844e+00,2.219671119008727267e+00,5.423303031422546994e+00
0.000000000000000000e+00,0.000000000000000000e+00,0.000000000000000000e+00,0.000000000000000000e+00,0.000000000000000000e+00,0.000000000000000000e+00
0.000000000000000000e+00,0.000000000000000000e+00,0.000000000000000000e+00,0.000000000000000000e+00,0.000000000000000000e+00,0.000000000000000000e+00
1.860576026851240572e+00,2.924499607729666550e+00,3.744873021692911585e+00,3.038586011484500471e+00,7.614296812967840111e-01,6.591456296749401034e+00
1.333075729442397384e+00,4.150102390335052682e+00,3.764099854841380211e+00,4.241964357413524844e+00,1.561150806686854242e+00,5.406394183801992881e+00
3.453339012159162724e+00,5.636591580522386735e+00,7.260527036539016876e+00,4.795725154020042069e+00,3.477526894734235263e-01,4.851274936452510289e+00
3.541858120290894973e-01,3.955815287946284897e-02,4.552871099286242007e+00,2.408384781427650889e+00,9.805123108035322943e-01,1.763998561543696386e+00
2.010954619941199617e+00,3.743122799569981396e+00,1.269746048384957859e+00,2.636211290393315032e+00,7.078399411809437325e-01,2.358175506795539444e+00
2.609779405266897445e+00,1.168573561460331645e+00,5.083357690617161140e+00,4.160916403211595949e+00,9.702471461973294353e-01,5.903330800613773022e+00
1.546035325448998687e+00,3.908681867003648058e+00,1.478768895905797187e+00,3.893178200857137394e+00,3.352635258196672741e+00,2.254288330316236877e+00
2.882607816748102181e+00,1.915281112731897606e+00,5.518913577830316441e+00,3.387702393833655901e+00,3.170520900243470663e+00,4.317452806894770845e+00
2.252388781287176567e+00,3.514689897788685791e+00,3.373911536412368406e-01,3.619365721218090748e+00,2.861429917072222828e+00,3.579675265329859357e+00
8.272602320412731913e-01,4.322440540791487429e+00,4.173221110111800414e+00,3.528380107709128133e+00,2.062345709085611656e+00,6.197908403133455479e+00
1.322888477394552842e+00,9.360469517332772327e-01,7.238458598552155010e+00,1.672886571027693670e+00,2.479911477936066699e+00,6.728905479795117550e+00
1.357223843307992839e+00,8.211291431129841278e-01,1.837416979851720811e+00,4.397333821107964447e+00,6.033650152879135753e+00,3.638163496605391067e+00
1.838565144789091610e+00,2.155129760425840590e+00,4.747679783333903281e+00,2.669491679174639032e+00,3.792373556914787613e+00,5.372725250803652486e+00
4.019364185864539252e+00,4.266056965922686572e+00,4.687437309667433993e+00,3.991864677614882506e+00,3.694546501830411334e+00,2.007271766274311364e+00
2.975013880617032314e+00,2.773279178250566357e+00,4.870912737602520970e+00,3.852857101623784253e+00,3.647201543913626942e+00,3.099769468196599931e+00
4.303131235712998048e+00,4.603804170918529337e+00,2.292760248877157903e+00,3.037745823934747680e+00,2.260855761422754462e+00,4.588675804019944238e+00
2.935652742381444469e+00,4.268575694225195782e+00,3.382305470657115620e+00,4.876435555735255001e+00,1.610958336549650927e+00,4.500364675350568611e+00
1.485178243788960017e+00,1.114604616275842730e-01,5.327503043527912929e+00,4.959863154804872387e+00,3.041340305352984608e+00,3.928873033056218489e+00
2.225729945168295032e+00,2.167407788103918875e+00,2.955869417330482030e+00,2.235170944599286891e+00,2.035779716547525986e+00,3.795178902778789887e+00
2.697726735477987692e+00,4.597169520267527787e+00,6.223196655637488917e+00,2.877492267051524166e+00,3.564175780929191628e+00,3.999118423566947023e+00
2.062094574187002038e+00,3.397150375641620812e+00,4.934256389082511518e+00,2.375412908832206682e+00,5.642606807866464180e+00,3.532478364760198719e+00
2.408037662180491534e+00,4.224189777303845261e+00,4.608437864454240973e+00,5.864941174576665972e+00,4.226577648032057155e+00,2.362503428364122193e+00
1.718784390963716158e+00,8.013444666635471947e-01,7.894771915451997302e+00,5.280109132731670485e+00,3.143103622090967608e+00,4.767479185353287185e+00
1.641961215858791512e+00,1.647123362193114726e+00,2.075034706807788787e+00,3.953736019483652608e+00,2.601801746105537383e+00,1.131306895349935449e+00
2.516628767428826574e+00,3.984871658725445798e+00,5.817817841889345587e+00,5.016085967149339631e+00,3.295250898301432585e+00,5.066604906809448750e+00
1.839514338010131755e+00,1.976254085582630049e+00,7.153205550918444899e+00,3.461207792119785687e+00,1.222835138203810290e+00,5.080697427866319060e+00
7.774141104940843761e-01,3.357304370272855998e+00,4.322286414350728911e+00,4.242250798487573249e+00,1.597402290265889979e+00,5.004166135758687517e+00
2.494003523104801445e+00,4.167034160569432544e+00,2.398685946503660293e+00,4.947332723138718968e+00,3.356686215095825432e+00,3.152891254070961047e+00
3.704980429975318845e+00,4.397235338232231783e+00,4.921071836125520349e+00,5.456100384756691568e+00,1.939854460812115988e+00,4.426922272160087601e+00
2.013615621985358040e+00,2.213412737077990133e+00,6.723082998537341481e+00,4.646320507852997217e+00,1.473241983674321354e+00,4.064573539180867279e+00
3.299367461568985416e+00,4.509845040338557709e+00,4.489162282091063716e+00,4.581071656908461520e+00,2.354403216825019740e+00,2.011581057571987685e+00
1.841010180915186645e+00,1.427504589736697582e+00,6.137086093534199094e+00,4.914480514509851794e+00,2.172283036337455897e+00,3.384467005842380249e+00
1.432176543068735652e+00,3.024909739846076029e+00,3.366102076472224702e+00,3.898362439590784767e+00,4.553158014656257357e+00,2.065905949821429388e+00
2.327113273184131526e+00,8.550562165423305494e-01,5.154670338662307394e+00,3.956190745204511305e+00,5.737050070962176562e+00,4.177289104084746185e+00
3.380042654289512782e+00,3.389938157451235501e+00,4.438054316848920600e+00,2.601296485749152509e+00,3.161075976452718983e+00,4.521888429380966912e+00
2.050347459526356886e+00,4.237825213582297579e+00,6.384560372584873633e+00,5.457335646696265030e+00,3.779591241155238812e+00,6.472218870040373773e+00
1.201873376764115431e+00,1.519264648010202112e+00,4.786342422165825283e+00,4.730922589037227510e+00,3.234344407342843564e+00,4.090500185066905381e+00
2.220979510649138344e+00,2.531516757579876487e+00,5.393088818645273008e+00,3.921601484946604543e+00,9.752865966249140151e-01,5.249361891701942895e+00
2.949310759064640575e+00,2.748504120953471297e+00,6.216659835410801804e+00,4.555398094367094863e+00,1.862910336487643814e+00,4.899269671336514698e+00
1.011329542923123048e+00,3.121929273122610926e+00,5.944759877848110996e+00,4.773578315883900913e+00,2.113318068507284764e+00,2.019957897155180149e+00
4.413819741199758173e-01,2.951487329603811105e+00,6.952177653707448890e+00,4.454972516772978786e+00,3.801713475530395847e+00,5.320014835334466952e+00
