VR1,VR2,VR3,VR4,VR5,VR6
2.437363560164667042e+00,3.013522920765371538e+00,4.986744864808045463e+00,4.066347354391706581e+00,3.219090041380929801e+00,4.212679250089481187e+00
2.393949302316802807e+00,3.018958331972311893e+00,5.007263426546745499e+00,4.049377833212219002e+00,3.216133152082127911e+00,4.244613216141480017e+00
2.377450928726321688e+00,3.017114827018029910e+00,5.010449512723627485e+00,4.041631896539811031e+00,3.219680180747944487e+00,4.252832508052623695e+00
2.396897994796913345e+00,3.026421405435738343e+00,5.000582072656819754e+00,4.027215459488919791e+00,3.198990186260916246e+00,4.247048655012733320e+00
2.398183344741476652e+00,3.035955275386545971e+00,5.020973666840414573e+00,4.047805658735545542e+00,3.209151394778988031e+00,4.227359111731209040e+00
2.410662774297152033e+00,3.042102438553214494e+00,5.008287112759416182e+00,4.042388602583832480e+00,3.189184719162194259e+00,4.230936188532716358e+00
2.401705056301149277e+00,3.033617218722354458e+00,5.013453013711558270e+00,4.050798352451256079e+00,3.189736792589497494e+00,4.223328494958815682e+00
2.400208861268899874e+00,3.017187413233943349e+00,5.027922371766000431e+00,4.052526285163844832e+00,3.200193449249612243e+00,4.236188173029170834e+00
2.411345936629111453e+00,3.004125736951129610e+00,5.013956526060064256e+00,4.055644721132308561e+00,3.189292907496648510e+00,4.216775969453664175e+00
2.403579050185138843e+00,3.009687608754037402e+00,4.995708550218040500e+00,4.060615223975407417e+00,3.216630649400641584e+00,4.220110989860180517e+00
2.431507272711197487e+00,3.006822052456489480e+00,5.022004978032612144e+00,4.038181180029928541e+00,3.199285903469326620e+00,4.213632003366056367e+00
2.391382250204505233e+00,3.010771685043361234e+00,5.011460307331384811e+00,4.042579430418055786e+00,3.217017731894803223e+00,4.201608105405217231e+00
2.416985850226072152e+00,3.012509610336067123e+00,5.008613193504555028e+00,4.041244885590477232e+00,3.229575984746965833e+00,4.206299324140641893e+00
2.407851147405007719e+00,3.011822974664141839e+00,5.036383820648866916e+00,4.047972700842726645e+00,3.229985899565379626e+00,4.200660229178576621e+00
2.400605996646801188e+00,3.018126422358236915e+00,5.011471574941726459e+00,4.051082395567120464e+00,3.208721569691617148e+00,4.202854779937752028e+00
2.389317551471580536e+00,3.022471594895149938e+00,4.993072242557730078e+00,4.035367771974098794e+00,3.204475680650679337e+00,4.229257484173961856e+00
2.417891505829634635e+00,2.998760168789449843e+00,4.982104548523318854e+00,4.035697310138552929e+00,3.179758870870203147e+00,4.229918679245631807e+00
2.406256746779382283e+00,2.986765954241452636e+00,4.983451906412165400e+00,4.036581949866953067e+00,3.201150771371334081e+00,4.233553631575467158e+00
2.422636072109180194e+00,2.985583895682450528e+00,4.999920388721170283e+00,4.054554411349363896e+00,3.199026911102446746e+00,4.230735002589343097e+00
2.432870373199413017e+00,2.987995483308194089e+00,5.012802675303822397e+00,4.055252716241957600e+00,3.194440319862958511e+00,4.226275387841817555e+00
2.409945616316538253e+00,3.007257632295913030e+00,5.034393558297232119e+00,4.058729129613859676e+00,3.234516074770697358e+00,4.234241905565180097e+00
2.405778449976624600e+00,3.001301139978341137e+00,4.991677469860738015e+00,4.043206659390788715e+00,3.195222683879410663e+00,4.243520667130497692e+00
2.406078469208448034e+00,3.009654008992145080e+00,5.014350662021312743e+00,4.052908944891806975e+00,3.203932560035910537e+00,4.232275401019766292e+00
2.390044289715880232e+00,3.020973967721618525e+00,5.013117368824565823e+00,4.053157597369811960e+00,3.218816140349866295e+00,4.241858656194790633e+00
2.403833754002493439e+00,3.020562994551390990e+00,5.020741628761562048e+00,4.063641256661401080e+00,3.212506694774653671e+00,4.218781582644504979e+00
2.396699743636261815e+00,3.023902762448499981e+00,5.012472570778168546e+00,4.041337273447439316e+00,3.198309815037407411e+00,4.224880032901350724e+00
2.404305429464532295e+00,3.004809894501560219e+00,5.022968249216277492e+00,4.057614949949426730e+00,3.215243038206237358e+00,4.242773384883249399e+00
2.403002411284112405e+00,3.017243369898608307e+00,5.034618479657814838e+00,4.032967882429385753e+00,3.220716919537278677e+00,4.226580688688016174e+00
2.409063970578580793e+00,2.996171259992987945e+00,5.043065311531748307e+00,4.032549522464428549e+00,3.190061391333943064e+00,4.232866224624995510e+00
2.408102638733124135e+00,2.995407566405829503e+00,4.996014458505177558e+00,4.039580684482767303e+00,3.192600970203926636e+00,4.226847451963799962e+00
2.404478670664416118e+00,2.982710806751616595e+00,4.996764366377107969e+00,4.074313045470920436e+00,3.195678181346921498e+00,4.218538924935671730e+00
2.384686812374895659e+00,3.014697507291636658e+00,5.002728919992073031e+00,4.052520602798890259e+00,3.230305747021431362e+00,4.237079714067490066e+00
2.385369345048660161e+00,3.028691575938526892e+00,5.011027651895526347e+00,4.049373421262485451e+00,3.215983208604333399e+00,4.221336449444076599e+00
2.418044125374953612e+00,3.006680901714750664e+00,5.002414901838291961e+00,4.060218203117112346e+00,3.195824968753866457e+00,4.223943108806467173e+00
2.400783500987697217e+00,3.009615560761053743e+00,4.984361842573984624e+00,4.044016057753514026e+00,3.193088771371640266e+00,4.251902821068759941e+00
2.399428698720046604e+00,3.012746437658416987e+00,5.033029917231974792e+00,4.055127027937544426e+00,3.218230655841291643e+00,4.258148228683395153e+00
2.402549866681946256e+00,3.027279267077364722e+00,5.014818621226299733e+00,4.041878936265911548e+00,3.200429742558414947e+00,4.241283042060147501e+00
2.406902061361821055e+00,3.025971364826666399e+00,5.004390898875525906e+00,4.038904246401108900e+00,3.182297891094057363e+00,4.244781462988376219e+00
2.372294977565803986e+00,3.029668401067179051e+00,5.007138106512859288e+00,4.045644670823705269e+00,3.227474171802169778e+00,4.229023089764110566e+00
2.397346180984863739e+00,3.029419782259517469e+00,5.016594991161844597e+00,4.029103126941715907e+00,3.224639055581439262e+00,4.237654373603084501e+00
2.383518924284433904e+00,3.041341543553821136e+00,5.009046823919366176e+00,4.026841331608435937e+00,3.210059551433177116e+00,4.229981003622590663e+00
2.399903387680447420e+00,3.033862084131741188e+00,5.004988904320876841e+00,4.030932897804166970e+00,3.213459053490276496e+00,4.215965465654737621e+00
2.380133228090783870e+00,3.028887551065587935e+00,5.020590235170595328e+00,4.042628020582927029e+00,3.219431433106062723e+00,4.204727928215087118e+00
2.414512869997019084e+00,3.018476933848877941e+00,5.018724295222302345e+00,4.051807561994395179e+00,3.199704884279408468e+00,4.219502546955060218e+00
2.400261598780367933e+00,3.027668040559924112e+00,5.044658013243960681e+00,4.048931663111886792e+00,3.223628319624162852e+00,4.215699268316452475e+00
2.400716130781587410e+00,3.039773677087723946e+00,4.989673300729347005e+00,4.043450085684623829e+00,3.197486872162267346e+00,4.232929597516627673e+00
2.420727440026027466e+00,3.008617990562390432e+00,5.041729336579595433e+00,4.056681146258456216e+00,3.214183191992689093e+00,4.233188785507333129e+00
2.394153746147867245e+00,3.023098559502417348e+00,4.995530392940240816e+00,4.052354761512775738e+00,3.215729286616868077e+00,4.232782838849082019e+00
2.388425223004933873e+00,3.029526377639404799e+00,5.011820950397454233e+00,4.061303861059764486e+00,3.218381521965405501e+00,4.244733819003029041e+00
2.398833347300294072e+00,3.022582884097516853e+00,5.003405313442145008e+00,4.045496925450507320e+00,3.216638205959295504e+00,4.225212599141164205e+00
2.401802200247304064e+00,3.030180712794151798e+00,5.021866194338430844e+00,4.048989309384809943e+00,3.208369849833739185e+00,4.224612988587941764e+00
2.401187017647255395e+00,3.007869379378837138e+00,4.995477312206452858e+00,4.055755313829108921e+00,3.207429894181311081e+00,4.237154216334813484e+00
2.403731818428539224e+00,3.013673773774689479e+00,5.014818324486860490e+00,4.060140312257942696e+00,3.223802302193206071e+00,4.210422800304209900e+00
2.404297931131233135e+00,3.015625535570473748e+00,5.010113448106921830e+00,4.058248036875329312e+00,3.207027343257493612e+00,4.238843186374898764e+00
2.412322047543610459e+00,3.015956446521761425e+00,5.019584016758799727e+00,4.061297376803085335e+00,3.199948213237062244e+00,4.241643772496221487e+00
2.408847144932428908e+00,3.004434799801097178e+00,4.994711669725448111e+00,4.080485197082895255e+00,3.184868206847855099e+00,4.250251469146079764e+00
2.389715602470927625e+00,2.997684133864038536e+00,5.005964140012165053e+00,4.057080022368985794e+00,3.211375493237608403e+00,4.233166517105749982e+00
2.407287526601181504e+00,3.010207583888591110e+00,4.995847297965886114e+00,4.046157713560535107e+00,3.216373382842426576e+00,4.253806249588494737e+00
2.405726469281293411e+00,3.018992122801440914e+00,4.984053230890600261e+00,4.035467737637993935e+00,3.192642108309014848e+00,4.225373120426395346e+00
2.411388091938190037e+00,3.008307763635507115e+00,5.024270735886085859e+00,4.025120558132019077e+00,3.210340827645251860e+00,4.224470849996122546e+00
2.425053085582640211e+00,2.998646696070806250e+00,5.006944475307367526e+00,4.032589819264779329e+00,3.197814494094330051e+00,4.239843179633890458e+00
2.396015421916905641e+00,3.022278521272582896e+00,5.019865630870103068e+00,4.035092158678209806e+00,3.214787748358053587e+00,4.243618608953979354e+00
2.381854444787876890e+00,3.029586732915342751e+00,5.031822780567928532e+00,4.039941048321176176e+00,3.225540218261295777e+00,4.228101902330250184e+00
2.402829601953850425e+00,3.001184179417371478e+00,5.017649977643628745e+00,4.059810140168568005e+00,3.212823735039521011e+00,4.238063484308934648e+00
2.414169726309568276e+00,3.034636991211294266e+00,5.030638877036572865e+00,4.054742673447231383e+00,3.211918595582948566e+00,4.237713638503382008e+00
2.392945159948692169e+00,3.036644149386508396e+00,5.009884649835214532e+00,4.043939689605497989e+00,3.208314340946970766e+00,4.247545235173329381e+00
2.419259776927698891e+00,3.017325018235841316e+00,5.022530396691240462e+00,4.052266439578498414e+00,3.198600278346768633e+00,4.238787990422587804e+00
2.404250750654600921e+00,3.019216811380575294e+00,5.000919137127970870e+00,4.042434637520073260e+00,3.204117144448269894e+00,4.256935486193504481e+00
2.377569798976804538e+00,3.019887572679978316e+00,5.034176898639569409e+00,4.057343229213483227e+00,3.220941372840829153e+00,4.239531057389099189e+00
2.399100817650787310e+00,3.038315548988998582e+00,5.019725249743212103e+00,4.048292395833392732e+00,3.194947537770025381e+00,4.230731275040511719e+00
2.389637462988060346e+00,3.046055967299264200e+00,5.017600755240838595e+00,4.044708458771843596e+00,3.206368119430309971e+00,4.224803397988778464e+00
2.408772963608946771e+00,3.024957410493604559e+00,4.997842831040328448e+00,4.041408929975517594e+00,3.191783041734592707e+00,4.221038102497893796e+00
2.403861413515048451e+00,3.008742052569419734e+00,5.012873267308843417e+00,4.039576710091989042e+00,3.207284911827012142e+00,4.219127190121529480e+00
2.397369027501000449e+00,3.005278058213141090e+00,5.010497012276212025e+00,4.040415548724999084e+00,3.214484445452431061e+00,4.221360078545341565e+00
2.410707159060533122e+00,3.008736772909939461e+00,5.028134176453865400e+00,4.043858303064544302e+00,3.201724197417928686e+00,4.236986476741418706e+00
