VR1,VR2,VR3,VR4,VR5,VR6
1.694266315538290213e+00,1.311742085673166303e+00,2.066479833454256454e+00,3.146203563648546364e+00,1.601118527431118155e+00,3.777055476198787343e+00
0.000000000000000000e+00,0.000000000000000000e+00,0.000000000000000000e+00,0.000000000000000000e+00,0.000000000000000000e+00,0.000000000000000000e+00
2.976739563137043465e+00,8.255862393238211361e-01,3.935010161054175892e+00,4.192467550713331548e+00,6.594031660011205886e-01,3.080322869231196581e+00
4.792563073708864252e+00,8.855277503181269161e-01,5.621340837675653290e+00,6.851799106596996758e+00,4.188165381573909052e+00,4.015598933460617914e+00
3.266905283682253192e+00,3.765646191807538568e+00,6.985422472213688394e+00,6.287072946243446481e+00,5.936980349905830678e+00,7.499044745792721400e+00
1.915677839382987857e+00,3.520974924714088239e+00,5.583023295553166676e+00,3.752756597250877846e+00,4.458933797023522771e+00,5.645315155283741504e+00
2.735155063071205372e+00,2.656622133441274514e+00,5.710456301505250742e+00,3.692305974393823575e+00,5.091718921522764063e+00,7.523316151858089107e+00
1.177113059472416845e+00,2.947043578246487883e+00,4.650772837584289832e+00,5.294671986470573799e+00,3.095220054488252437e+00,6.298619777888390558e+00
1.313221640791927936e+00,4.274921686896345108e+00,5.794574736476341137e+00,5.073634500079934995e+00,2.570038393564394230e+00,4.798591232745788915e+00
1.475531794904589855e+00,3.303256374052493616e+00,3.778793647179743864e+00,4.751222186754334054e+00,1.410403641568700239e+00,4.793638499339982317e+00
2.316977966239469389e+00,4.346351905662705128e+00,5.965844768043053747e+00,7.179676602861610135e+00,5.181561921249180358e+00,4.123227147909573453e+00
1.994132950669542881e+00,3.987003748902928191e+00,3.473984256049304165e+00,5.812127085716685571e+00,4.471471004286276418e+00,6.488508584001573709e+00
7.124270048094554220e-01,5.975883657839846208e+00,6.939093943852807200e+00,5.807365115509623976e+00,4.782797622683058414e+00,6.569083043582494952e+00
1.290477046071497158e+00,4.570835292553164564e+00,6.286811291487150122e+00,4.480083723487699565e+00,3.486151452584293153e+00,4.960003313596858199e+00
1.418689455842545577e+00,1.504312329661406489e+00,3.751307867663423945e+00,3.623886040700089683e+00,5.262047697329293783e+00,6.373679711495150890e+00
2.089723085014462800e+00,6.886839269905293826e-01,4.131870005969720872e+00,3.620017500013152922e+00,2.610844973164416771e+00,5.070257780328962127e+00
6.833444229507177337e-01,7.324409673267981979e-01,5.884837642371666178e+00,5.302980929032807822e+00,6.610618021347123729e+00,6.114781282224946324e+00
2.173630097824847063e+00,3.751346868760836450e+00,4.388687398542467477e+00,4.861225917034212252e+00,3.829348743701465274e+00,4.407079519400165957e+00
1.911737767087242190e+00,4.658893368628942433e+00,4.461582698104784583e+00,4.944465044198462778e+00,4.742908729086283692e+00,3.344178783252636844e+00
1.882847912263120538e+00,4.037183967346937408e+00,8.579911864999834492e+00,5.528835402674125099e+00,6.647819421525029249e+00,5.664232607630210303e+00
3.163415713796086770e+00,3.788532198339434665e+00,4.774875060623701373e+00,4.638155118475841832e+00,2.045200648273131083e+00,4.571108210227028401e+00
2.848448273895833438e+00,2.370485646012205017e+00,3.544372590893828168e+00,3.873832045464017160e+00,4.469842089253619477e+00,6.285127415327202982e+00
0.000000000000000000e+00,0.000000000000000000e+00,0.000000000000000000e+00,0.000000000000000000e+00,0.000000000000000000e+00,0.000000000000000000e+00
1.915390139350531928e+00,2.816747940568695707e+00,5.551900205266949939e+00,2.131207943681842742e+00,5.411110928066298342e+00,7.016200392506983796e+00
2.223184716770028935e+00,4.980499152623695913e+00,5.124689329032038110e+00,3.743860198324190591e+00,2.400494266229058038e+00,3.421328227410965539e+00
6.104645867699374229e-01,1.732599708241818304e+00,2.900366471283228442e+00,3.706194517759688445e+00,3.740332828406491394e+00,3.457152616690152058e+00
2.733785361568151107e+00,3.186102232134476075e+00,5.645334957566992884e+00,4.845141411106736129e+00,4.193664876359036953e+00,4.608998145395315937e+00
5.652923871688306789e-01,4.827852023734688913e+00,6.343001889628142820e+00,3.474914462259905079e+00,3.619463343910612974e+00,2.890436794351169514e+00
4.014261134775168216e+00,4.251913872982129305e+00,6.454331490841108909e+00,4.146216893968049710e+00,3.494536262024381834e+00,4.286270435970251036e+00
2.798005299516679312e+00,2.257304641223576880e+00,4.625414907371377282e+00,3.667910301055226530e+00,2.616330262850546262e+00,3.704576078767490177e+00
1.541798731734396632e+00,1.660865377067942017e+00,5.007493458675158493e+00,2.303976132434180535e+00,4.059581964169766799e+00,5.835276432044990358e+00
1.536247940505681697e+00,2.658027423746542439e+00,4.957493677896759543e+00,4.177664245173798641e+00,3.500968796785411286e+00,4.016621000741262826e+00
4.084932385785816855e+00,4.449369969028269978e+00,7.732314545189344912e+00,4.104275699650404619e+00,5.840223086022706234e+00,5.719381771692029659e+00
3.026601632331459957e+00,5.583134659467331673e+00,4.934634447029404569e+00,3.425285072741786507e+00,1.989776286671603556e+00,3.015329897085693212e+00
1.692579050688309827e+00,5.331560271008382479e+00,4.832736522561775772e+00,4.018394148607783656e+00,2.580696068325338821e+00,3.795824509156184412e+00
1.327972271328018650e+00,1.874184142044136747e+00,3.633213319024008570e+00,4.535723486809168925e+00,5.309335618357142295e+00,2.576553077485477683e+00
2.220461832489140974e+00,4.386127328124324265e+00,5.417368395011914473e+00,4.188404229511241361e+00,6.364761822967938798e+00,4.230137753666631362e+00
2.702242240460508427e+00,3.566867661197341555e+00,6.070777373896088847e+00,4.511920984265681334e+00,4.663179517130613405e+00,5.076089319212287343e+00
2.028534651527391652e+00,2.191492778741843228e+00,2.098444261590051152e+00,3.065225164044105721e+00,5.254150574158927611e+00,5.546041635357578770e+00
2.148582768399081910e+00,6.503043380034543297e-01,4.808853724978652266e+00,2.547773022624033157e+00,4.930077134811464035e+00,5.497161835967157018e+00
2.494781423610878957e+00,1.781633266422883555e+00,3.813927947799610862e+00,4.435293689715948950e+00,2.989325212194008596e+00,4.747470440517871815e+00
1.643124723272027410e+00,2.133750845034966481e+00,4.933495093291383249e+00,3.721947936056889006e+00,4.044004799460072519e+00,5.561405597073313167e+00
8.887328589258802758e-01,1.210527113934755317e+00,5.124177877529262126e+00,3.960472134335102812e+00,4.503427661555633676e+00,5.055234246334057602e+00
0.000000000000000000e+00,0.000000000000000000e+00,0.000000000000000000e+00,0.000000000000000000e+00,0.000000000000000000e+00,0.000000000000000000e+00
3.769601378834273930e+00,2.179941480939440623e+00,5.456600758066050716e+00,2.266497507811879863e+00,3.783865059335495662e+00,6.139460541432178786e+00
2.006392470126179717e+00,6.620759412855036885e+00,7.137558358651673984e+00,4.306173829169202882e+00,2.478128856860189355e+00,5.434560943132394684e+00
2.746503994192548426e-01,3.096367436510656379e+00,3.336916712958333697e+00,3.650332016469202578e+00,1.487742678979907751e+00,2.928093724534742481e+00
4.021560699110869663e+00,2.765525451910057164e+00,3.858798112412534120e+00,2.638081418811597523e+00,2.690592173486681116e+00,3.321226827689887973e+00
2.537287125239401586e+00,1.581862738117920664e+00,7.780772998930904905e+00,4.076944173792310444e+00,4.791892373585643128e+00,5.881281855749667997e+00
1.694506692857189245e+00,4.108512059335229338e+00,7.445486580194031312e+00,4.544571149416258393e+00,5.127590157540338645e+00,6.884336242529430550e+00
0.000000000000000000e+00,0.000000000000000000e+00,0.000000000000000000e+00,0.000000000000000000e+00,0.000000000000000000e+00,0.000000000000000000e+00
9.040333512536182781e-01,6.256455824916946185e+00,6.376725976080606983e+00,4.208437264672356015e+00,5.969212428507330692e+00,6.288589455493585056e+00
2.228390172653382351e+00,5.640320336408022328e+00,6.111279078207727089e+00,2.544188395875017328e+00,4.958166971584042848e+00,6.144945409938310732e+00
0.000000000000000000e+00,0.000000000000000000e+00,0.000000000000000000e+00,0.000000000000000000e+00,0.000000000000000000e+00,0.000000000000000000e+00
0.000000000000000000e+00,0.000000000000000000e+00,0.000000000000000000e+00,0.000000000000000000e+00,0.000000000000000000e+00,0.000000000000000000e+00
2.342097836302399649e+00,4.184273679774612731e+00,4.640440890258168416e+00,3.414556103273263865e+00,3.258904218608444037e+00,2.957027288220863248e+00
1.496252435406906445e+00,3.684506269014542479e+00,5.161545473750372537e+00,3.440882462823255938e+00,3.271019468600411706e+00,3.341697418553862597e+00
3.528178806076662788e+00,4.145149667849172381e+00,6.395021319730997078e+00,3.649796436696310042e+00,3.184725144253584883e+00,3.411086865521719247e+00
2.111650486772719937e+00,5.090040283289065215e+00,5.022077146078046894e+00,2.966011589278819471e+00,3.621407766898063763e+00,3.409628097005735103e+00
3.023873221292931124e+00,3.289067886045093925e+00,4.815336223131232884e+00,3.443945461880228986e+00,3.376814570213077182e+00,2.938288748746863632e+00
1.416548160435727732e+00,3.631954827937642794e+00,3.211349554995901467e+00,1.873519365744865883e+00,1.282772957137094716e+00,3.233996413338160014e+00
1.630366386828614678e+00,1.776137463858028731e+00,3.844178081012898485e+00,4.203902033534041571e+00,4.520333752301210595e+00,4.444905830466403529e+00
2.753882999148245414e+00,4.130710650004371765e+00,7.704374926765773068e+00,3.298786547396173052e+00,4.517364459246663522e+00,5.000994577417257503e+00
1.021787734507670464e+00,3.274976431759279993e+00,4.470444372046039838e+00,3.364889056515102173e+00,2.996126243334860106e+00,4.149706849690645960e+00
2.857607348741643349e+00,2.813450921690058504e+00,4.201615456200273435e+00,4.172074701608392111e+00,3.791029229418807933e+00,3.579327092338449479e+00
2.039154105571973741e+00,3.281293519731593111e+00,3.289280475432703632e+00,2.475712918558892639e+00,2.507896882224533996e+00,3.536894485043262648e+00
3.636202293457704293e+00,2.782095586887540328e+00,6.109296634389296266e+00,4.908443839073402870e+00,2.231472714549470382e+00,2.849512410837673926e+00
2.924894380853522158e+00,4.584571299791475596e+00,4.575731988366609215e+00,3.028939675736082471e+00,2.990313129604246001e+00,1.978410055577053850e+00
2.852365039776016076e+00,4.148975741489598690e+00,5.514219389819311701e+00,1.724141723832352646e+00,8.013004988972740605e-01,2.746582695059359480e+00
4.702661728131086960e+00,5.648356032832944074e+00,6.764863123778384946e+00,4.660527590931305753e+00,4.061993263257149600e+00,4.244622970242545534e+00
2.818244098825541943e+00,2.889718345422295442e+00,5.425155862116548988e+00,4.815191274643969344e+00,5.696485145773048764e+00,5.358969182768028361e+00
3.417381759789925866e+00,1.323378422375989238e+00,5.535539144644848086e+00,5.261891282398883263e+00,2.939437885962260744e+00,4.100582770806201260e+00
2.154889199422115098e+00,2.327843405287995715e+00,4.759210677162972303e+00,4.242077926063866578e+00,1.538434582508269921e+00,4.924558550408939084e+00
2.409539141377063931e+00,1.597126117037664272e+00,4.847918219588257749e+00,2.954446262366801967e+00,2.013200038744943576e+00,6.118577260067135981e+00
1.892845890897715044e+00,1.686319067765922108e+00,3.745042181860780417e+00,1.701558711152417747e+00,3.069320167451695891e+00,4.969191626568107090e+00
