VR1,VR2,VR3,VR4,VR5,VR6
2.125855095506274051e+00,2.700480759733378644e+00,3.192323182982570451e+00,2.043752593896398739e+00,3.095159752230197014e+00,4.531488434523531339e+00
0.000000000000000000e+00,0.000000000000000000e+00,0.000000000000000000e+00,0.000000000000000000e+00,0.000000000000000000e+00,0.000000000000000000e+00
6.100918917124609209e-03,2.622205819027911833e+00,4.019805296171110598e+00,1.580794110424837751e+00,1.829872173554629056e+00,2.220082440922815259e+00
4.551256772289345776e+00,2.811880233605058788e+00,6.179895338837475549e+00,4.788247050403665384e+00,2.255627903394674227e+00,3.345898340829152939e+00
3.777555693939755876e-01,4.109526836927472893e+00,5.601562347788932250e+00,6.223790520685414940e+00,4.851908420683169076e+00,5.623104524051485420e+00
2.881873681170235457e+00,3.978366860045000841e+00,4.206581478141169228e+00,6.174688543823179998e+00,7.079106119273227193e+00,6.141650275844378726e+00
3.324358986819732742e+00,6.515578307272535952e-01,4.919093227690448877e+00,5.184135987759873387e+00,4.360917308854221019e+00,6.349506268712284296e+00
2.611550772418205213e+00,1.328796194389630481e+00,3.681622718096124736e+00,4.473615721418474855e+00,3.877876280689807498e+00,2.669924331273125340e+00
2.189582226577429402e+00,1.163513361788271139e+00,4.416824400116190930e+00,4.667764583242193233e+00,4.328413991687240170e+00,2.548860856524310048e+00
3.699660448427258608e+00,2.856589375376813678e+00,3.729516737999488463e+00,3.522455078409074680e+00,1.508431417609207292e+00,3.022013435399111714e+00
2.093458738826429411e+00,1.734173176224591550e-01,4.437146215469799593e+00,3.849358109198850464e+00,3.862547791286766952e+00,4.123629493521186795e+00
0.000000000000000000e+00,0.000000000000000000e+00,0.000000000000000000e+00,0.000000000000000000e+00,0.000000000000000000e+00,0.000000000000000000e+00
1.672838715683965027e+00,3.062524323940503113e+00,3.811875506919429668e+00,3.456456401816789814e+00,2.166986071665397695e+00,3.601550358747726666e+00
2.267227954735118178e+00,4.193865567205017797e+00,4.756229232529157080e+00,3.690200448811625566e+00,1.556963565321127785e+00,1.754992386133034543e+00
2.876605064548829915e+00,4.082899701764856282e+00,5.051106525470952846e+00,3.865768639438821985e+00,3.612743882255728067e+00,3.216052940504509294e+00
1.125019992129244084e+00,6.111662527744680773e+00,3.157591779037041135e+00,3.921837909321830740e+00,2.496332983799078420e+00,3.338630474913518054e+00
4.610463245444681668e+00,2.863785381169321909e+00,5.597904609472467818e+00,3.675663433269102498e+00,4.111409789803128767e+00,1.224612253606475853e+00
2.688110498418962102e+00,2.129283490125252420e+00,2.454965576617960554e+00,3.377008562155524807e+00,4.054625160450919807e+00,9.153478101765526453e-01
2.974200365216259634e+00,2.314890734955272311e+00,3.001255109434092461e+00,2.949165778285330219e+00,1.460088674151398092e+00,2.471004356645920552e+00
0.000000000000000000e+00,0.000000000000000000e+00,0.000000000000000000e+00,0.000000000000000000e+00,0.000000000000000000e+00,0.000000000000000000e+00
3.268710614164259454e+00,1.981116072944598017e+00,5.935380852970866705e+00,5.410509536402734909e+00,3.677674274829585421e+00,4.586711456469615200e+00
2.846776213012353285e+00,2.020598992242066849e+00,4.968035957007433723e+00,5.914788479343553007e+00,2.595910406801256620e+00,5.069027173958816412e+00
2.655117587484637998e+00,5.772172593106419392e-01,3.590864412506295622e+00,6.302260298537069261e+00,3.322075433236068243e+00,5.759969885321702066e+00
1.859350774748615542e+00,1.233106266500759052e+00,7.259944107115179790e+00,4.259999712043498477e+00,3.895491120991843914e+00,4.882511876560264419e+00
9.434658395957411514e-01,1.404779370036107533e+00,4.402426704945710867e+00,3.859562039308700232e+00,3.492618707902743314e+00,4.520976039282062153e+00
2.253130699688574268e+00,2.370127853318020783e+00,4.537609052229188755e+00,3.821742818266487873e+00,7.605126494923974967e-01,4.204531364555763595e+00
2.584226480161224249e+00,3.275172303129044948e+00,4.475083823513920755e+00,1.720900234650442950e+00,4.412028722319548457e+00,4.978607414480140214e+00
4.237523803260021538e+00,1.441180439304433847e+00,5.630774347030540028e+00,5.165237646021212825e+00,2.166757003201420062e+00,4.967988227026888026e+00
0.000000000000000000e+00,0.000000000000000000e+00,0.000000000000000000e+00,0.000000000000000000e+00,0.000000000000000000e+00,0.000000000000000000e+00
0.000000000000000000e+00,0.000000000000000000e+00,0.000000000000000000e+00,0.000000000000000000e+00,0.000000000000000000e+00,0.000000000000000000e+00
0.000000000000000000e+00,0.000000000000000000e+00,0.000000000000000000e+00,0.000000000000000000e+00,0.000000000000000000e+00,0.000000000000000000e+00
3.301553902475065527e+00,6.629631405476823502e-01,2.976557560880460418e+00,2.989861135177243057e+00,3.296408674058471266e+00,5.563269202069557551e+00
4.196055600818702658e+00,1.381721208612995522e+00,5.214582816292031353e+00,3.811864282878314469e+00,1.493332351340231234e+00,5.212806299876698191e+00
2.878212254939286119e+00,1.722225413161741603e+00,5.598394728733120829e+00,3.460755442282575700e+00,3.469712264579934757e+00,3.650052571024784420e+00
4.131101798086894483e+00,3.982196009476521859e-01,6.658955691569149238e+00,3.372254506355879311e+00,5.926828787166523504e+00,4.491177674901638994e+00
3.417338202594094820e+00,3.465686086883317252e-01,3.751245701595167681e+00,3.201227771634849617e+00,1.386111747582137177e-01,3.208856954407675044e+00
0.000000000000000000e+00,0.000000000000000000e+00,0.000000000000000000e+00,0.000000000000000000e+00,0.000000000000000000e+00,0.000000000000000000e+00
0.000000000000000000e+00,0.000000000000000000e+00,0.000000000000000000e+00,0.000000000000000000e+00,0.000000000000000000e+00,0.000000000000000000e+00
3.937191773574677534e+00,5.068054470717742177e-01,4.815234317961618160e+00,6.076103742761572057e+00,3.574295753910263329e+00,3.817894687446449886e+00
0.000000000000000000e+00,0.000000000000000000e+00,0.000000000000000000e+00,0.000000000000000000e+00,0.000000000000000000e+00,0.000000000000000000e+00
0.000000000000000000e+00,0.000000000000000000e+00,0.000000000000000000e+00,0.000000000000000000e+00,0.000000000000000000e+00,0.000000000000000000e+00
4.513754123612366165e+00,4.989433228106463503e-01,5.535006458378306959e+00,4.639247382391509689e+00,2.199836549305050237e+00,5.606065156666298677e+00
0.000000000000000000e+00,0.000000000000000000e+00,0.000000000000000000e+00,0.000000000000000000e+00,0.000000000000000000e+00,0.000000000000000000e+00
2.245206299673452754e+00,2.233379097047555994e+00,4.290418919289530564e+00,4.188656041429939414e+00,3.224582192669488645e+00,5.352945337948630922e+00
1.389879454565422501e+00,2.953795634056699537e+00,4.590657757926807747e+00,2.040803939923563348e+00,1.861624491964473549e+00,4.233419345058763383e+00
1.644229011618115299e+00,4.758256960570205862e+00,7.853180635517667874e+00,2.740757183026874877e+00,4.034664394674512877e+00,4.657412491568235779e+00
3.468328528991221571e+00,4.157255450015207465e+00,4.919802115886060534e+00,2.787756524846201511e+00,2.828206915866628535e+00,4.270578401685495074e+00
0.000000000000000000e+00,0.000000000000000000e+00,0.000000000000000000e+00,0.000000000000000000e+00,0.000000000000000000e+00,0.000000000000000000e+00
5.159178304557425321e+00,1.572677698681299585e+00,7.686520988795925824e+00,4.785945977285205544e+00,5.170421218889924120e+00,3.198847282750222121e+00
0.000000000000000000e+00,0.000000000000000000e+00,0.000000000000000000e+00,0.000000000000000000e+00,0.000000000000000000e+00,0.000000000000000000e+00
0.000000000000000000e+00,0.000000000000000000e+00,0.000000000000000000e+00,0.000000000000000000e+00,0.000000000000000000e+00,0.000000000000000000e+00
0.000000000000000000e+00,0.000000000000000000e+00,0.000000000000000000e+00,0.000000000000000000e+00,0.000000000000000000e+00,0.000000000000000000e+00
0.000000000000000000e+00,0.000000000000000000e+00,0.000000000000000000e+00,0.000000000000000000e+00,0.000000000000000000e+00,0.000000000000000000e+00
0.000000000000000000e+00,0.000000000000000000e+00,0.000000000000000000e+00,0.000000000000000000e+00,0.000000000000000000e+00,0.000000000000000000e+00
3.078325568365631426e+00,1.802011187147889881e+00,3.967056545682263291e+00,5.583524953934592361e+00,3.817234843582652637e+00,5.152355061878408193e+00
2.335263236380877849e+00,2.079616516631825895e+00,4.866010474656794038e+00,3.847584522752580227e+00,3.313251734466993614e+00,2.236546209593931245e+00
5.047275700405577048e+00,8.501886365747295393e-01,6.651240909137131396e+00,2.688199826133959469e+00,4.785885538081576129e+00,3.982785676239466444e+00
2.674704890597834339e+00,2.529951027218117154e+00,6.334099361877518319e+00,1.464847149914539681e+00,2.757994768155426435e+00,3.277595192282493741e+00
3.633669347569761232e+00,1.479102493794884898e+00,5.591475790928671863e+00,3.966617440917653781e+00,2.767531246061107009e+00,4.567105142266153273e+00
4.652638066797102567e+00,7.365682876874619645e-01,5.900294169632625874e+00,4.571122179476936331e+00,3.521933336252701885e+00,4.247980386300769240e+00
0.000000000000000000e+00,0.000000000000000000e+00,0.000000000000000000e+00,0.000000000000000000e+00,0.000000000000000000e+00,0.000000000000000000e+00
0.000000000000000000e+00,0.000000000000000000e+00,0.000000000000000000e+00,0.000000000000000000e+00,0.000000000000000000e+00,0.000000000000000000e+00
9.317460802219383886e-01,2.842128356191543581e+00,5.745377108059272153e+00,3.803709765788553465e+00,1.906295198034546612e+00,4.257062163438376068e+00
3.736457079069283704e+00,1.689160894105341759e+00,4.376999201149837759e+00,3.704932212951125958e+00,3.225920910340219994e+00,4.592152232637595866e+00
2.056037461934043353e+00,4.840273309248404487e+00,5.632249837119863045e+00,3.177988020440150496e+00,4.418785142120061238e+00,4.888781277863827768e+00
3.214334638966912738e+00,3.733042316669131111e+00,3.380672247483057724e+00,2.625190430376148853e+00,2.225256227898896988e+00,2.856856699687523538e+00
3.125769395878172041e+00,3.140536320801411652e+00,5.000523318844453335e+00,2.883312143115456916e+00,1.541715939328036411e+00,3.249987569740118154e+00
8.657785475631518679e-01,4.753606859054460010e+00,5.003347948070302031e+00,5.218703308397403262e+00,2.665249562708895681e+00,3.984467799953895106e+00
1.252098643822679547e+00,4.134187863900451454e+00,7.577500087550381735e+00,4.236981699404132051e+00,7.023637856620659647e+00,5.441634198030355307e+00
1.850604303691890884e+00,5.806400825150230816e+00,6.663979826666438733e+00,1.629421767963559198e-01,3.518011063069442113e+00,1.212635390473767671e+00
0.000000000000000000e+00,0.000000000000000000e+00,0.000000000000000000e+00,0.000000000000000000e+00,0.000000000000000000e+00,0.000000000000000000e+00
1.978905551414704256e+00,2.692819444804972484e+00,4.914584628717030057e+00,5.985259864703255772e+00,3.079464935185543872e+00,3.980122769724802723e+00
3.356125811234330403e+00,2.318790520262210109e+00,2.754967126246342879e+00,4.411162464212785572e+00,1.660141703073899633e+00,5.583667333675662370e+00
0.000000000000000000e+00,0.000000000000000000e+00,0.000000000000000000e+00,0.000000000000000000e+00,0.000000000000000000e+00,0.000000000000000000e+00
7.601363967490497586e-01,1.257097369636606121e+00,1.699312607650633300e+00,5.042555137728351511e+00,2.185944698768525818e+00,4.757011078692153561e+00
0.000000000000000000e+00,0.000000000000000000e+00,0.000000000000000000e+00,0.000000000000000000e+00,0.000000000000000000e+00,0.000000000000000000e+00
2.083574285462159281e+00,4.027030459404034701e+00,2.275429693367876371e+00,4.433065329390654341e+00,1.037378411076842255e+00,4.007499103991353451e+00
7.664342050216514934e-01,4.358802103047248799e+00,1.300410649646115857e+00,4.363289112554602056e+00,3.985055161991173378e-01,2.895906828198322014e+00
4.191850444961842115e+00,2.998391199556324160e+00,3.862797915352892186e+00,5.338742277532513292e+00,3.332245988915809587e+00,4.144851343992751680e+00
2.496144601318729617e+00,2.729684884881091733e+00,4.327777335891504151e+00,4.234828088937010016e+00,4.116463134434316551e+00,2.716328548474426618e+00
4.055091382179424997e+00,1.080563108838175967e+00,7.062589154284541593e+00,5.049338479802370827e+00,4.461135804844240660e+00,4.944615555079641567e+00
3.732002784151699171e+00,9.121697890689119959e-01,6.470557646421475795e+00,6.535303653166475435e+00,4.666081917850658733e+00,5.305444998513262789e+00
4.511615915893631090e+00,7.651470294241540238e-01,5.586474251454598416e+00,5.206288472216150431e+00,5.125871499699857559e+00,3.492813098483362300e+00
2.628106486062274261e+00,1.804996365629837562e+00,7.030962070383353080e+00,5.421178678213479429e+00,5.967893858710402455e+00,5.675706026806838445e+00
3.746247496553388956e+00,2.380624724781760015e+00,6.516438794386365529e+00,4.381422468735766351e+00,5.210937724395618531e+00,3.518405536657129851e+00
4.380102351796431037e+00,1.115166566663627457e+00,5.746161728116526923e+00,5.639946297144950549e+00,4.719356352047999081e+00,5.269723459711158853e+00
3.355135309517690789e+00,2.248602531924935199e+00,5.971566763267205147e+00,2.945000170993317568e+00,5.065029199832214779e+00,3.931289301279490722e+00
0.000000000000000000e+00,0.000000000000000000e+00,0.000000000000000000e+00,0.000000000000000000e+00,0.000000000000000000e+00,0.000000000000000000e+00
0.000000000000000000e+00,0.000000000000000000e+00,0.000000000000000000e+00,0.000000000000000000e+00,0.000000000000000000e+00,0.000000000000000000e+00
3.308194666161408115e+00,5.401318580767252797e+00,4.656611848671355247e+00,5.702845019515651259e+00,3.564962002642718897e+00,3.381656001113835686e+00
2.196206547191366099e+00,3.457411487585527077e+00,3.666085699963000710e+00,5.272669973542052801e+00,2.465550454810476744e+00,5.157344092007649650e+00
2.912649114991494592e+00,3.274803987531913485e+00,6.757812540717596406e+00,5.085707289505199569e+00,4.290032067120561621e+00,4.754832328714716283e+00
3.590606876022326865e+00,2.653039857595649309e+00,5.818210103004566314e+00,4.500722814648082881e+00,3.132215097529967185e+00,3.392495477141808990e+00
4.259293813503193249e+00,3.523948469041151554e+00,6.654305513620463408e+00,4.009515857688870533e+00,4.130501467455904852e+00,3.419998921000653169e+00
1.443438673462193567e+00,2.886111505499295404e+00,5.670618387882393030e+00,4.747195959115252606e+00,3.398998222933432345e+00,6.563216680150937066e+00
0.000000000000000000e+00,0.000000000000000000e+00,0.000000000000000000e+00,0.000000000000000000e+00,0.000000000000000000e+00,0.000000000000000000e+00
0.000000000000000000e+00,0.000000000000000000e+00,0.000000000000000000e+00,0.000000000000000000e+00,0.000000000000000000e+00,0.000000000000000000e+00
4.934048381814545081e+00,2.650842148377134500e+00,4.327945283898666062e+00,2.837846996983698133e+00,1.153752509691060801e+00,3.248463677467176680e+00
3.738634710700599939e+00,1.612788662702267395e+00,4.144805154914705803e+00,4.455768797125517544e+00,3.227262825928570944e+00,3.763839822843154437e+00
3.765704715502071753e+00,2.238224614307708027e+00,3.022812765641751831e+00,4.274049760524339270e+00,3.652399031024276876e+00,3.027537874343306346e+00
1.284401641616932821e+00,1.686843863210484074e+00,8.323817310028932326e+00,5.904144783813355168e+00,4.184547548116343663e+00,3.567666342339179675e+00
0.000000000000000000e+00,0.000000000000000000e+00,0.000000000000000000e+00,0.000000000000000000e+00,0.000000000000000000e+00,0.000000000000000000e+00
0.000000000000000000e+00,0.000000000000000000e+00,0.000000000000000000e+00,0.000000000000000000e+00,0.000000000000000000e+00,0.000000000000000000e+00
0.000000000000000000e+00,0.000000000000000000e+00,0.000000000000000000e+00,0.000000000000000000e+00,0.000000000000000000e+00,0.000000000000000000e+00
0.000000000000000000e+00,0.000000000000000000e+00,0.000000000000000000e+00,0.000000000000000000e+00,0.000000000000000000e+00,0.000000000000000000e+00
0.000000000000000000e+00,0.000000000000000000e+00,0.000000000000000000e+00,0.000000000000000000e+00,0.000000000000000000e+00,0.000000000000000000e+00
0.000000000000000000e+00,0.000000000000000000e+00,0.000000000000000000e+00,0.000000000000000000e+00,0.000000000000000000e+00,0.000000000000000000e+00
2.555884974082661465e+00,2.302823305795408615e+00,3.359915462540111974e+00,2.221761284191952512e+00,3.651597569459663628e+00,4.627083785425098128e+00
1.919198148140521809e+00,4.148158921971303315e+00,4.489400294370669009e+00,1.690323283229564044e+00,1.046489607063310068e+00,2.566597569315735683e+00
5.109912155441276305e-01,5.809506378566082319e+00,2.203011373899321779e+00,4.273504289916557397e+00,7.296617225249812932e-01,5.983878035989387278e+00
3.057602528007880238e+00,6.557308983873824104e-01,4.058161878760992991e-01,3.670983864472340485e+00,2.988274418541647215e+00,4.660947839642782142e+00
5.324338166153674834e-01,3.132845406617019712e+00,1.784824245449485147e+00,4.251763037594291639e+00,2.399635072416492765e+00,4.436607513723419771e+00
4.405108561393165090e+00,1.163958458662723183e+00,1.252045011729213453e+00,4.668192891327586302e+00,1.386988437030239663e+00,5.759547393033661145e+00
3.787303313295355967e+00,6.210341462426192116e-01,2.271148412521793336e+00,7.288681080445180704e+00,3.902040406363909142e-01,4.703111064664987850e+00
3.575416361869044657e+00,2.663848459377806677e+00,4.841116514183323005e+00,5.891332905700062739e+00,2.634261400209292336e+00,4.669320822854278852e+00
0.000000000000000000e+00,0.000000000000000000e+00,0.000000000000000000e+00,0.000000000000000000e+00,0.000000000000000000e+00,0.000000000000000000e+00
3.364901089825926839e-01,2.737706381780617537e+00,6.038537908751964167e+00,3.869585561626399883e+00,3.013155152870567122e+00,2.897456896175050645e+00
2.037382613545008603e+00,1.853819272402991380e+00,5.726367433506148963e+00,4.540496465630452505e+00,4.046990096268616277e+00,3.314900917951058901e+00
2.783296876341721404e+00,8.545088695212759156e-01,3.420329200299589090e+00,2.083768340124105389e+00,2.028039777494220708e+00,3.180198196259154564e+00
8.715561108743752339e-01,1.272941489452392716e-01,5.254299256689230369e+00,4.913884604005681389e+00,3.255834215866371117e+00,4.092416706000886251e+00
4.068334748141896107e+00,2.714292892833403137e-01,5.012716451947814456e+00,6.329450573445992489e+00,2.609409846877236205e+00,3.524472713650191658e+00
3.085376938429819749e+00,7.027302693023576019e-01,5.589726832248282484e+00,4.544826837567178757e+00,2.474974363303040548e+00,3.445001400008077752e+00
0.000000000000000000e+00,0.000000000000000000e+00,0.000000000000000000e+00,0.000000000000000000e+00,0.000000000000000000e+00,0.000000000000000000e+00
6.413859852196713618e+00,6.515089486591563173e-02,3.823478762540809761e+00,2.491803671361341177e+00,2.163752196568426100e+00,2.850984630519944663e+00
0.000000000000000000e+00,0.000000000000000000e+00,0.000000000000000000e+00,0.000000000000000000e+00,0.000000000000000000e+00,0.000000000000000000e+00
0.000000000000000000e+00,0.000000000000000000e+00,0.000000000000000000e+00,0.000000000000000000e+00,0.000000000000000000e+00,0.000000000000000000e+00
0.000000000000000000e+00,0.000000000000000000e+00,0.000000000000000000e+00,0.000000000000000000e+00,0.000000000000000000e+00,0.000000000000000000e+00
3.163834874287577037e+00,2.282312922452124138e+00,3.876175059669595857e+00,5.837635540655020883e+00,3.488882441804561196e+00,7.717956051434569531e+00
1.896624286775506540e+00,2.921640691980960547e+00,4.622588039314400099e+00,4.745195398943708120e+00,4.199732047021099035e+00,5.902146541444166949e+00
5.020508096517644070e-01,3.286179454116289644e+00,4.021287416684583782e+00,5.494835433343195241e+00,3.250327779554198937e+00,5.627595541081529262e+00
3.868453442758599259e+00,2.096565530083940310e+00,4.288689136577811922e+00,6.771375099331086389e+00,3.579785309955710204e+00,5.127274121663785600e+00
2.174955903507448607e+00,1.790350374848598491e+00,4.785537924353048034e+00,6.235806188274155559e+00,3.085746114061333589e+00,6.098615793446402478e+00
1.402814508915486869e+00,3.972723583713150042e+00,4.657002785472219131e+00,5.578289524573593283e+00,3.557390107177500926e+00,5.313298276883219984e+00
2.459651587195105904e+00,3.390492822470528633e+00,5.443108498726835442e+00,5.853310475526554590e+00,4.168459103726601001e+00,4.005190695472333751e+00
1.377631375763983756e+00,4.614730255726538388e+00,5.329047206151837912e+00,5.132302801491092303e+00,4.667858566582237856e+00,3.921311530378138954e+00
5.182786197214232615e+00,1.517553069686388589e+00,5.269743242476502054e+00,2.976409839915474365e+00,4.446840599835740981e+00,3.300007111690500317e+00
4.852544134071669291e+00,9.719687809798709388e-01,6.455269350160424580e+00,3.783127841566782834e+00,3.730648389520762720e+00,3.940592137793217375e+00
1.937982913804680907e+00,3.351585850810035794e+00,6.331207532611023758e+00,4.048626854417581633e+00,2.772091620021109204e+00,2.150043947280264600e+00
5.257754465696113044e+00,3.620857767203873756e+00,5.667990574131169801e+00,4.375567750075380680e+00,4.568236821112686030e+00,3.134048117797420652e+00
1.834073705115289110e+00,3.382361442753663461e+00,7.337512601736071005e+00,3.944622022967999797e+00,3.948951535917760047e+00,6.000580493302332563e+00
4.696805888068875667e-01,6.304340307583027325e+00,6.561304097797893142e+00,2.592968536894715292e+00,6.234242374048099222e+00,3.420194233917567495e+00
5.201086688327413832e+00,5.207395129914381471e+00,7.178918497769556595e+00,2.660628115737235788e+00,4.175295967848474454e+00,2.968556141993573316e+00
1.931895891101419682e+00,6.113611132791094249e+00,7.848219404262181342e+00,8.082509779160842456e-01,2.678077226544454348e+00,4.393568726109911005e+00
1.712564807167407777e+00,2.329914035432365971e+00,6.854809367502496364e+00,4.201513906837356593e+00,5.892745101262740093e+00,5.799869987479768341e+00
2.789707707226185995e+00,2.786947041640384981e+00,5.065469346414298357e+00,2.972792615948713912e+00,3.361212731708240309e+00,4.404782857029222676e+00
6.676677242293003189e-01,1.292860327538922327e+00,6.180516471134211542e+00,3.618757838468627419e+00,2.800343816709244926e+00,6.023054486845462741e+00
0.000000000000000000e+00,0.000000000000000000e+00,0.000000000000000000e+00,0.000000000000000000e+00,0.000000000000000000e+00,0.000000000000000000e+00
2.141287758331896551e+00,1.723459272871535441e+00,5.567822232482821931e+00,6.434022635225050024e+00,4.250963889610714475e+00,5.618246814972943426e+00
1.839303141404279529e+00,4.266864589206651459e+00,7.370131670618110142e+00,3.311995646609308785e+00,2.787295947953490671e+00,5.080831704417115624e+00
4.606860063128244143e-01,6.862833805165401202e+00,5.366801099929422669e+00,2.004822190980766639e+00,2.032365771762821627e+00,1.320921895384362443e+00
