VR1,VR2,VR3,VR4,VR5,VR6
2.263118860344986771e+00,3.607262479000981070e+00,5.420159423363646312e+00,3.045083563646779901e+00,3.160332215428536706e+00,4.011267885883706974e+00
2.655299064007321963e+00,4.492623768300145315e+00,5.842512805248472496e+00,3.633158105484310507e+00,3.610323608866994771e+00,2.853723137812641752e+00
3.582688186612743131e+00,3.954672591294188244e+00,4.080383056036493095e+00,4.165681500272332194e+00,2.094742852009618073e+00,2.341020452573449706e+00
2.409793313402879722e+00,4.110427017015451767e+00,3.290231205197360786e+00,5.412046840050648733e+00,1.871519814831479334e+00,4.079914518715024307e+00
1.219719727701670031e+00,2.770264196311069682e+00,5.311722900323965213e+00,5.464659385872370656e+00,3.121919350748976196e+00,6.689414231743180395e+00
6.423756843747772116e-01,2.056079114653354800e+00,5.406680680215991686e+00,4.742192819554864158e+00,4.490076831167542082e+00,5.705389662710551590e+00
1.937009868930827938e+00,1.985424158664737870e+00,4.809529133929375533e+00,4.180517773447442131e+00,3.293555572621705618e+00,5.143559042868801612e+00
6.181879745447027563e-01,1.912809605664214541e+00,6.065505805443550003e+00,4.804051630385453464e+00,4.035825382845941611e+00,4.597346579453376769e+00
2.544215649071793983e+00,2.413428176755780363e+00,5.615769988080774766e+00,4.932761969404273472e+00,2.786008621552769071e+00,4.254861916883000639e+00
2.727380520727893831e+00,1.821213024853512108e+00,4.595653852470439560e+00,4.590003121307878686e+00,2.343510141973356831e+00,5.537710059405043239e+00
2.041853693527688751e+00,1.698090621640775399e+00,5.907661474649660960e+00,4.658569193115562612e+00,4.099977292082715330e+00,5.556375073031466272e+00
3.249191316033214871e+00,2.237423410912734667e+00,5.722799119172822913e+00,4.727146655707524125e+00,4.004517991370519781e+00,5.341137299735761346e+00
1.907509680938907159e+00,2.158764053979000064e+00,4.278494994420132258e+00,4.900392412615344639e+00,3.417367914882385449e+00,5.741623941534740538e+00
1.885731825943598450e+00,2.597966221647389773e+00,4.794338533152552984e+00,3.717923135222794606e+00,3.754747085562772035e+00,4.090005786158932288e+00
1.683500220249816826e+00,2.662989840271586583e+00,5.802805934150155664e+00,3.808015180958282286e+00,3.186933666546359678e+00,5.201365448464561503e+00
2.708413854831324130e+00,3.182164508338220621e+00,4.412387733966734338e+00,3.176230659700961745e+00,3.117287807947911382e+00,3.703490428619331976e+00
1.830266741442674761e+00,3.527915679674355154e+00,5.391117531910576410e+00,3.464260525233632926e+00,3.195196761145803421e+00,4.480629375642906531e+00
2.760292598668167674e+00,3.372300625739500290e+00,4.677431114272509127e+00,3.654876844980503137e+00,3.969690125997809460e+00,3.398391375836354644e+00
2.668256159065246713e+00,4.301139352910054114e+00,4.724571485395945736e+00,3.623975347841462025e+00,3.206509813299950551e+00,3.588267062063863033e+00
2.775472915500521331e+00,4.396662567194900006e+00,6.103093432895907000e+00,3.738518970262271868e+00,1.697621928182256212e+00,3.988617688354016977e+00
3.320460179659896482e+00,3.416407443712932146e+00,5.376067992425179298e+00,4.810663414096339352e+00,2.666655004522310080e+00,3.513483786877705128e+00
3.797624313190511192e+00,3.486314358429867699e+00,4.799627551828205441e+00,4.268610440928712002e+00,3.665034295307005419e+00,4.634664962265256705e+00
2.357081856127501762e+00,3.048477083620265482e+00,5.524806995708023472e+00,2.891689727855280445e+00,3.568814144576768932e+00,5.241592515098115079e+00
7.381214542768368414e-01,2.895414509585624963e+00,4.407475020311483860e+00,3.557992407217498876e+00,3.457516779685501973e+00,4.532790614205213231e+00
1.772505228037741132e+00,2.577140732221737451e+00,4.739929651960387957e+00,3.857869074044278701e+00,3.029696493623760034e+00,4.517737248575309117e+00
2.161115822071483450e+00,3.236894329978442286e+00,4.577688231174224853e+00,3.629657879074069893e+00,3.368525403695876719e+00,4.063244024431214463e+00
2.511016914084545970e+00,2.614538623360409098e+00,5.314807483114845077e+00,2.801935129137335778e+00,3.602193281934727764e+00,3.340291332971335514e+00
3.669328233121574190e+00,3.125339314628271747e+00,5.425996734429779700e+00,4.534940416814557729e+00,2.144217116050348260e+00,2.612136956610652483e+00
3.601225659321512840e+00,2.952582394674005517e+00,5.477815877153137336e+00,4.288239003068256672e+00,2.566998394436316833e+00,2.350545252415241926e+00
3.889557263920226937e+00,2.836274972836740016e+00,5.694393598765542741e+00,5.033720877357835910e+00,2.270335259644417736e+00,3.059197751311497182e+00
3.334422755611760270e+00,2.996200883027881900e+00,4.805649103227239927e+00,6.062758732892826075e+00,2.428956876162719603e+00,4.293305979761398383e+00
2.097810023942857871e+00,2.871292962619606648e+00,4.784690198634534930e+00,4.964243479753177368e+00,3.772970278042369952e+00,4.947457437875726782e+00
2.749927204312258233e+00,3.501194535747884640e+00,4.175789478683096689e+00,4.591049507783989014e+00,4.559390610844823222e+00,4.645116660288256760e+00
1.348164143939234672e+00,3.606456752395271970e+00,4.269954306568589431e+00,4.065607995803020458e+00,2.653902189206348350e+00,5.467074628405962144e+00
2.875541005760527291e+00,3.960377523765247876e+00,5.856603400653257907e+00,5.029275364930701819e+00,3.421762925992631210e+00,3.650350230001945029e+00
2.631051562494501450e+00,4.711236905539973208e+00,5.107769792906911910e+00,4.760342265858000133e+00,3.422048460437089989e+00,3.312623000326746947e+00
3.149807549622003489e+00,4.868555732768591326e+00,5.579071487697309095e+00,4.730220674042103113e+00,4.072812229805421680e+00,4.482856804137131945e+00
2.616708016947556281e+00,4.763593194395347119e+00,4.490577885079385823e+00,3.861348901276880241e+00,1.761483819020048136e+00,5.751005696435919745e+00
1.011059533833436497e+00,4.402935212784901964e+00,6.183295396472832550e+00,4.106395359726646710e+00,5.203403927109408578e+00,5.899487323355460333e+00
1.757030291535019328e+00,4.442300013352165067e+00,5.008782422227068487e+00,3.613339155185045559e+00,4.188244060603220298e+00,5.204735549246950477e+00
5.809534608543465151e-01,4.190493228421429350e+00,4.310525489900658869e+00,4.019942615978532530e+00,2.948526743072530820e+00,5.512218651341665776e+00
2.094297684267984572e+00,2.363175097452921758e+00,4.866900088098359944e+00,3.561310229916953674e+00,4.821318193321180168e+00,3.569299035921865482e+00
2.891742320435417124e+00,3.256282522862468110e+00,4.986929517986678384e+00,2.370407202276589409e+00,2.270719067572104066e+00,2.453355510196986167e+00
3.189126312780692807e+00,3.872714684432902121e+00,3.193756009594670431e+00,2.504182068718887599e+00,1.495093039377648925e+00,3.252507834070179626e+00
2.435734276957173261e+00,5.278025386210625669e+00,3.905976016832031217e+00,4.289168162886382696e+00,8.811187054439688637e-01,3.361278282218071123e+00
1.567873903268274027e+00,3.958084423099820448e+00,6.901861323193269726e+00,4.629049496746991288e+00,3.448897531774476999e+00,3.503766518979958278e+00
3.489914650988503730e+00,3.682469840968594532e+00,5.696310607645896695e+00,3.744171200717936188e+00,3.875576850334189416e+00,3.143623208148285997e+00
4.267742699911238446e+00,5.410593154648841718e+00,5.572678186351465612e+00,2.345211481560205868e+00,3.173799670533529405e+00,2.918696760670962398e+00
3.777387258629038680e+00,4.393790426294224893e+00,4.359251750418081883e+00,3.637204290055436218e+00,2.456024950522352146e+00,3.588315609983258270e+00
3.257570323753036234e+00,3.219120533122872718e+00,4.919098871987645616e+00,3.144445099558607737e+00,1.502519535274184470e+00,3.054213248039701067e+00
