VR1,VR2,VR3,VR4,VR5,VR6
7.456422608987829381e-01,3.151496931121790634e+00,4.218845297579078668e+00,5.222791605859465669e+00,1.096425445892862172e+00,5.211039912148734743e+00
1.583377228688589433e-01,1.311260377007372746e+00,4.097201276247453450e+00,1.825532882514744770e+00,1.349022101698979625e+00,4.945255326609022895e+00
5.824864667170683852e-01,2.383272767303783013e+00,4.245982501683235100e+00,4.388879672812277200e+00,2.423003319130859090e+00,5.425854751761697514e+00
1.951754752776846402e+00,2.631413195287564566e+00,3.410142323340127124e+00,3.475790518521606032e+00,3.768687003710996297e+00,3.770626971440636854e+00
1.874109647362641518e+00,2.764765319347028072e+00,6.315895804620744514e+00,9.302210825719368081e-01,3.700355733837473959e+00,5.224435207412819082e+00
0.000000000000000000e+00,0.000000000000000000e+00,0.000000000000000000e+00,0.000000000000000000e+00,0.000000000000000000e+00,0.000000000000000000e+00
1.937207155721044405e+00,4.639460859612769994e+00,2.513594139015868034e+00,2.056816076651776015e+00,3.874914712941023964e+00,2.065567864078548865e+00
2.202499592941501216e+00,4.648666765529401168e-01,7.575740551109811705e+00,4.394022925809882629e+00,4.685246524718218453e+00,2.941116262879643894e+00
1.395121548870452699e+00,2.936090393669100074e+00,5.592042160145424212e+00,5.062825107964847859e+00,4.614193971506221459e+00,3.388659668740878317e+00
2.682484839833461088e+00,4.507184254607745189e+00,4.718280620939510506e+00,3.314207582910073668e+00,2.996887417729553693e+00,4.050314526935011372e+00
2.852593846227603702e+00,3.476359529642003121e+00,3.963018056964914937e+00,3.349723627289790784e+00,3.945602830264612226e+00,3.770535688489106363e+00
3.141364764034717538e+00,8.817403795991172188e-01,5.885582717976652667e+00,3.307990184163037028e+00,2.922316137070970044e+00,6.773253169249366046e+00
3.531493969385990805e+00,4.109089224145915153e+00,2.901191134546840189e+00,4.750805453064431916e+00,2.240303413129139276e+00,3.044285604208883722e+00
2.118948917263034026e+00,1.850810161720607638e+00,4.628064158460234445e+00,4.171439107873892382e+00,4.806760525515334947e+00,2.154943708231225941e+00
1.277637917235303400e+00,3.627620677165270813e+00,4.869214955881250972e+00,3.603628808121982274e+00,2.990868399602629069e+00,2.763181454093982303e+00
3.405356986425157828e+00,4.533951410146681127e+00,7.902633469985086201e+00,6.389372270269692677e+00,3.442237139359849873e+00,5.398763084275637780e+00
2.470524057282666774e+00,3.735635928320337307e+00,5.325089858765899464e+00,4.466768682182832073e+00,1.770663432656088832e+00,4.616572045156667414e+00
5.286147094499667354e+00,3.573008496048203142e+00,4.313635518896265175e+00,2.286702182500231828e+00,2.251927833640380072e+00,1.843886208531261506e+00
4.740042102553340797e+00,1.995676131434939160e+00,4.234820760684253393e+00,5.851946484210395205e+00,2.313598811701137237e+00,3.179716258230265602e+00
3.383922902591616211e+00,3.627525592850948222e+00,2.779054548199148655e+00,4.623937788434193230e+00,3.846226644551832052e+00,3.520391355777763742e+00
3.849673582426134999e+00,3.618716529365852530e+00,4.039469556112830873e+00,5.220493952867316878e+00,4.169076925050335447e+00,3.881330478525042871e+00
3.675513305400420094e+00,4.396200187806990733e+00,3.544871105902076991e+00,5.402382615645557884e+00,5.952263284321451131e+00,1.772937681329706194e+00
3.886356599202719586e+00,3.903811599219523032e+00,5.571927867072811402e+00,3.840071703947569581e+00,5.047104768783047035e+00,2.165592648327776981e+00
3.436562995225089789e+00,3.280626938008313065e+00,4.719061530441678975e+00,3.033579957918574710e+00,4.629495616514216039e+00,1.999391109532704380e+00
4.293508244984923117e+00,4.488563710929282635e+00,4.808749184694007361e+00,4.516361412187764657e+00,5.399906694426632292e+00,3.326679216827759689e+00
3.026214014331377822e+00,2.561355964077590475e+00,5.416919110419089023e+00,6.040835592852578984e+00,4.794932074974441960e+00,3.588613216751088242e+00
4.602656973628952208e+00,2.996048918238429781e+00,4.081691423415559683e+00,5.557276466964236050e+00,6.428829585750793996e+00,4.187307472620215520e+00
5.406757274118588974e+00,4.303715710504548930e+00,3.443846376378349561e+00,5.628463624048034575e+00,5.913496832125982650e+00,3.182445351229694630e+00
4.646263625260753649e+00,1.695346752810414692e+00,3.549688991629586177e+00,5.506187651237520519e+00,6.844554781475752137e+00,3.171005742759908763e+00
4.067854252202277365e+00,4.069933231369024185e+00,2.554493315017900112e+00,4.295072299540654726e+00,3.608012259702137126e+00,2.314677608763087147e+00
3.295159285589787324e+00,5.311120524692709566e+00,5.320077708274162376e+00,5.720618364304549175e+00,3.811192355287925437e+00,3.608782817852079106e+00
6.928820688398880101e-01,9.800066017458690659e-01,6.827366311505295826e+00,4.004229634414666172e+00,4.201784103981538010e+00,3.904294338734371372e+00
4.548496993354376183e-01,3.138553408894360963e+00,2.439796583126912388e+00,2.406720621119379011e+00,3.085705659596870376e+00,2.334809493997620056e+00
2.235516739915495155e+00,1.954501365074706509e+00,5.852621309651066639e+00,3.412610460980525673e+00,2.158778164566681923e+00,4.343315190224374511e+00
2.364690952429887361e+00,1.286639646266829029e+00,3.223102807774970380e+00,5.188679775733715971e+00,1.778811209589236553e+00,5.708440336994327069e+00
1.452926794631366647e+00,2.420894446465156058e+00,4.889625684300547448e+00,4.522382685286619797e+00,1.274727042106942765e+00,4.271046094382469072e+00
2.814266440454683327e+00,5.415628835990405676e+00,3.947298438859845326e+00,3.466542115917774947e+00,2.618625415171393023e+00,4.438591258134652051e+00
1.441867980940115590e+00,3.092433210613025452e+00,7.402584553805136025e+00,4.096019485647819813e+00,3.499405935334114481e+00,5.337757846430276842e+00
1.271156479694713903e+00,2.727887391465165567e+00,3.439404177184633760e+00,4.935098955674215304e+00,3.866403747203075891e+00,4.353461716210672350e+00
2.022193682789900304e+00,1.769844121946777094e+00,4.262458209583331659e+00,2.779354929882601244e+00,3.304557028427259180e+00,4.152799108029743280e+00
1.191455312653654008e+00,3.184562704928624033e+00,5.598892720734272466e+00,7.881872983140931765e+00,2.519989887046328203e+00,6.945098740287418693e+00
1.462775117243841461e+00,8.048495082072100182e-01,5.169102341001365453e+00,2.348067417134700463e+00,3.300926530552781735e+00,4.771054197208039582e+00
3.074614675224570437e+00,2.588726200409745104e+00,5.270724296375169260e+00,4.391833756383513254e+00,4.398419945629690631e+00,6.155800130635420864e+00
1.843511640061018531e+00,6.594863012349820863e-01,7.119387267201277680e+00,4.236287170318125739e+00,3.816175967934049673e+00,4.861124486373168629e+00
0.000000000000000000e+00,0.000000000000000000e+00,0.000000000000000000e+00,0.000000000000000000e+00,0.000000000000000000e+00,0.000000000000000000e+00
1.266943681854462378e+00,3.292175849783674391e+00,5.886662292214886349e+00,4.400272412352887130e+00,4.421603090623683840e+00,3.287875667835213456e+00
0.000000000000000000e+00,0.000000000000000000e+00,0.000000000000000000e+00,0.000000000000000000e+00,0.000000000000000000e+00,0.000000000000000000e+00
2.665621366979014972e+00,1.656584612862936456e+00,8.618722482002530327e+00,2.950649517128532739e+00,5.000686506561725864e+00,7.123520786616038158e+00
2.444819124461790061e-01,1.467718043310481502e+00,3.980382642662746662e+00,3.799870329523133972e+00,3.920624812231308098e+00,6.927273863335254411e+00
3.587680877636252763e+00,2.583097432463087539e+00,3.821006649963414326e+00,4.157985421078765675e+00,3.648488753638014614e+00,5.330044464475765409e+00
3.921239965719913734e+00,1.532521614267467136e+00,8.853674803434339324e+00,6.782244689134062199e+00,2.060444136640788404e+00,6.359258234412486388e+00
2.450838697607563343e+00,2.385559600209577358e+00,3.867001625365422246e+00,2.893763800805117192e+00,1.345873008981350649e+00,4.540936631328606587e+00
0.000000000000000000e+00,0.000000000000000000e+00,0.000000000000000000e+00,0.000000000000000000e+00,0.000000000000000000e+00,0.000000000000000000e+00
2.620172794449663556e+00,4.192319362941672622e+00,2.337843914954683910e+00,5.615323376366271546e+00,2.472516127650183471e+00,3.105358058365523810e+00
4.014489503329913944e+00,4.715094121599136656e+00,6.287518326502548049e+00,4.614183461406497599e+00,2.951234694906152978e+00,3.342539008307611859e+00
4.991752887899993496e+00,4.742323435804553178e+00,4.342153770236433452e+00,5.184699233539698859e+00,2.407959801130528987e+00,3.167393275266671804e+00
3.366339391512194190e+00,6.434508550852982012e+00,6.836422062984684800e+00,8.043888714317992239e+00,3.625819417005279988e+00,2.317172456056344032e+00
0.000000000000000000e+00,0.000000000000000000e+00,0.000000000000000000e+00,0.000000000000000000e+00,0.000000000000000000e+00,0.000000000000000000e+00
1.587496532077433908e+00,3.431409185872404954e+00,1.807563011012642384e+00,6.117058141141473726e-01,2.116136345169238986e+00,2.044473144060933389e+00
4.395619302211644097e+00,3.237934590002840451e+00,4.765293361987688492e+00,2.279993849110113047e+00,4.722301118615543025e+00,2.489957233812380544e+00
4.529229253791167586e+00,4.177240341589978811e+00,5.983913901297940541e+00,4.733414631209110546e+00,4.627072677505250198e+00,3.218820793380011480e+00
4.128427141360340613e+00,2.911804650546552242e+00,4.788950978810039949e+00,5.522281035745470135e+00,4.101707520020324793e+00,4.022903907896513864e+00
3.591804697770155208e+00,3.082218379254684670e+00,2.618768969847456773e+00,1.201388148996015204e+00,4.447092689344979810e+00,9.963383486486612206e-01
4.101977426454007869e+00,5.834362681575877119e+00,1.511733676007184002e+00,6.047940659433317379e+00,5.209090140313301198e+00,1.686787920838896948e+00
0.000000000000000000e+00,0.000000000000000000e+00,0.000000000000000000e+00,0.000000000000000000e+00,0.000000000000000000e+00,0.000000000000000000e+00
0.000000000000000000e+00,0.000000000000000000e+00,0.000000000000000000e+00,0.000000000000000000e+00,0.000000000000000000e+00,0.000000000000000000e+00
5.868081952370324927e+00,2.863591489219152741e+00,5.291233882426719326e+00,3.705261987774030707e+00,2.586956526989449223e+00,2.395039957606852177e+00
5.984516888596956186e+00,2.439221957405145247e+00,3.575894772854649961e+00,5.067813865625828029e+00,4.256572100702509687e+00,4.346944377984117480e+00
5.009026899049917603e+00,4.965633371834490717e+00,5.589123084846440825e+00,7.198934505705512521e+00,4.397452139368072110e+00,3.676105453481907759e+00
4.445241517044097534e+00,2.307158628073082252e+00,6.852837350757795321e+00,4.787344449243976285e+00,3.509782207540435905e+00,2.889652260333553269e+00
3.905107435203328592e+00,4.119553063489596489e+00,6.138607242795000474e+00,4.727319727669559768e+00,5.046861381293841653e+00,5.215071035302918823e+00
2.100652269860260990e+00,3.232230873041817887e+00,4.714082538092299046e-01,4.108492614068638638e+00,3.414017113468094777e+00,1.441244402400041924e+00
3.535651679616739429e+00,4.182075908313406032e+00,5.147285531486867072e+00,7.299974602210200558e+00,3.996419984263826386e+00,3.929799802852890434e+00
2.872556804459828861e+00,3.507491349320347673e+00,4.517612829411354447e+00,3.973717324587609845e+00,3.338732901614357651e+00,3.562193892778946935e+00
2.970165535967346671e+00,3.622977449534369399e+00,6.539532715543715291e+00,4.851114375513372323e+00,4.227708884509456588e+00,7.673007184213489040e+00
2.267973367606537227e+00,2.024150802923741388e+00,7.806722421634759712e+00,2.160830218002573133e+00,3.354857361205112021e+00,6.799840170119002103e+00
6.926331703612267354e-01,3.722416306506674211e+00,4.421007841341611844e+00,3.265842771187634774e+00,2.072123446312206685e+00,6.121561327786560369e+00
9.241532479783698406e-01,6.365787192880723033e-01,2.715692352936688092e+00,4.207208610261314874e-02,2.144508905006306421e+00,3.437430181373852811e+00
1.885987766275487587e+00,5.084331549100221892e+00,4.288133024077145805e+00,4.603728009363110552e+00,2.281139194083101618e+00,3.524615737961196871e+00
2.374502136869867552e+00,1.900628097270297356e+00,8.920130186689693375e+00,4.178047622057887267e+00,1.842855662203314537e+00,4.355561844858526044e+00
3.379482027355105167e-01,2.794449329802968673e+00,2.569013798813230220e+00,3.695870879273832621e+00,2.053596011691790402e+00,1.876848931810676024e+00
1.575019509214977020e+00,3.823600289642056893e+00,2.599175164644334401e+00,2.797409906908804089e+00,1.856309386857575294e+00,1.571054585842148743e+00
3.201357385357712637e+00,2.436760262440282432e+00,5.980983519510184365e+00,1.751016596289832528e+00,2.822293561813911111e+00,2.430986071643831181e+00
2.581453888005966313e+00,2.939119864633130241e+00,8.093170550585272238e+00,4.932839472326709718e+00,3.507973048373204339e+00,5.636023554040639816e+00
9.843308812313542600e-01,6.691714269212001298e+00,5.068563708124173672e+00,5.388885730684636499e+00,3.525532243485974160e+00,4.675856714416274151e+00
2.352208658567158661e+00,2.312304908137227333e+00,5.412716951634093832e+00,3.934784157973996166e+00,2.408591614018901872e+00,2.510001905019512591e+00
1.294893307684045647e+00,3.093441068643451697e+00,6.226144013240253017e+00,7.720488593913029440e+00,1.776015137391993903e+00,5.044716087436822427e+00
2.219387512021264719e+00,6.412611769229149772e+00,4.601661161450789628e+00,3.851456393927355393e+00,3.758919036101239453e+00,4.366094080503327035e+00
4.761782741348241643e-01,1.288714334507672588e+00,6.803993540012221786e+00,2.565588508429023307e+00,2.868725830959731660e+00,5.329876143774178843e+00
1.649753886068886732e+00,1.284160602831619924e+00,3.983247866461006481e+00,2.685059888589485411e+00,2.120427402838665820e+00,6.540196940062582343e+00
1.753636017206536835e+00,5.419910308033005109e+00,4.209094301673022009e+00,6.498979555384296170e+00,3.836743872535283817e+00,6.543454604286548459e+00
3.618903571338622172e+00,3.491171058863276944e+00,1.034916066286750436e+01,5.524137552016067154e+00,3.643101841538830765e+00,6.956176228275822382e+00
0.000000000000000000e+00,0.000000000000000000e+00,0.000000000000000000e+00,0.000000000000000000e+00,0.000000000000000000e+00,0.000000000000000000e+00
0.000000000000000000e+00,0.000000000000000000e+00,0.000000000000000000e+00,0.000000000000000000e+00,0.000000000000000000e+00,0.000000000000000000e+00
1.883433821664506347e-01,6.564961761517826844e-01,5.238878154369055018e+00,6.764929277192388568e-01,2.324541086891925179e+00,4.176555060923218932e+00
2.554683129219261772e+00,2.510014531805878857e+00,4.002388878646499393e+00,3.951856901789001952e+00,4.107503153568142551e+00,5.853674633738171096e+00
4.595543819971632082e+00,3.738803240110464277e+00,6.031268130204200162e+00,4.224146036690567207e+00,3.200352265341054103e+00,6.216224364012130188e+00
2.497098756881810822e+00,3.303088548371131417e+00,6.958132462992147715e+00,4.177856287136314961e+00,3.190178597461217347e+00,5.128777872536566917e+00
2.823216493250797487e+00,3.680250047813435454e+00,4.480227155872674061e+00,5.829894743303432492e+00,3.468877374100054922e+00,5.726248076610436222e+00
2.200687564348631220e+00,1.550993494292318475e+00,5.325565525676284828e+00,2.142147340748943307e+00,2.742760467723391216e+00,2.957085833302987687e+00
2.988517996996445714e+00,4.331296334833019124e+00,4.182705955322254532e+00,5.676266995831651840e+00,3.023764396542888200e+00,5.081287309506068439e+00
3.308076765066756408e+00,3.484992057143061039e+00,5.459478811406107468e+00,4.618080013344447288e+00,3.585562547560174007e+00,5.354766416875429869e+00
0.000000000000000000e+00,0.000000000000000000e+00,0.000000000000000000e+00,0.000000000000000000e+00,0.000000000000000000e+00,0.000000000000000000e+00
1.042758310300001767e+00,4.136611454111336350e-01,1.885144507342422227e+00,4.196853065693415097e+00,5.003139790709619561e+00,2.081669467708275434e+00
2.631649853769904013e+00,5.141220442378875433e+00,4.224440769522995076e+00,1.314467345196390635e+00,4.571702980739138944e+00,2.776760204279855593e+00
2.847634285004801313e+00,2.496987858496744650e+00,5.777274259190073202e+00,4.312735834759407361e+00,6.469086043011316178e+00,3.815052240893049174e+00
2.728644695481776239e+00,4.061709555134175531e+00,4.882243567852908583e+00,3.806083238320144169e+00,4.956276305495135759e+00,2.860055956161239088e+00
4.423017201407995813e+00,3.361189450106619070e+00,5.855381914992340953e+00,4.356423302723733570e+00,5.980556133100755289e+00,3.634876470046931818e+00
3.322247367938740759e+00,4.927284532286746455e+00,4.377017117433282145e+00,4.933764654370332181e+00,5.604684909919997793e+00,4.030693512537628642e+00
3.898961764237722782e+00,5.551023791167596144e+00,6.120837048041076756e+00,5.624344283079316220e+00,3.800729015535661670e+00,3.850454200667650984e+00
1.590638605315863208e+00,2.722618763246541729e+00,7.310272754750545054e+00,5.863784693621047595e+00,2.586795218001296526e+00,4.830660603359537397e+00
5.318270140227983056e-01,2.915667579097665385e+00,4.342144098639385774e+00,2.991208541909413654e+00,1.656256799540771318e+00,3.224724117522073996e+00
3.276151534021349843e+00,3.934248107580910592e+00,6.560236253032447173e+00,4.206907074686908388e+00,2.299872387832381904e+00,5.707816649417842392e+00
1.010702926298190141e+00,4.112774244570944759e+00,7.425850667427313923e+00,5.650335892441129104e+00,3.321134000081560345e+00,5.369685177173252555e+00
3.929036864994985834e+00,4.372502096299814234e+00,5.518422733321350471e+00,3.612882648044995815e+00,2.934411300530751721e+00,3.135491797270011372e+00
2.488104151754522153e+00,3.519773501893698864e+00,8.133828111312327636e+00,4.212120495878273196e+00,3.591347133257071000e+00,4.856257343084728006e+00
1.636003657590566540e+00,2.390472496739630692e+00,6.318970065083989951e+00,5.174777280390656209e+00,3.426700912432812718e+00,3.507692381441498419e+00
1.983905631422339111e+00,4.542891118103629111e+00,3.994879303909094403e+00,3.354440076612013932e+00,3.868661606147134613e+00,6.534120942179425739e+00
3.093783212460766929e+00,3.131096714727463315e+00,2.938698727938968247e+00,3.654689538625317535e+00,2.782237453921286630e+00,2.378296023797138226e+00
3.912010185154512598e+00,3.781963057171513043e+00,2.713018657958324198e+00,5.273435563630392231e+00,1.762822025864977382e+00,4.190954193132292893e+00
4.410813064773899228e+00,2.360666581000113062e+00,4.856091074449095935e+00,4.495169839158657865e+00,2.044654079569660166e+00,1.586625313872347398e+00
2.322862894190694583e+00,3.742781996916937359e+00,4.496075369532065658e+00,4.231697515623797479e+00,2.554927106299949457e+00,3.858169466093060329e+00
2.780454460610837231e+00,4.012551258285724565e+00,5.733356711792687577e+00,3.963250083770063714e+00,2.416109922398253396e+00,3.057783976217706368e+00
0.000000000000000000e+00,0.000000000000000000e+00,0.000000000000000000e+00,0.000000000000000000e+00,0.000000000000000000e+00,0.000000000000000000e+00
2.264917047012289686e+00,8.287164723813829070e-01,5.118496546432776739e+00,2.846189615802183770e+00,1.219105294823877639e+00,3.348265066539056978e+00
3.259403563610968391e+00,5.435048461112060636e+00,3.002738100032039448e+00,4.876390087278793750e+00,2.557135229075422789e+00,2.998254127362822707e+00
3.072525206690822408e+00,3.558405647387257176e+00,6.748762728767627728e+00,5.633429834387892576e+00,4.446528945386089227e+00,2.554034303647441106e+00
1.487959472998577226e+00,2.092869125340808267e+00,4.914718538796563507e+00,2.874470941005795144e+00,3.972524268187578755e+00,4.158489681510769032e+00
1.485628492942347112e+00,3.396556577432562563e+00,4.682643872017846931e+00,3.613671002244493557e+00,3.897753026492630113e+00,4.337303323804693633e+00
3.767811008101075387e+00,3.274262665206791212e+00,2.394574619963669271e+00,5.072249191464051066e+00,2.919012206743939242e+00,5.450388762114251939e+00
2.437651392079436263e+00,4.382857748319553437e+00,2.693577989767492298e+00,5.061282598512272912e+00,3.805712711518203228e+00,2.836323827684396282e+00
3.370474447246071925e+00,2.524598092011383521e+00,4.812195399061345746e+00,3.618954834669419807e+00,3.485956472514902149e+00,3.770855482483584264e+00
2.010293493313467295e+00,3.103173353345947572e+00,6.316645417203792690e+00,3.180045044846586233e+00,2.816381337692787756e+00,4.795355685990750239e+00
4.293921057769223282e-02,2.003335636750553039e+00,3.515201205558212472e+00,2.689209014688667576e+00,3.440642131227204636e+00,3.503899424164174548e+00
3.272365793475314977e+00,4.035905201322677271e+00,5.425777599287996189e+00,1.864572445128716893e+00,3.501010458155715543e+00,5.218921248743530583e+00
2.899050025504369188e+00,2.357967224089847491e+00,7.067794837655622331e+00,4.965071925249256779e+00,6.082428429660229341e+00,7.015458165085884268e+00
2.026481982903050483e+00,3.328384805385130818e+00,5.397138392563936904e+00,7.657229689647548909e+00,2.717424474448319138e+00,5.736001677261534759e+00
2.111600971166080143e+00,4.736595072949187468e+00,4.851861078079041434e+00,5.289554558390064720e+00,3.475988724700968202e+00,4.599341692061205578e+00
2.298914609156859079e+00,1.714831257701438627e+00,5.887374638844633523e+00,3.741426248763593421e+00,1.709710256956968433e+00,2.713541217961493501e+00
1.577322829027519635e+00,1.871169635230387707e+00,3.459689290708468867e+00,2.150953395533729218e+00,2.392140023155834072e+00,2.426988518551751461e+00
2.282236387433203006e+00,3.869155720386490138e+00,5.018261260274322844e+00,4.693711075832593060e+00,2.046853154144606446e+00,7.172376351320229659e+00
1.867108936169896261e+00,4.160616193994904677e+00,4.758713736944197414e+00,4.975373590405862245e+00,2.860844101906581560e+00,4.576636730613230064e+00
1.548098752473419548e+00,9.977970636600761445e-01,4.269015798059245803e+00,1.696208632653224413e-01,2.064289742530228899e+00,2.576510365738777342e+00
3.921347235659309760e+00,3.904345021998738563e+00,5.039526245534895033e+00,5.137587916352750916e+00,3.942826381802756686e+00,5.013010368679433171e+00
2.485850739900999695e+00,2.163425265407783016e+00,3.529056412017415045e+00,3.075264516953426952e+00,2.784939947507917957e+00,2.819895593006173762e+00
1.062859362362017945e+00,1.116213923875528424e+00,3.525157910154342655e+00,8.074824839834557899e-01,2.934341395186600199e+00,3.457150369071206875e+00
2.782241320073794988e+00,2.686481942545877910e+00,8.435251007142969826e+00,4.291247151751709232e+00,2.611359761651843137e+00,7.920315506936325356e+00
9.123467175465167500e-01,5.598805213500961386e-01,8.327332473804803570e+00,3.564564383591751540e+00,3.637445998786196011e+00,8.601902326518958475e+00
0.000000000000000000e+00,0.000000000000000000e+00,0.000000000000000000e+00,0.000000000000000000e+00,0.000000000000000000e+00,0.000000000000000000e+00
0.000000000000000000e+00,0.000000000000000000e+00,0.000000000000000000e+00,0.000000000000000000e+00,0.000000000000000000e+00,0.000000000000000000e+00
