VR1,VR2,VR3,VR4,VR5,VR6
2.035771568482976690e+00,5.570156837716362830e+00,3.524844724512879779e+00,3.148681801647347900e+00,5.063758249720953231e+00,3.943817795708675522e+00
1.633542729075348587e+00,2.506904286784104485e+00,7.108650161154452363e+00,3.763384493821362309e+00,3.429663522116854324e+00,4.448118034285816869e+00
3.119069762127438139e+00,3.218534118830085333e+00,5.352479109237352262e+00,4.113101194520197623e+00,3.205517743835737843e+00,4.894691581221625398e+00
3.203007731910682221e+00,3.930618291188728186e+00,5.065385284822133016e+00,4.349483513431419368e+00,1.664649054397922878e+00,2.953613420885844221e+00
2.365688913399145221e+00,2.827482956733043284e+00,4.606919880944678525e+00,2.461930484316779300e+00,3.122902863326911582e+00,4.109345802088848920e+00
1.934704815559289637e+00,3.207135635338603574e+00,6.168036187153502325e+00,3.302486692494430720e+00,4.265148101737909592e+00,5.123190843126181448e+00
1.001598523749175573e+00,4.374724904900301858e+00,4.233765834464505495e+00,5.490478649731245220e+00,3.477695361166857513e+00,3.670495497372829874e+00
9.077132143037154322e-01,2.761869569442154226e+00,8.662346978004149989e+00,1.632109472542674578e+00,1.684409577791498691e+00,2.673954729748422299e+00
4.399046386825376409e+00,2.748707190775800058e+00,3.284023317178820900e+00,3.302274675418174432e+00,2.155907061980502082e+00,2.651533282646774570e+00
1.928787163360078161e+00,4.842988221244335811e+00,5.635078100570552806e+00,4.623579254319803766e+00,4.112767814709281211e+00,2.451400488746321216e+00
4.725271002351716376e-01,2.510062776802592044e+00,5.481077121565104626e+00,3.159434941664648555e+00,3.041642836964018937e+00,5.408030042540227456e+00
2.338439166745243547e+00,2.468412158475816742e+00,5.980029690720500390e+00,3.077437197954687065e+00,2.381725384247733945e+00,5.426295596383020836e+00
2.691832476446416766e+00,4.768837709267558012e+00,4.224056639540050284e+00,3.227579574326844281e+00,3.018238427651489530e-01,6.493482179167812340e+00
3.925903067108440503e-01,3.802740170158556587e+00,7.347137323997775304e+00,4.662295317554788987e+00,1.923221295446730483e+00,5.737243116389112885e+00
0.000000000000000000e+00,0.000000000000000000e+00,0.000000000000000000e+00,0.000000000000000000e+00,0.000000000000000000e+00,0.000000000000000000e+00
3.069657815602289119e+00,5.941977363838899961e+00,2.969260113735866735e+00,5.507988088345133981e+00,4.377348812049822513e+00,5.005527148875196453e+00
1.359183026006864914e+00,2.914768362158440596e+00,6.885240912181593842e+00,2.916212545635358033e+00,2.195233978201287073e+00,6.647306118175054124e+00
2.714642807443389483e+00,2.334990053395376020e+00,3.386203986588847137e+00,3.823889095424848339e+00,3.450550366768880828e+00,4.860548897001621071e+00
2.866935025769298484e+00,4.263058609094149354e+00,3.446063423018869365e+00,4.659783424004251273e+00,3.218787157103331076e+00,3.150279941725470323e+00
2.452827758587412976e+00,4.668149577614281398e+00,5.574735613705843917e+00,4.356452701251812165e+00,2.398446668984292263e+00,1.896867127621638449e+00
5.500799851266888751e-01,2.512566981921265707e+00,7.172082406303930568e+00,3.513771452547245211e+00,1.331185770573367622e+00,3.191050604799508861e+00
1.487798845074968179e+00,1.986859990821089772e+00,5.132032657604276515e+00,1.401903007155712366e+00,1.397862262746485396e+00,2.541450762180722300e+00
5.200435539409919983e-01,5.195898147214816021e+00,2.785400407456242178e+00,4.780434079718087759e+00,2.575543460635667081e+00,3.450783539272925804e+00
0.000000000000000000e+00,0.000000000000000000e+00,0.000000000000000000e+00,0.000000000000000000e+00,0.000000000000000000e+00,0.000000000000000000e+00
8.696684747949099403e-01,4.620517506112988393e+00,6.052480854882888117e+00,2.125426297897573313e+00,3.877940639113039989e+00,4.079720712237779878e+00
0.000000000000000000e+00,0.000000000000000000e+00,0.000000000000000000e+00,0.000000000000000000e+00,0.000000000000000000e+00,0.000000000000000000e+00
0.000000000000000000e+00,0.000000000000000000e+00,0.000000000000000000e+00,0.000000000000000000e+00,0.000000000000000000e+00,0.000000000000000000e+00
8.195435926243561653e-01,3.719060998040148558e+00,4.600189966555616294e+00,2.847364008530348656e+00,5.799411136998639194e+00,4.335179613933477505e+00
6.094772210100138921e-01,2.007598335668328016e+00,7.602751723262946015e+00,3.377544423430955067e+00,2.117592985840846431e+00,4.936340341193695913e+00
3.033060552257684339e+00,2.878060239039751611e+00,4.642627186210662948e+00,1.566788043355936022e+00,2.390493305222322284e+00,5.088910449676959935e+00
1.194069069160620611e+00,3.044865672858730221e+00,4.931978348222952668e+00,2.135925238757193867e+00,1.081524890498212876e+00,3.443738619065313422e+00
8.581931405808711499e-01,3.986187404445162841e-02,1.510851473552429880e+00,7.639482702454944985e-01,4.330219849973437896e+00,3.487145047914435025e+00
3.780529445125790478e+00,2.341562132644531058e+00,3.734121999310356710e+00,2.817434285710465502e+00,3.996539231092080868e+00,4.051074049837644964e+00
4.285890332317679352e+00,3.096334520721072625e+00,4.956624689140292972e+00,4.206858616768965220e+00,2.590471513562798478e+00,6.017710000984840768e+00
4.896576092666177438e+00,2.352929698827847638e+00,5.267927501210197150e+00,4.074546422228134013e+00,1.626370706079043327e+00,5.201977825879219530e+00
4.374188411653618935e+00,2.093137845893313642e+00,3.497243793133340883e+00,6.206740599481062048e+00,1.565043569880512297e+00,2.834321226385050352e+00
4.400051646766931057e+00,2.498003716449805456e+00,6.229785363385078156e+00,2.550389343840884226e+00,3.518774795148081669e+00,3.270544148818572694e+00
2.239395522196661936e+00,2.305722298679287352e+00,4.282175162241436794e+00,4.520846059206879985e+00,3.375346213463022327e+00,3.228777590678828524e+00
3.836181973026466796e+00,4.320131611787307868e+00,2.296382167533354224e+00,1.636306289748641785e+00,5.245903631843219728e+00,1.325327404810481724e+00
3.429512542798299979e+00,4.720046193748827612e+00,5.666487032679589753e+00,5.677166442971824267e+00,2.955218096838718722e+00,2.776014173206830637e+00
1.018596550675887613e+00,5.592720547876774084e+00,6.637837232318567260e+00,4.852429949844091261e+00,1.077020746804878026e+00,4.111286137371377158e+00
3.905566163724105699e-01,2.024724219262314939e+00,5.701020567708201092e+00,4.916504050150305005e+00,2.870520959644422998e+00,2.227486205059869828e+00
1.944891589343876959e+00,2.698817277067983245e+00,4.798043521901840691e+00,4.484341029887616514e+00,5.258665336093301335e+00,2.708820890118722069e+00
3.179796362667984155e+00,3.568823305692356840e+00,4.207078474808444213e+00,3.893234617850721779e+00,8.268652005858895038e+00,2.866592381769256459e+00
1.889721525043813299e+00,3.452849492174799195e+00,6.679826603642649907e+00,6.156630941492011289e+00,6.256763371285523512e+00,4.568539484271772366e+00
1.043595943511302693e+00,4.276742874055695864e+00,5.566727658882104635e+00,6.381355025355425425e+00,3.479342629459220237e+00,5.832708103538122302e+00
2.402150769957902554e-01,9.398685624971703234e-01,7.376259269874433144e+00,2.029393609757021544e+00,3.419396794706059062e+00,4.719703369289586448e+00
1.030820969402251874e+00,3.747337236385709147e+00,4.875334912507971019e+00,3.784591376244613947e+00,2.341880035655854009e+00,4.962987394132894359e+00
7.805835126040383543e-02,2.668361181356640799e+00,7.291584564507410882e+00,1.264247331022538390e+00,2.955869255309436561e+00,5.298164610982667000e+00
2.215410285019511427e+00,2.414344161970344516e+00,3.150177193645518958e+00,1.334973573719257622e+00,4.806119632138392106e+00,3.663942289040178046e+00
4.121791594594109043e+00,4.959237347078557789e+00,4.646430166363499481e+00,8.311928272611016411e+00,3.928958010237354248e+00,3.197317860521371458e+00
1.167492905316942942e+00,1.241619995729288384e+00,5.589119203905216438e+00,5.071173908173001621e+00,3.134359652520450901e+00,4.164811218240376256e+00
0.000000000000000000e+00,0.000000000000000000e+00,0.000000000000000000e+00,0.000000000000000000e+00,0.000000000000000000e+00,0.000000000000000000e+00
3.537725156594103915e+00,4.059242836128436061e+00,1.835694022954809768e+00,6.600321130145197834e+00,5.985119632396074252e+00,3.223701374133569608e+00
2.418109074798147962e+00,2.406076312934659178e+00,9.292250766592673017e+00,3.006488065256042841e+00,4.289556099902545938e+00,4.133000419355653321e+00
1.852086916031631780e+00,2.786490242572556841e+00,6.004229516423782442e+00,1.509453307806989386e+00,2.530784173258529446e+00,4.624108168219330572e+00
9.085817213059503850e-01,2.437299675056904924e+00,5.305039441133521549e+00,3.110481811493368109e+00,4.251440742600793854e+00,3.521791783203626736e+00
1.148317117036752100e+00,3.077788237436842156e+00,7.278717938854907032e+00,3.378592986480859039e+00,1.131056157151964392e+00,3.656399625242735318e+00
2.455002791500106696e+00,5.068755565447672140e+00,5.166394499323833323e+00,3.447751634796242026e+00,3.443507186905748974e+00,3.041837108331961304e+00
2.576370567154852242e+00,2.605426292572377012e+00,4.286669169056722239e+00,4.180523724623734338e+00,2.232215889244689944e+00,2.251453819562248437e+00
4.213473008290545607e+00,4.342070947100697964e+00,4.024195980903348513e+00,5.123305593075459186e+00,2.713976379084326762e+00,3.567147322763361217e+00
0.000000000000000000e+00,0.000000000000000000e+00,0.000000000000000000e+00,0.000000000000000000e+00,0.000000000000000000e+00,0.000000000000000000e+00
0.000000000000000000e+00,0.000000000000000000e+00,0.000000000000000000e+00,0.000000000000000000e+00,0.000000000000000000e+00,0.000000000000000000e+00
2.955149358504938206e-01,2.614311002313169041e+00,3.917429206099487971e+00,1.247897313839612998e+00,5.302942394760014722e+00,3.520139236725436049e+00
2.317688313530707589e+00,4.508028853973789829e+00,3.847358587604633673e+00,4.299899279591823387e+00,3.644201368112838235e+00,3.380555492391205341e+00
4.506519442595585900e+00,3.472989374070659441e+00,4.730159720324864203e+00,2.365257223873202808e+00,3.625550604311577274e+00,4.076442198497977287e+00
2.588168052039869327e+00,1.144143931773548450e+00,5.187884568251164730e+00,4.007414921696319965e+00,2.535875369384713807e+00,3.128091061529547190e+00
2.097872624539200537e+00,2.675145308905497288e+00,5.949038951747968262e+00,4.394032605730872731e+00,3.323960939302633033e+00,4.344817655317033456e+00
5.795858796679119074e+00,4.071829587651974336e+00,1.650503406494053138e+00,4.112189543487428267e+00,3.868251742223989709e+00,2.703087636812884220e+00
2.598132512993037935e+00,2.786668102155001492e+00,5.850457207284653904e+00,4.261005924631338537e+00,3.790186286322467790e+00,4.177218227885326485e+00
2.980844796954833509e+00,3.657950511911756131e+00,2.791416898246905642e+00,3.010491179901076730e+00,4.350847873719835945e+00,3.381713915717546648e+00
2.647655701851392429e-01,2.244254772414832733e+00,5.805119978046517915e+00,1.040714875077640489e+00,1.536304198425976431e+00,5.342474510502058571e+00
4.367258303908457151e+00,3.820388926305638755e+00,2.285778168074561023e+00,2.753006283111774533e+00,3.804015580490506476e+00,4.986778293311342480e+00
3.545579248475327461e+00,8.788234074842238286e-01,7.683529807314760873e+00,4.556029792364839182e+00,2.035160127971524346e+00,5.176206094708920347e+00
3.878310272465725017e+00,1.387855728321209181e+00,3.371166959204682012e+00,4.271891214861855524e+00,3.768078753540689441e+00,6.443761356080461411e+00
2.928968141133706293e+00,1.954627001870939962e+00,4.728522160992016055e+00,6.114970285579596876e+00,4.468400338079487000e+00,5.832413441478607297e+00
2.223275786037810064e+00,3.859823471198575273e+00,2.824217249436209443e+00,2.637149276669445541e+00,4.152134170896202292e+00,4.688695960809204699e+00
9.645592217693386150e-01,1.982243245613769966e+00,7.323423235156733213e+00,8.437191537780637240e-01,3.522412020369156238e+00,5.866625464145419855e+00
0.000000000000000000e+00,0.000000000000000000e+00,0.000000000000000000e+00,0.000000000000000000e+00,0.000000000000000000e+00,0.000000000000000000e+00
1.145900092035694762e+00,4.577846764711056338e+00,6.534002379514345371e+00,2.200509176089628927e+00,5.498614909901711201e-01,4.341721195019999868e+00
0.000000000000000000e+00,0.000000000000000000e+00,0.000000000000000000e+00,0.000000000000000000e+00,0.000000000000000000e+00,0.000000000000000000e+00
8.610699563845214399e-02,4.065615880818895356e+00,1.072456455173346423e+00,2.651891241339459082e+00,3.067465597322939885e+00,1.555483682119186639e+00
4.643556985403503035e-01,3.938955520745992533e+00,1.580257945498056760e+00,2.785843117788575185e+00,3.618145675899450353e+00,2.857724145911368030e+00
0.000000000000000000e+00,0.000000000000000000e+00,0.000000000000000000e+00,0.000000000000000000e+00,0.000000000000000000e+00,0.000000000000000000e+00
0.000000000000000000e+00,0.000000000000000000e+00,0.000000000000000000e+00,0.000000000000000000e+00,0.000000000000000000e+00,0.000000000000000000e+00
0.000000000000000000e+00,0.000000000000000000e+00,0.000000000000000000e+00,0.000000000000000000e+00,0.000000000000000000e+00,0.000000000000000000e+00
0.000000000000000000e+00,0.000000000000000000e+00,0.000000000000000000e+00,0.000000000000000000e+00,0.000000000000000000e+00,0.000000000000000000e+00
1.168208792291975273e+00,2.276392107256081765e+00,3.965866614670918278e+00,1.482160910906111795e+00,4.637502533313545783e+00,4.060669958734723473e+00
5.646352248567838572e-01,3.592604214348510627e+00,7.999002288644520675e+00,3.143845375829693367e+00,3.069136268587516092e+00,4.235550612826639139e+00
1.859752727763914759e+00,5.301735965468402867e+00,3.963087532933886159e+00,3.499149009943510080e+00,5.369640907084335169e+00,2.422172109321268252e+00
2.015290809810893258e+00,3.615648984531635968e+00,4.233285546220965756e+00,5.888450149375551668e+00,5.741666337737079573e+00,2.261944982776041169e+00
5.607245332961561246e-01,4.593395755567698302e+00,2.478357045968017314e+00,4.073841836799892313e+00,4.603318883487051316e+00,4.754225100729421172e-01
0.000000000000000000e+00,0.000000000000000000e+00,0.000000000000000000e+00,0.000000000000000000e+00,0.000000000000000000e+00,0.000000000000000000e+00
9.052839194565382996e-01,1.603253215968512446e+00,6.087728430172850480e+00,1.850411154263065683e+00,2.383760737316459544e+00,3.190592169950942747e+00
3.882944640289276439e+00,4.091914975842018798e+00,1.881224189718440964e+00,4.926707210057116981e+00,4.741243984349917007e+00,4.833742397109062949e+00
2.896030003239392414e+00,3.734356606909396525e+00,5.790437600053107481e+00,4.354207816493040006e+00,1.031198057898623510e+00,2.433440214024457759e+00
2.631363139055383993e+00,3.498073543852510348e+00,5.273438879412615243e+00,3.044861169927535638e+00,2.094971773487714461e+00,3.196463333821946584e+00
3.374793102627687169e+00,3.002816425880331153e+00,6.008992531537467485e+00,4.477653206139999398e+00,9.621067607929729704e-01,4.205086703614011157e+00
4.548529658587796121e+00,3.977852186850804106e+00,2.018703400760421207e+00,3.590918181231393724e+00,5.082418283631711553e+00,5.549571620619858869e+00
1.656686707574708706e+00,1.698629703750211384e+00,6.686265563582575844e+00,3.395618604862746359e+00,3.597264596039354334e+00,4.515770154374134648e+00
1.072788313724275966e+00,3.298006814335222803e+00,4.131034901765676892e+00,4.186104846777307209e+00,5.210084637645922001e+00,4.588159357455659837e+00
0.000000000000000000e+00,0.000000000000000000e+00,0.000000000000000000e+00,0.000000000000000000e+00,0.000000000000000000e+00,0.000000000000000000e+00
0.000000000000000000e+00,0.000000000000000000e+00,0.000000000000000000e+00,0.000000000000000000e+00,0.000000000000000000e+00,0.000000000000000000e+00
0.000000000000000000e+00,0.000000000000000000e+00,0.000000000000000000e+00,0.000000000000000000e+00,0.000000000000000000e+00,0.000000000000000000e+00
2.082475259746104701e+00,2.899920975739128881e+00,6.137987282945996270e+00,2.087752931105645970e+00,3.066446475826270834e+00,3.842888183711545835e+00
1.735152602674667754e+00,2.207801101329114779e+00,5.674074406859137554e+00,2.485359794951395251e+00,4.471323314112829017e+00,3.366943636275348428e+00
1.382912845101354815e+00,2.893077338393998943e-01,6.656726543789795336e+00,4.195907442174151569e+00,3.208249656190953480e+00,5.275008723419354340e+00
3.494431166897292940e+00,5.152476134240050243e+00,2.425660742372445000e+00,5.032892042162449897e+00,3.632049734799647212e+00,2.781905112294824178e+00
2.204678043570268642e+00,3.602056998424753687e+00,5.073484316668260163e+00,5.784273077006517383e+00,2.841058674102746817e+00,3.555132974654929612e+00
4.472382155029288597e+00,2.770379994764645026e+00,5.079361467757554038e+00,2.540583793755921249e+00,3.774860865362674289e+00,3.036325093021915222e+00
5.195920526321775590e+00,3.072924123323270695e+00,4.993707074242180077e+00,5.380774548054592543e+00,4.503836953451903824e+00,2.789822405663034743e+00
4.525511989116285605e+00,3.439183621841428895e+00,5.191115309789507748e+00,7.097066348320128171e+00,2.824200160329332743e+00,3.524778335579593413e+00
5.188191627499726621e+00,3.658073626320032190e+00,5.329841002880582046e+00,5.746641018219551533e+00,4.191533186489414753e+00,3.790857719779062940e+00
5.354123796096974530e+00,1.180056553571593225e+00,4.275591562071894280e+00,3.064244473092018417e+00,3.428521521783234327e+00,4.843423406030293421e+00
6.964660051863546641e+00,3.714492983287445149e+00,4.309577321714579412e+00,4.094604918466779431e+00,2.717187833606902636e+00,5.733267236273567491e+00
3.383937137358699498e+00,4.353377874162990935e+00,3.546821028401909714e+00,7.252180761961215971e+00,4.443252664834602683e+00,4.763611224510664321e+00
2.200276010562068230e+00,3.381775461840771602e+00,5.354245990998613536e+00,7.294161854197598771e+00,2.559358879627385619e+00,2.993683775340633346e+00
3.039572542334618266e+00,3.912230952532108841e+00,3.236386677617620666e+00,2.946987845227366343e+00,3.958318290895967984e+00,5.181754024359636723e+00
0.000000000000000000e+00,0.000000000000000000e+00,0.000000000000000000e+00,0.000000000000000000e+00,0.000000000000000000e+00,0.000000000000000000e+00
1.539012973366504111e+00,2.319021543204525138e+00,6.288634892257578102e+00,2.778654313976094414e+00,2.583242955462144330e+00,9.334506090590245719e+00
1.225035652051775781e+00,4.224522327763549079e+00,9.195557660675596878e+00,2.466717977119844196e+00,9.898418689134440562e-01,6.037268635372270431e+00
9.170956167028996298e-01,2.701742075881321981e+00,4.340593002891973917e+00,1.582180809655995724e+00,6.143368277346894502e+00,6.679739964200789970e+00
1.489542320541228371e-01,2.212666848402705000e+00,4.680310220776812358e+00,3.643897481403646665e+00,1.987980559897939870e+00,5.835010489768105657e+00
0.000000000000000000e+00,0.000000000000000000e+00,0.000000000000000000e+00,0.000000000000000000e+00,0.000000000000000000e+00,0.000000000000000000e+00
1.595395662566337025e+00,2.897945088996732643e+00,5.643979324529252217e+00,2.489876806410674437e+00,4.576851019230780970e+00,3.480033667254346597e+00
3.399170641326191067e+00,2.230708563278671619e+00,3.082672457531572263e+00,3.649651775423832234e+00,4.230444700805588987e+00,2.349437841751050637e+00
2.484012781433471595e+00,4.699759960434181316e+00,3.349652607701262497e+00,6.336114709250519894e+00,3.745281226515605688e+00,3.720737176042046901e+00
3.008301554079495066e+00,2.672878253694099371e+00,7.430504523816521711e+00,4.184801702637168219e+00,2.269629671151199624e+00,4.506202022705935839e+00
3.382734989754246691e+00,2.441596512700614063e+00,4.749767865384421306e+00,4.006468885157956628e+00,2.693587520215258824e+00,2.721003643418446138e+00
2.313682751461579201e+00,4.825695998422690813e+00,6.203275866577516950e+00,5.135664740274446416e+00,8.329982479577164867e-01,4.825804717305604008e+00
2.236758263206518826e+00,5.851683597733994269e+00,3.442829406948535897e+00,4.491352909552936978e+00,4.028373531136286267e+00,2.394648067569187688e+00
1.366942004450181436e+00,2.948037396966291634e+00,7.739564744679546138e+00,5.896804277231727731e+00,3.456571119815922355e+00,5.098166534908573411e+00
4.843965900650420764e+00,2.804478773981385231e+00,3.902948393238106384e+00,3.569765285497477070e+00,5.938069668621094976e+00,3.739528782227637738e+00
2.912131683237078050e+00,1.545077283339572505e+00,5.168513052979029077e+00,3.842931786291808649e+00,3.532900695033859950e+00,3.251967667960566466e+00
5.225604071029533948e+00,9.541355384176939403e-01,4.762040330954719458e+00,2.813187271048936289e+00,2.837778893538838609e+00,3.932378955848790714e+00
5.273568385168031725e+00,3.467303113456331687e+00,4.386793673792153569e+00,4.728863246261503228e+00,2.133020163646887291e+00,3.459899000765812804e+00
1.654823941395229925e+00,4.658401009107324242e+00,6.209894468115461308e+00,5.890852354504941601e+00,2.357853055050018298e+00,5.020484749855324225e+00
0.000000000000000000e+00,0.000000000000000000e+00,0.000000000000000000e+00,0.000000000000000000e+00,0.000000000000000000e+00,0.000000000000000000e+00
0.000000000000000000e+00,0.000000000000000000e+00,0.000000000000000000e+00,0.000000000000000000e+00,0.000000000000000000e+00,0.000000000000000000e+00
6.062412405915218461e-01,2.627905259433447327e+00,4.277699079008231209e+00,2.058502533017281699e+00,3.492498291752824890e+00,3.568089961346996741e+00
3.539288310932898085e+00,1.673193610320412139e+00,4.925840506439678634e+00,3.444754983450594388e+00,3.826854485637070979e+00,4.650216498839246704e+00
2.253886380111952192e+00,1.982487264592591725e+00,6.760693940812235070e+00,5.014573188055150510e+00,1.588930610796485787e+00,4.648583939143158261e+00
1.809995333371287707e+00,2.052781128325305904e+00,5.218513566638268486e+00,3.257451335177024454e+00,2.214154428567715271e+00,4.944285073087261395e+00
1.063179168720833623e-01,3.770609337334937639e+00,3.219476184809017205e+00,3.728973991805392352e+00,1.442599836494859566e+00,2.845464184923962137e+00
0.000000000000000000e+00,0.000000000000000000e+00,0.000000000000000000e+00,0.000000000000000000e+00,0.000000000000000000e+00,0.000000000000000000e+00
3.943792632933667441e+00,2.728471150487210117e+00,4.618924362058091759e+00,4.451399353301157547e+00,1.920536930794250141e+00,3.258060386700954325e+00
5.727238864524581530e+00,3.095882641039467753e+00,4.923176212613322278e+00,3.440818813023278633e+00,3.022858823212716928e+00,2.692346075191085486e+00
3.918750081819549536e+00,3.790971378946113024e+00,5.802938317673024926e+00,5.936321438588888277e+00,2.725508401192695995e+00,3.624219255440762844e+00
3.001973201752004883e+00,4.151341807347842305e+00,5.325539741755710210e+00,5.978412159504825851e+00,2.254451751680966787e+00,2.574820195037104131e+00
4.484687845553845698e+00,4.385394673211720828e+00,3.528049160981597154e+00,4.914444802545775204e+00,6.327852753058556878e+00,6.001445496733586182e-01
