VR1,VR2,VR3,VR4,VR5,VR6
2.689395222729101143e+00,2.078294783788313893e+00,4.468915965408376323e+00,4.500937935667563394e+00,2.138613295840532835e+00,2.696912266769218025e+00
3.837585379821471410e+00,5.380018725084880771e+00,8.221433793762033204e+00,5.764436907375507957e+00,4.769383085528986044e+00,4.216962471061329154e+00
2.025496546123323416e+00,1.501127530770042906e+00,4.991981090422463296e+00,3.195767766858772951e+00,3.286985657158408181e+00,4.895002690239235399e+00
2.829582346001834114e+00,2.894357834372229821e+00,2.416673921272356029e+00,2.491514933509046070e+00,3.314161037946957045e+00,4.664384675466406449e+00
2.788103409226603713e+00,3.161544131392668433e+00,5.176837993937640547e+00,4.026350826110017600e+00,4.547398828615299315e+00,6.039394211820308556e+00
1.722537926921993368e+00,3.977186541300595568e+00,5.186891856631350883e+00,4.942717779205367812e+00,3.328029302599839756e+00,3.928568466941764203e+00
1.014594555096957951e+00,3.191542775214001981e+00,4.666378860374527093e+00,3.934977046345159657e+00,2.470888766416107440e+00,4.971355912149608258e+00
3.390622234138181756e+00,4.084817992547636223e+00,6.204456379179774217e+00,6.102245055394252660e+00,3.690286784632411443e+00,6.418831588475446992e+00
2.172007306462489407e+00,1.037206724592840690e+00,4.283081609136135448e+00,3.978660894358378997e+00,4.374039526813938039e+00,3.295265994788092456e+00
2.456792680197029899e+00,1.768354012731250036e+00,6.139942107217004619e+00,3.632574998717188031e+00,4.037928222388080357e+00,3.363015643840702840e+00
1.925584544287944677e+00,3.560352425053054937e+00,5.599250490722008422e+00,4.659190010365206192e+00,2.399537488552380804e+00,5.485077070699352575e+00
1.703543625984300203e+00,3.874480367194307107e+00,4.752208782800648734e+00,3.595371558384636401e+00,1.474218461778643796e+00,2.169915270919478001e+00
3.271882874829628918e+00,2.285164578921049738e+00,6.872956262928372695e+00,4.061832962992697915e+00,3.218598479285685876e+00,5.145742357885694673e+00
3.938108308720747353e+00,3.095410886808920736e+00,7.440772708956311376e+00,5.272334970664848797e+00,2.654394442205300741e+00,5.162677886418560291e+00
2.694275803530133739e+00,2.932497146097120755e+00,7.588593011766887386e+00,3.928618928831895118e+00,3.824574610687514475e+00,5.261753011651038037e+00
2.736434302017178855e+00,4.113664598244705317e+00,5.619574639515588110e+00,4.284062564471300405e+00,6.134103598883499764e+00,6.332742906678172190e+00
2.245898925716697914e+00,2.318315966382074489e+00,4.158236396756327835e+00,2.403764873326596607e+00,2.802959994076990036e+00,4.402348154009894543e+00
3.028798949915050720e+00,3.733577098465656441e+00,3.430369953366438907e+00,2.111907578228778171e+00,2.032642326064419080e+00,1.997418185520807299e+00
1.750494095929641780e+00,2.211800080264402002e+00,5.339085092815697209e+00,6.394925148779423196e+00,3.449340711273904958e+00,6.302811613536571045e+00
5.351472226322192327e+00,5.081249315090213159e+00,7.656523530254287557e+00,9.221701015254019751e+00,4.982956655297009263e+00,4.818367722521246677e+00
3.083014623413580679e+00,4.428982610073809667e+00,6.192621391660368957e+00,6.361874709531061711e+00,4.670112565151722350e+00,4.752381781908101566e+00
1.488307132846876435e+00,1.518171121422570380e+00,3.007111172019654610e+00,3.582483494272089786e+00,2.402332160581381881e+00,2.203770804076996104e+00
4.613849243117083887e+00,7.300639164447026985e+00,7.077406268727579608e+00,5.921902200402282546e+00,2.175720930831972488e+00,3.072452450929579193e+00
3.013192752480463810e+00,4.560730956237517120e+00,8.883063327152044053e+00,5.006180789528544395e+00,5.024782211758784811e+00,4.998581365446251645e+00
7.161560875521115754e-01,3.871745104694664263e+00,9.584992555725964536e+00,5.374214079645167175e+00,3.455523562748016531e+00,6.290703652044721039e+00
2.631926257703089078e+00,4.092995293122138278e+00,7.918334672285801012e+00,5.106086160575067368e+00,2.292001885252379800e+00,5.162062006538471692e+00
3.123480777543160336e+00,4.247183970457587776e+00,6.944718817385874488e+00,4.619506276472080231e+00,3.438186273892086753e+00,7.813895878886793156e+00
3.094061508974973229e+00,2.300729340855272476e+00,5.708433915852783258e+00,5.742273608832892506e+00,4.747116307209212849e+00,6.792987080651911924e+00
3.310382203194815798e+00,1.692130760391248767e+00,9.899605267890292382e-01,3.706984936023415056e+00,4.060763258246471885e+00,3.898978329068051529e+00
1.082092993563576799e+00,1.679991081876242909e+00,1.404903726555522869e+00,5.085170303230477806e+00,1.412440723844262003e+00,9.900354171062328845e-01
3.977769171323292774e+00,3.567179019445083643e+00,3.160401325699186081e+00,4.545027104846210086e+00,3.833888825313280346e+00,2.690869357344547907e+00
2.070289298130251865e+00,2.477380712529392071e+00,1.991664731985479886e+00,3.479542041331508351e+00,3.953308812629170443e+00,1.712087998241552000e+00
2.097393995979665249e+00,2.860216687384703249e+00,4.372835737336712825e+00,3.666008561961550338e+00,3.958855462155716598e+00,4.186383974423875109e+00
3.754395365701815646e+00,2.820480189870198551e+00,6.193533347169919878e+00,4.723349060985091441e+00,3.505984752878058330e+00,5.182087294993143800e+00
1.594244715791282241e+00,2.483743762582369730e+00,5.276865135312801769e+00,4.488977668923868514e+00,3.038182456227907835e+00,3.224372642665045419e+00
2.543485075262966966e+00,3.680815653924865760e+00,5.970730451330344302e+00,2.886705856344486953e+00,3.417884608234953880e+00,4.842717010544828504e+00
1.412995970247152844e+00,2.855490923663613678e+00,4.833795340953822794e+00,4.693585381560041014e+00,3.470810910254647830e+00,5.139273184811028905e+00
1.128442879283480194e+00,3.767725434184565181e+00,3.881937332533129670e+00,1.879390412972389512e+00,1.587732423323024999e+00,1.899720646331029883e+00
1.689107255463381252e+00,2.433495490081778456e-01,1.653398065440049525e+00,6.679295872755695029e-01,2.368068536160801596e+00,2.581944754105661044e+00
4.047891439837007610e+00,5.033799944827613615e+00,4.534012816878348673e+00,3.577750493092706208e+00,4.691339985838563820e+00,6.028113490466279423e+00
1.445121657880103605e+00,5.625540034241205412e-01,4.112409594356895681e+00,2.442134121018079362e+00,4.164258818048129918e+00,2.955039847059394820e+00
1.984574341189777824e+00,3.235444523607523326e+00,4.087495858697795192e+00,2.703798279109094871e+00,2.696838847452389665e+00,4.696261746603321185e+00
3.997558344037939193e+00,2.566958754144046395e+00,5.058815728571202541e+00,4.199546323134295989e+00,3.645399302310035061e+00,3.827080192990282903e+00
9.975599238233747723e-01,1.952145254992875278e+00,3.242465943109344551e+00,3.384771261001074283e+00,5.808268644326934904e-01,1.675379029554183496e+00
2.970659984857530134e+00,3.757288067412063004e+00,4.142432062892219768e+00,5.024954490396355666e+00,4.078887920647421339e+00,4.589076087245122615e+00
4.323642457234807779e+00,6.446745356856563802e+00,8.120220590538540506e+00,6.472067563604677609e+00,5.954380118142650780e+00,6.625441198745261495e+00
1.546338443422835329e+00,1.109928554582955806e+00,6.237337878425965876e+00,3.043056258540947745e+00,3.602386582224125888e+00,3.973982389339210997e+00
3.296015604552832379e+00,5.289249529086537116e+00,8.137808716088054339e+00,4.706025116691161081e+00,3.789729015095129050e+00,5.747443237403325078e+00
3.221907615353992504e+00,4.448243536910005957e+00,8.159641525283582553e+00,4.050306988395016461e+00,5.129349475277026116e+00,7.227738484134384578e+00
3.762808789372336982e+00,4.175744183255265085e+00,7.370163743453381322e+00,4.184874532157651039e+00,4.264133078828809431e+00,6.074547032239430600e+00
