VR1,VR2,VR3,VR4,VR5,VR6
0.000000000000000000e+00,0.000000000000000000e+00,0.000000000000000000e+00,0.000000000000000000e+00,0.000000000000000000e+00,0.000000000000000000e+00
5.992937055914195899e-01,3.890347452874534095e+00,4.913847241195883342e+00,4.641954040748448307e+00,8.794574755243171893e-01,4.948222274639933360e+00
4.929443699601781859e+00,2.984788103166040596e+00,7.310624950179195558e+00,6.035240491920452754e+00,1.473877751041897000e+00,5.823373259283982861e+00
3.651744056921559789e+00,3.854005122069493972e+00,4.898576405929023103e+00,6.616495633191477488e+00,2.071655598270257137e+00,7.652831176693888793e+00
5.857902022467255776e+00,4.361286134857493835e+00,5.340379443771970713e+00,5.769388780289919083e+00,3.955033815841169531e+00,6.004426016439393443e+00
1.626627372454603648e+00,5.126269871174629955e+00,6.698618082737460178e+00,6.811774240868776253e+00,3.283013924133441286e+00,3.179973405095368300e+00
2.035674021501996389e+00,3.676902534216571095e+00,6.217577930260318908e+00,3.293596494410989894e+00,3.173741643532299594e+00,3.772835957213231506e+00
2.994965931222847821e+00,2.810576037151990114e+00,6.605849031255833559e+00,5.063202461359633588e+00,4.476944058776268776e-01,4.522932722545040640e+00
6.043148590129801434e+00,6.303639262477966909e+00,8.897556526513419328e+00,6.463302071691658490e+00,2.528917682422790136e+00,6.895687655289016504e+00
1.554992580742989183e+00,3.560958818192602404e+00,6.986563310603106203e+00,5.439981273601386391e+00,2.354543405835392456e+00,6.709697349477422357e+00
0.000000000000000000e+00,0.000000000000000000e+00,0.000000000000000000e+00,0.000000000000000000e+00,0.000000000000000000e+00,0.000000000000000000e+00
0.000000000000000000e+00,0.000000000000000000e+00,0.000000000000000000e+00,0.000000000000000000e+00,0.000000000000000000e+00,0.000000000000000000e+00
2.059559492495631972e+00,4.379564994458672089e+00,2.708080440438618730e+00,2.827144040383389623e+00,4.783727333198855902e+00,4.224078954015776155e+00
4.012455028946968483e+00,2.412422405341739129e+00,4.587736590426857219e+00,3.557193604523973818e+00,2.718798008665586075e+00,1.219718926729299824e+00
3.983465619435132332e+00,1.901993034325870857e+00,4.103982495353493576e+00,4.074234473414525937e+00,4.027173884288691497e+00,3.608658673295996877e+00
2.729150719923123969e+00,4.202665274880160062e+00,6.115418070383242366e+00,3.928920259878391885e+00,4.489197615697911203e+00,2.777391890093226401e+00
3.792055133005131751e+00,1.097205440480157890e+00,6.136886990296954281e+00,4.749319931176886556e+00,3.998005655057889740e+00,1.237250028338816588e+00
3.250805094679183771e+00,6.427492522733989411e+00,6.169821280962118237e+00,4.382114889669094460e+00,1.768038987629950043e+00,1.547881588699129729e+00
2.817415808537071076e+00,3.818964438956530927e+00,5.610374340625755352e+00,5.171778419640618019e+00,3.739217727028162130e+00,4.141899924987228587e+00
9.168081511391918959e-01,2.208209374759837917e+00,3.271280107169304951e+00,5.525684478593468896e+00,2.562985716677123271e+00,4.133710925874528819e+00
0.000000000000000000e+00,0.000000000000000000e+00,0.000000000000000000e+00,0.000000000000000000e+00,0.000000000000000000e+00,0.000000000000000000e+00
3.732922139591673627e+00,1.455749281992546162e+00,4.219584037664209752e+00,3.881658714092024010e+00,2.402743391261418004e+00,4.676272462733741975e+00
1.903397361441488078e+00,2.670181794551596877e+00,5.542771018140673966e+00,4.468568650143463827e+00,2.978652499504748086e+00,3.210734329156430533e+00
1.106469324892255912e+00,1.948006580517503972e+00,4.112876305320263270e+00,3.559927839708885156e+00,5.365716923926152404e+00,5.680168510635411394e+00
2.918606336744097973e+00,3.320555897842377924e+00,2.945669591258037734e+00,2.761174844601030909e+00,4.567923601393458100e+00,4.335365373708479630e+00
3.881711151225842649e+00,1.479040027656489231e+00,4.773498166272881704e+00,3.935515871749991401e+00,2.403855780549105869e+00,3.902247757652546056e-01
2.573714961170955995e+00,3.881854244091186956e+00,1.045338940336012268e+00,3.456361832760051378e+00,2.730844080623547221e+00,5.061284244996464565e+00
2.873275332059526121e+00,3.524653801296372180e+00,2.725390964460502552e+00,3.267243052826271033e+00,3.443358542454562077e+00,3.316970304431692718e+00
3.786178598954896390e+00,2.628565971043314686e+00,5.739764077419532207e+00,6.305714533449267023e+00,3.157908018317195697e+00,5.922522862098690943e+00
4.185368218497658610e+00,5.603445918752521848e+00,6.566369956105086558e+00,7.618197720140210905e+00,2.773133993119329510e+00,7.070273710798202771e+00
4.455855519943286325e+00,4.740888485726384438e+00,6.630098152276048040e+00,6.691492430602586694e+00,3.034996274264098126e+00,3.660952912509620294e+00
2.242897519537897288e+00,5.362017051789777611e+00,6.473820523934458393e+00,5.877795785915911786e+00,2.881233303277979552e+00,4.218243029628515828e+00
1.476510667192020065e+00,2.351735201649530538e+00,6.413706728586534567e+00,5.265426756513949869e+00,3.016691522448653906e+00,4.477304983011700656e+00
2.888304240390814570e+00,3.386339727351684203e+00,3.238071841376565896e+00,4.704260240497613488e+00,2.629942164743709121e+00,5.099852336801385277e+00
9.317220014610727574e-01,1.428652544031440375e+00,5.887082981582040020e+00,3.969883657457379478e+00,4.839233199050758216e+00,5.788127199061711359e+00
2.786763126650182443e-01,2.000627951080574896e+00,6.034718057565557459e+00,3.204256048579880112e+00,4.504631333187441911e+00,2.192559549684516718e+00
6.018907354110503150e-01,2.423211344646936993e+00,5.843619107205721086e+00,4.071796291586795569e+00,6.749700442956711122e+00,4.764912914516235887e+00
3.667845928637437414e+00,2.281615555356776959e+00,3.567192655890990771e+00,2.568813950499179377e+00,5.862432325986134174e+00,3.004687240782641489e+00
2.073582295584608381e+00,3.327306855454489565e+00,5.300217394347080280e+00,2.700440273716653738e+00,5.032103868594683505e+00,3.694912634208400437e+00
4.602202779951165112e+00,2.564923362368440429e+00,5.051553541446928364e+00,4.401738185358244237e+00,1.801139657951343676e+00,2.609423284157199596e+00
1.224608534257866088e+00,4.585314204772898528e+00,7.669803949019631695e+00,4.710493187237002388e+00,4.870129729546728292e+00,7.773123464903306079e+00
8.569980616905841231e-01,1.995781443732290716e+00,6.163762695101277167e+00,4.610575578067257929e+00,4.808256298129347073e+00,3.667415689318520133e+00
5.035630333641059053e-01,5.296136442933116584e+00,5.684556837840996302e+00,6.468221920856757734e+00,4.127447992360572471e+00,4.995335532639445297e+00
0.000000000000000000e+00,0.000000000000000000e+00,0.000000000000000000e+00,0.000000000000000000e+00,0.000000000000000000e+00,0.000000000000000000e+00
1.930549142699849785e+00,4.583341293647905879e+00,5.004122560908148110e+00,3.858355992730628348e+00,2.579242381704232923e+00,4.528628154774523296e+00
1.799322996583511358e+00,3.820911647439584335e+00,6.628233013585468569e+00,5.928006047920534982e+00,1.176789866691407394e+00,4.314810714896883503e+00
2.841850763282477654e+00,3.227153942161226752e+00,6.771739670194608429e+00,5.170646842118751252e+00,8.414953286563164880e-02,4.419596381128392260e+00
0.000000000000000000e+00,0.000000000000000000e+00,0.000000000000000000e+00,0.000000000000000000e+00,0.000000000000000000e+00,0.000000000000000000e+00
2.930201460854229278e+00,1.302717702296719349e+00,5.525818988438770951e+00,3.742590459664296709e+00,5.235908094469493790e+00,5.350393124252357246e+00
2.399895465166352881e+00,1.312021717873940618e+00,3.939679668822937852e+00,2.964912114595033010e+00,3.251668414365798121e+00,4.248728885075836459e+00
2.121142625000369097e+00,2.097513309070577758e+00,4.626227415156698441e+00,3.962012779575877275e+00,4.395959215501786588e+00,3.957176004474675324e+00
2.337770933455599387e+00,3.225672891349256943e+00,4.870638101815512933e+00,5.774489438136271247e+00,6.559240658341491503e+00,5.079261294694999762e+00
4.814496012288860705e+00,3.329118716573447045e+00,4.964422397111380114e+00,6.019333785304134210e+00,4.936743808481025120e+00,4.504895512015593795e+00
3.573154451740458981e+00,3.091381779303383759e+00,2.837717750099358671e+00,3.655965706154394645e+00,2.478583796953392593e+00,2.315543292646342177e+00
3.403333968654599584e+00,2.442763328053531691e+00,1.678373628186657918e+00,1.728892467997553695e-01,2.750021629990015093e+00,2.877056558421222654e+00
2.056346628414743805e+00,1.038651598615067506e+00,1.283140208641336155e+00,1.682207440920502783e+00,2.485925468037198716e+00,1.692294042226452966e+00
2.496856449018096225e+00,2.632117116961074199e+00,4.111868772748284329e+00,2.678112967348715401e+00,2.645209813766705942e+00,4.199199891764820336e+00
3.079984520858084274e+00,2.567810148145215798e+00,4.415351258798637879e+00,2.188554450586640776e+00,8.628937366247653173e-01,5.445675289381124884e+00
1.571440515324150189e+00,2.373553024530417055e+00,3.357890898918269418e+00,7.500738577978687260e-01,7.391591741425433959e-01,5.051023182796861910e+00
2.321648428178122003e+00,5.703820672300768280e+00,2.885456651114101767e+00,2.912508600607943698e-01,5.510039670799775635e-01,7.069578546673907837e+00
1.998946054807673178e-01,1.672354565039023244e+00,4.853059512588187019e+00,1.060610595051444172e+00,3.340138592855761424e+00,4.323814585866915472e+00
2.770899614555396795e+00,1.954847612439572613e+00,4.929638427536033873e+00,3.243541122161588408e+00,5.671631104656702504e+00,3.945126838446118889e+00
1.221403923381738199e+00,5.719041083804848213e+00,5.304403801253110728e+00,2.349733660507873356e+00,4.718626498348998055e+00,3.868631695984454666e+00
2.294196951555858899e+00,1.943149821350062423e+00,4.304988561445767914e+00,3.101933198374390965e+00,3.521152707902743817e+00,3.834004548931428058e+00
1.102674048074368862e+00,2.911599229485618334e+00,4.599860806556369752e+00,3.245853140327356723e+00,1.787883874291957609e+00,4.939512274437040773e+00
4.112431466381437417e+00,2.855919969768170752e+00,2.587802173592689936e+00,6.278853473355296977e-01,1.432619628073213747e+00,3.947422493338634375e+00
4.140489301872999128e+00,9.352787255815182554e-01,3.146570579654693667e+00,9.977083907642270155e-01,2.626073740159975856e+00,4.327865588305607858e+00
4.768837643950032401e-01,1.267085568352928071e+00,2.533164991297543800e+00,1.254961313260454681e+00,2.106500083608545015e+00,4.837730974908153847e+00
3.902719864865376032e+00,1.370180967054168697e+00,6.077699610617872672e+00,2.954001121395493978e+00,1.047691039578756200e+00,3.525599612147807704e+00
2.083978579746111670e+00,1.647637679897396623e+00,3.451689210494126581e+00,2.738246726944833398e+00,2.566512897853598929e+00,3.451889364817563699e+00
1.909815433195462209e+00,2.588919998861197946e+00,3.967982434864979702e+00,4.209560361372808757e+00,3.843665609979540765e+00,6.444551001129450896e+00
3.546857196857990058e+00,5.168074221728680584e+00,5.754924439203465525e+00,4.638083160230334734e+00,2.544615455225173406e+00,5.284767655192471381e+00
2.451834456778892335e+00,2.686929190198828810e+00,7.553570703963108812e+00,4.900102533516198733e+00,4.118412264627882458e+00,3.920249865491896912e+00
1.408441443099848644e+00,3.854597657375024244e+00,3.925315978810746564e+00,4.009997438195560093e+00,4.483432478610499317e+00,5.341654807917437964e+00
3.252820480326013897e+00,1.310003093470762714e+00,4.271087628285842541e+00,4.253133691896468171e+00,3.612088230248283960e+00,3.875703932616271885e+00
1.953323607013524477e+00,3.228451725291479946e+00,6.284567898167141564e+00,4.298912882815303149e+00,4.366933407841818493e+00,4.412604489179944522e+00
4.899716758990622090e-01,1.875405379703869890e+00,6.972327043082933606e+00,4.480108267676097711e+00,6.597229476903715195e+00,7.733830520445376777e+00
7.862683435072239657e-01,5.198159039288199779e+00,7.823255617245928661e+00,5.969283174641173417e+00,5.623579706685717383e+00,4.984551906833682544e+00
1.832341019436352081e+00,4.754579955818625692e+00,5.640579781147647687e+00,5.846062140896538750e+00,5.873334128591184644e+00,5.997881030651927681e+00
2.191092812031998793e+00,4.071435028536791734e+00,4.812795967706148481e+00,5.479171866294159088e+00,4.061383020061114735e+00,2.968115236187511385e+00
1.710195376970104597e+00,3.986103434469983497e+00,4.590629340068044684e+00,3.838034217631383971e+00,2.721202911891877019e+00,2.528155459533157678e+00
4.002401539490821669e+00,3.316487834890157416e+00,4.244624388444862007e+00,2.848361079406590335e+00,1.543701914900224903e+00,3.599264441430602091e+00
1.699433510272014169e+00,2.302313519464201264e+00,4.253688651874139026e+00,4.207498753007347325e+00,3.349538016841071553e+00,3.564699351442267350e+00
2.752292222691422374e+00,3.387583750032050034e+00,2.422097134227287007e+00,5.515561055508280575e+00,2.469966796356658278e+00,2.694566711758058730e+00
2.589904656760172230e+00,5.137360569904565466e+00,3.443310671645992915e+00,3.880485522439656165e+00,2.297773714524735666e+00,4.661980736527304714e+00
5.272210917876828162e+00,3.061688041485164824e+00,3.495032296027740681e+00,1.898071379828981886e+00,2.622275110086798033e+00,4.794626459219368364e+00
2.655200606587263756e+00,1.636251337395898453e+00,5.681313249181056513e+00,2.641860989992940389e+00,5.105696241595145679e+00,3.385307525584015043e+00
1.146757241151757478e+00,3.507728226123254078e+00,5.299962593627305374e+00,4.628740073971949087e+00,3.530842957617144062e+00,2.392293552417513958e+00
8.509443356532639946e-01,1.987026432235173168e+00,3.833215199264543571e+00,2.454530105747420698e+00,2.957361054460580174e+00,4.460671062350732186e+00
2.953092624548147249e+00,1.291798242157086385e+00,3.192231871571929336e+00,3.190836247375978818e+00,4.854085948449430532e+00,4.908899072157279164e+00
3.285627848055470590e+00,2.267143773054431488e+00,4.589066097300465330e+00,6.224318062018100228e+00,5.060442132539551885e+00,3.299719081243599472e+00
4.013487395031791749e+00,2.956491034502832349e+00,4.101363224059348944e+00,2.736189726583376114e+00,1.082089219798752833e+00,2.669200469132851694e+00
3.823716094646911756e-02,3.229470465933868439e+00,5.729446427537729036e+00,2.854214181961748587e+00,1.988711532357533285e+00,5.474450942580368462e+00
2.745333393734190608e+00,4.055763780898891113e+00,7.185412016361683030e+00,4.461897747424348637e+00,2.878168947701322367e+00,3.302014227579586958e+00
2.568505613238310836e+00,5.488305085738680589e+00,9.040634925353124629e+00,6.244028592249293297e+00,3.584604362442372683e+00,6.824514732601915767e+00
1.539008968161477586e+00,3.288564518904971479e+00,8.889509645737526000e+00,5.655955634443556868e+00,2.398618334530876695e+00,6.166528855615295512e+00
2.597864530053763055e+00,4.227505481639328266e+00,9.059198596988922603e+00,6.154084427442727545e+00,7.553915485731130808e-01,6.286158371432762237e+00
0.000000000000000000e+00,0.000000000000000000e+00,0.000000000000000000e+00,0.000000000000000000e+00,0.000000000000000000e+00,0.000000000000000000e+00
7.181193482619900870e-01,2.402093729286154389e+00,7.716493444523875311e+00,5.819329960831694848e+00,2.389542575774257216e+00,4.144587694545807999e+00
1.788278834914599713e+00,4.029044281412838657e+00,5.741643164246384323e+00,4.500950551046308590e+00,1.209398390247454103e+00,6.786658732949960360e+00
1.795694884315783835e+00,4.398145776584399869e+00,6.101457659782029808e+00,2.763126559809160554e+00,3.568689568286670166e+00,5.923766772129572367e+00
2.848731070687446909e-01,3.225563665645585054e+00,5.921933028697564438e+00,2.693566798869333034e+00,1.553537356867624286e+00,3.716759893591046193e+00
3.000654004787279394e+00,2.311561293031282105e+00,6.893777379188074761e+00,3.532254325976413867e+00,3.559346733474539892e+00,5.736239346027920405e+00
1.362029703827716487e+00,2.521309537505322051e+00,4.265871471132026471e+00,2.136982060469890143e+00,2.120012614177810839e+00,4.504117508218356214e+00
2.632041555215487438e+00,3.215536493924585848e+00,2.442922740710780971e+00,2.727597842908037418e+00,2.001409751920032676e+00,4.854634889131254738e+00
1.153156701798927930e+00,2.229416947047833997e+00,3.413345975939645172e+00,2.388274201413659981e+00,3.893761190712226039e+00,3.345329054537681035e+00
2.871363759756992984e+00,3.509161221983095658e+00,3.272848148406482416e+00,2.821324335851103537e+00,3.712171141793167539e+00,3.148722881875173130e+00
1.130205471221354063e+00,3.958931859240649054e+00,4.790300216183204896e+00,3.374368818836734452e+00,4.714544373890162454e+00,5.082043718025865964e+00
2.899529907613152879e+00,3.218519847973651427e+00,5.114841039692314517e+00,2.427050510414707762e+00,2.042973172347409161e+00,2.387578298769714280e+00
1.301139031012130687e-01,3.831185164907103591e+00,4.217527050023941015e+00,2.421805206787713605e+00,2.860572524572468911e+00,5.246190465277162929e+00
4.636903181592453294e+00,1.777044635257330363e+00,2.917229750373479202e+00,3.042573913808269914e+00,1.899344147242534531e+00,3.975251528255597577e+00
4.295721243895338937e+00,2.565813876895438828e+00,5.902139571952974784e+00,4.361454551151506820e+00,1.873853924659654169e+00,3.680025654438070504e+00
3.889444416922406500e+00,3.498456375679514174e+00,4.857670421742920297e+00,5.410774534268231406e+00,8.702140570362466576e-01,4.881951574628542900e+00
1.183453189176126408e+00,4.865469088436917389e+00,2.932615836118428465e+00,4.418740243376527488e+00,2.368583053587949294e-01,6.798212564087139143e+00
4.270688857806860028e+00,4.853770017402609938e+00,1.635154744011963146e+00,2.629077647071606183e+00,1.224658151709651310e+00,2.192010610332274734e+00
2.458859651343397346e+00,2.956161757797469480e+00,4.041576085149566566e+00,1.963930551407474301e+00,4.861935440375802386e+00,4.497890010511564007e+00
3.458501910322469897e+00,6.847969227381969226e-01,3.942179929531535620e+00,2.680641644004188695e+00,3.245722996568161989e+00,3.236088454519433277e+00
4.367344721222115922e+00,5.087305611869686217e+00,6.952849304324101531e+00,4.570016767753626752e+00,2.625865076812322840e+00,3.364079350141760294e+00
1.121438279289541651e+00,9.001717857823656743e-01,4.839409169416850176e+00,3.595921807706919715e+00,3.791006872199423228e+00,5.294890239039288460e+00
1.825341291677458955e+00,2.972385740626633410e+00,4.960509563660959742e+00,4.031157390751161529e+00,6.414917668324541467e+00,4.163600003711849240e+00
3.224757390017365832e+00,2.829250010140142990e+00,5.324084340501284984e+00,4.638919160945377484e+00,6.111187866972114691e+00,3.328798876142885277e+00
3.399092586589634202e+00,2.030814478237708443e+00,3.057533851130337155e+00,3.391014281764134886e+00,5.370637076003442978e+00,2.720813499982851269e+00
2.433512338309572698e+00,2.737260632169324026e+00,4.487984419029261929e+00,4.838834840603809084e+00,5.133729782740250158e+00,1.505545421089433233e+00
2.988299480207942782e+00,3.064151833744842346e+00,4.961458030874232428e+00,4.178562601332812321e+00,2.793123808066756197e+00,4.115644040296132289e+00
2.002335164073901108e+00,3.588900433813879687e+00,5.272000915156374923e+00,3.098588097338271119e+00,1.845998828251536494e+00,3.615481666843296082e+00
4.088102909213668923e+00,1.791479328858073705e+00,7.182665819783224492e+00,3.974707571512730464e+00,4.031013997744877564e+00,3.662513341451529403e+00
1.552510098004470374e+00,2.522235438219050163e+00,7.887157587795633695e+00,5.177160195694048284e+00,5.676999113146067089e+00,4.576982440742550118e+00
2.101414377619752472e+00,3.158470271463735379e+00,5.219986004108065458e+00,3.995728635761304659e+00,3.848261681086971642e+00,4.978999269748793033e+00
2.878094561255830630e+00,2.754291708871009270e+00,6.270388683804495322e+00,4.271571057027894192e+00,4.757102227470938693e+00,3.057686854400875731e+00
1.236602242086108916e+00,3.925443295694212242e+00,6.375799129230498963e+00,2.978970302246940705e+00,3.598131943903937202e+00,3.580436133545656485e+00
3.548882232182753782e+00,2.936237691462990185e+00,7.800689722941532622e+00,5.470781583576116880e+00,3.127967398162712076e+00,4.149257216826600647e+00
4.539468388639908980e-01,3.854384845335419918e+00,6.359957658842144923e+00,3.291203814110179593e+00,1.751784707975727162e+00,4.843101588853681250e+00
3.980597306082307441e+00,3.970676078292158184e+00,6.737881820561688606e+00,4.998882379715514190e+00,1.397300156347073941e+00,4.885971292559014856e+00
3.811453987214179939e+00,3.561957457719819864e+00,7.084439373611145285e+00,6.360065221117982226e+00,1.817567321534090619e+00,5.773464942096165231e+00
2.965479999709063286e+00,4.821264218201583240e+00,6.629824442059680578e+00,5.846844297877925811e+00,1.499167007627171255e+00,7.555100063176779734e+00
1.458996308877261949e+00,4.580460990351782335e+00,5.275398561072418779e+00,4.899488920970467731e+00,1.971175731992483193e+00,5.562835300169923336e+00
3.480288033818439430e-01,1.581771271804667700e+00,4.413712385849001940e+00,7.197170601682763014e-01,3.448232132310977693e+00,4.113727967125606177e+00
6.768483388898411945e-01,1.468349753058539431e+00,4.294561853422236730e+00,1.665990642989217729e+00,3.139890270128511407e+00,3.440111948610589110e+00
2.791089009837717239e+00,1.481245972358288476e+00,5.227283898580374455e+00,3.600453172243395894e+00,4.557296150807012225e+00,4.494857917454865515e+00
2.843499224585411600e+00,2.993238369949732469e+00,5.216871719943704022e+00,4.428627107027323540e+00,3.133419515585527115e+00,4.944000379727594208e+00
4.681228951325391296e-01,3.143464371447745709e+00,4.471564799581536853e+00,3.432594332367200796e+00,4.599120087809819069e+00,4.259973664355221956e+00
2.695332181786401105e+00,2.596164736608998602e+00,4.110299358339967846e+00,2.819670432542520366e+00,3.452357635219678311e+00,5.177981121834349665e+00
2.841704625397494244e+00,1.815189492933768411e+00,3.337895127839391574e+00,1.461584321884427329e+00,3.880132306430069455e+00,3.755668550396378258e+00
1.037111101357897081e+00,3.063434317304641663e+00,3.828775263252522265e+00,3.163927029356003562e+00,2.722566466673723706e+00,1.943960880658186952e+00
2.357700912827582762e+00,3.332639764469487176e+00,3.975099336843495479e+00,3.117000768585364234e+00,1.878235305954627288e+00,4.087831340831554527e+00
4.115755293840991591e+00,5.201580686444074786e+00,5.243687026263481599e+00,5.753874832815792928e+00,6.267383709556142435e-01,1.515691106013636436e+00
2.493154329214004594e+00,5.447730511379471174e+00,6.445082605917548335e+00,6.144684968365086597e+00,4.408377019632321314e+00,6.085611248457661659e+00
2.416824876425843094e+00,4.920332980121589372e+00,9.750787395262353385e+00,5.325243873158756358e+00,6.193175831268461273e+00,4.663872260939038839e+00
1.283175849668481971e+00,3.454610252255948755e+00,8.901342259473196350e+00,6.354268863296862691e+00,5.706371221091023571e+00,5.687463964687619722e+00
2.758482587431738686e-01,3.726549600740430179e+00,5.855843086377094053e+00,4.188327179844462123e+00,3.579357192945772592e+00,4.952480776164860821e+00
