VR,SS,ANX,INT
1.726405426222849204e+00,1.349928410262025036e+00,4.206336574779948378e+00,3.221874073466584054e+00
3.740378349646085621e+00,1.957022351813046512e+00,3.440953118707760439e+00,2.604916375292250397e+00
3.711360569462764936e+00,1.486662637635534079e+00,3.446636473307972182e+00,3.378282649283975481e+00
3.476682141990898867e+00,1.923714741125673644e+00,3.858382508141012579e+00,3.700575978514460740e+00
2.858242189397638633e+00,1.747525394550986100e+00,3.133299341350257450e+00,2.680022628546180119e+00
3.017801486116421739e+00,1.800869979542961907e+00,3.224062223908219948e+00,3.408958902158137239e+00
5.000000000000000000e+00,1.000000000000000000e+00,1.000000000000000000e+00,1.000000000000000000e+00
4.259983950522865825e+00,1.202320082544245494e+00,2.544189786698781042e+00,3.094906965705452428e+00
2.436844212988612313e+00,1.274091925593898278e+00,2.503417563169231030e+00,3.442143464404582964e+00
4.556830477610435359e+00,1.920062303574993745e+00,2.809997862954233483e+00,3.560591538936583866e+00
3.242407586509639117e+00,1.633711210314941820e+00,2.532353697030647943e+00,2.351881085612446576e+00
4.489436931062366298e+00,1.538157535232273609e+00,2.352004220316914029e+00,3.097191056337795345e+00
2.068324392017446556e+00,1.071619254523390241e+00,3.378551582915802154e+00,3.464790054776753170e+00
3.597703321403343146e+00,1.000000000000000000e+00,1.000000000000000000e+00,1.000000000000000000e+00
5.000000000000000000e+00,2.658853444625328244e+00,2.703817145498867980e+00,3.518892258401483009e+00
1.832680977526639499e+00,1.747822349834905920e+00,3.556685075057645751e+00,2.681156563062609077e+00
2.435835065348478601e+00,2.495252898868399516e+00,3.050262396104571394e+00,3.702173392151680176e+00
3.062388948975504732e+00,1.768072819080133140e+00,3.900078230829764792e+00,2.807394627297382428e+00
3.003502119479839472e+00,1.806553292171350078e+00,3.986602255683652452e+00,2.828781803559469399e+00
3.334777364192891724e+00,2.011625823481081099e+00,3.906101592944621448e+00,3.094666479195265385e+00
2.611338804889709930e+00,2.825699992755149381e+00,3.639769487092667788e+00,2.693307214088723534e+00
3.637057751514183312e+00,2.664356866563821313e+00,3.837309374434178189e+00,3.106812181798723316e+00
3.442503134147179011e+00,1.178186501583642798e+00,3.895349446992121933e+00,2.996875590009752788e+00
1.908173407888831719e+00,1.508433474053688883e+00,3.773661649121402117e+00,3.198057952703720730e+00
7.638670555170907761e-01,1.860048622934805440e+00,3.921006024087879904e+00,3.017658594608253253e+00
4.332251096879580210e+00,1.241187254795393713e+00,3.628376985268401800e+00,2.905308894194955638e+00
2.656323022164553294e+00,1.806714363913344057e+00,2.886711196229899024e+00,2.873076588349875227e+00
4.453203044835825075e+00,2.160930304746673691e+00,3.050907069414425354e+00,1.987207717971164023e+00
3.359265911379193170e+00,3.054693081773457219e+00,3.468375228099187080e+00,3.313217194616628447e+00
3.413351268987543818e+00,2.308032549768481712e+00,4.490339675964373001e+00,2.716653692980016466e+00
1.629819026793779768e+00,2.692609823355714305e+00,3.561967563376221335e+00,3.075096920919778043e+00
3.961249412952315474e+00,2.067384466292852885e+00,4.474824501894976159e+00,3.091991558376872007e+00
1.810849300940093221e+00,1.628303390350100077e+00,4.045177218223030557e+00,2.510324155637438270e+00
1.834528145616129091e+00,1.560839943730278234e+00,2.965580831148891150e+00,3.090948480236150875e+00
4.309760630183891550e+00,1.356021525973565289e+00,3.163837518848484187e+00,3.575414454627993344e+00
3.340860136649111745e+00,1.000000000000000000e+00,1.000000000000000000e+00,1.000000000000000000e+00
3.341320410677530717e+00,2.403509157429258636e+00,2.665712801917437869e+00,2.671726580976220511e+00
5.000000000000000000e+00,1.722366226866857364e+00,3.374742172830781595e+00,2.806479732922389392e+00
2.408862299544468843e+00,2.349374007001762799e+00,4.113640636440068832e+00,3.416949099040961890e+00
4.376580652580534192e+00,1.611438000600936782e+00,3.566492841235636480e+00,2.557089458154034212e+00
4.126069898705477357e+00,2.670613624761497551e+00,2.865563688178592638e+00,3.098222004713261146e+00
2.432178754742499116e+00,2.815993740040085846e+00,3.727963101220587827e+00,2.784329273837984786e+00
1.742657319333121402e+00,2.922773499689674814e+00,3.737194364440476146e+00,2.548629472595495660e+00
2.417416572204220238e+00,2.691112902826108932e+00,4.248433470687619895e+00,3.239962130713798683e+00
3.220404249045455636e+00,2.613928769926954221e+00,3.961728244324283388e+00,3.584047168852509291e+00
2.084087561708577674e+00,2.931112628682602139e+00,4.061545553514250173e+00,3.198888536888347733e+00
5.000000000000000000e+00,2.472170605066937643e+00,4.308484057112362819e+00,2.758876966370224615e+00
2.926350576385059910e+00,1.661600249055245726e+00,4.240671955026784623e+00,2.703580685127881633e+00
5.000000000000000000e+00,2.420431370569897211e+00,3.549950202889066819e+00,3.066013897820494716e+00
3.036523870414167270e+00,2.182803763029151245e+00,4.318306833435831216e+00,2.977592173663571984e+00
3.519875093130724775e+00,1.828399074336642061e+00,3.734984348125087283e+00,2.868784777331116587e+00
4.307951150984458799e+00,2.335033933847615373e+00,3.201070636190043395e+00,3.234204335886718074e+00
3.789432336077867003e+00,2.776659758112536736e+00,3.419375704597381382e+00,2.623614450595676217e+00
3.563373176269024167e+00,3.684058812049666898e+00,3.861987859805521062e+00,3.387887649228478182e+00
3.439280962676845910e+00,2.924309470207480999e+00,3.464331424753829047e+00,3.676255948301979881e+00
5.000000000000000000e+00,2.181329159927097194e+00,3.508936345214395125e+00,3.109758121541211118e+00
5.000000000000000000e+00,2.105530997289109418e+00,3.784556872546744888e+00,3.260078666996459873e+00
5.000000000000000000e+00,2.104345569577652508e+00,4.308426273807903328e+00,3.346104542466613374e+00
3.531197215883147944e+00,2.201037546983058313e+00,3.128948926095727057e+00,2.873746851156570248e+00
4.377652986854816852e+00,2.038893722871331970e+00,3.815088576087193761e+00,3.147919808953648424e+00
1.734192856698273166e+00,2.249978509857223141e+00,3.470425513809462181e+00,2.793498230336536103e+00
4.584001292390428084e+00,1.000000000000000000e+00,1.000000000000000000e+00,1.000000000000000000e+00
1.824129987524377716e+00,1.720375752911647682e+00,3.431252041293481714e+00,2.385870811734606800e+00
2.923059420278357745e+00,2.514325251360479019e+00,3.578769862818055980e+00,2.865620899223658480e+00
2.510326076700595710e+00,2.274477459338381191e+00,3.684352718708680197e+00,3.348699784066495599e+00
3.247190054977382001e+00,1.356955683240371524e+00,3.990365302538684489e+00,2.915582459244937752e+00
3.595572050565779332e+00,1.656470674064808746e+00,3.349488985112894834e+00,3.154405690756031611e+00
4.210171409990228319e+00,1.285606724422803993e+00,3.011987356359730583e+00,2.692802376015880572e+00
2.716658451957509435e+00,1.412575495711225981e+00,3.199397663119667889e+00,3.259873729524316310e+00
3.465784944603336637e+00,2.171034044413287845e+00,3.113710203259808740e+00,3.567262474451699639e+00
3.743952378729939579e+00,1.690423319674490443e+00,3.808186055349286558e+00,2.727772431775592477e+00
5.000000000000000000e+00,1.633270148458451310e+00,3.516842921265271649e+00,2.832742720092236155e+00
4.259450243937884295e+00,1.593140374006971616e+00,2.678773980637587648e+00,2.669946141182734323e+00
2.820484223902866461e+00,1.780435113296215732e+00,2.666433385162017444e+00,3.262805732331394371e+00
5.000000000000000000e+00,1.380050006465969314e+00,3.600491546211735283e+00,3.100855705531627038e+00
