VR1,VR2,VR3,VR4,VR5,VR6
4.048926570945223347e+00,2.142539095680121797e+00,5.069659243460028719e+00,3.605591931346732615e+00,2.583598397031261484e+00,5.920816832054748957e+00
7.252108775776067162e-02,3.729578434552011323e+00,5.223944228592523054e+00,2.695481237584196776e+00,5.846178894754782362e+00,5.323814385255695392e+00
9.624400592449271485e-01,3.067895580293987567e+00,6.046845631758119843e+00,2.377316785727372039e+00,6.633894640312433921e+00,2.566022393637812371e+00
2.831210805064876990e+00,4.313614648109624028e+00,4.598481455374083815e+00,2.266209331814484695e+00,2.018937038656508864e+00,3.094959276499918754e+00
0.000000000000000000e+00,0.000000000000000000e+00,0.000000000000000000e+00,0.000000000000000000e+00,0.000000000000000000e+00,0.000000000000000000e+00
2.422901708383608188e+00,8.411793723665268452e-01,3.516860403288022852e+00,5.285486794861385285e+00,2.801095504942090031e+00,5.749531091866199262e+00
3.550936765462279876e+00,3.292583970183383002e+00,4.166768619529269913e+00,5.258851849910557874e+00,3.263945770489094844e+00,3.954333680103238269e+00
0.000000000000000000e+00,0.000000000000000000e+00,0.000000000000000000e+00,0.000000000000000000e+00,0.000000000000000000e+00,0.000000000000000000e+00
3.833073059592775778e+00,5.140295328258948970e+00,5.630788933286569709e+00,4.747630211743703477e+00,3.803411464357591143e-01,5.773984505659900179e+00
3.266221293473571929e+00,2.927673807084654634e+00,2.438833879481391076e+00,5.109656167775463054e+00,1.893307478217944428e+00,3.269766746661276535e+00
1.831478327173039489e+00,3.130515846548580061e+00,3.383637200432841663e+00,3.594273039847112550e+00,2.594738000116034726e+00,1.582837703271164465e+00
3.538733191407661849e+00,2.703834413849714124e+00,2.720085469827877134e+00,3.866754895744775045e+00,2.780433552318697821e+00,2.497835728931104171e+00
0.000000000000000000e+00,0.000000000000000000e+00,0.000000000000000000e+00,0.000000000000000000e+00,0.000000000000000000e+00,0.000000000000000000e+00
1.654858038029751732e+00,4.330207750421937618e+00,4.665649344764378093e+00,3.501706508581129640e+00,4.321351455621751825e+00,4.914086111445564953e+00
9.899536476121311157e-01,3.472845065255367736e+00,4.539091777588655674e+00,2.879536718884652124e+00,5.183335578554977729e+00,3.799468760233731590e+00
1.451064663553933487e+00,7.913392051688457052e-01,4.272623590390786319e+00,3.354956676681199568e+00,5.713569642033835549e+00,2.282481106639628443e+00
1.849118642223356312e+00,3.710754378945083864e+00,6.199430408894844646e+00,4.135131669667032384e+00,4.574007414446448649e+00,4.562031495846967211e+00
3.403928791669409648e+00,4.502716961441854515e+00,4.402566740431800518e+00,3.846236411747431472e+00,3.421025402931422210e+00,6.102526860697237154e+00
2.962665547800775734e+00,2.598642013809908669e+00,5.809457597173423693e+00,5.031769120239928839e+00,2.193453488539082841e+00,2.945204156401401541e+00
2.556737508944110893e+00,3.056181838167982612e+00,5.248600498811114790e+00,3.225395750089557367e+00,2.310169355535199642e+00,5.551635764130899098e+00
4.606962305323136775e-02,4.642626788791577752e+00,6.035602970753637386e+00,4.781760666095237866e+00,3.403664796103135881e+00,3.716092437208610377e+00
7.270166367739967495e-01,2.285591501648871926e+00,4.732616789059177265e+00,3.958438019527626306e+00,5.187257594686127682e+00,4.988088893046374039e+00
1.308558912831049081e+00,4.272179059300057702e+00,4.112944542795727187e+00,2.363588341804494952e+00,7.243637452767683449e+00,2.793463960063537144e+00
1.843374247865667392e+00,4.128963777775704891e+00,1.649882491619082625e+00,3.670153903892647396e+00,3.682827203834467600e+00,4.681952250492334322e+00
3.214811859143090977e+00,1.153955219715821823e+00,4.417345953159367511e+00,4.364736382632997902e+00,3.327763679228324722e+00,1.725245363424630529e+00
2.240881126583009753e+00,2.193707353817043959e+00,5.828564563225318906e+00,3.287167961963395335e+00,3.747446107234488011e+00,5.214879859177982802e+00
2.348723431800999073e+00,2.641607653884601614e+00,5.795862968802806492e+00,1.745750667201652284e+00,2.317340745618926334e+00,3.774394078391397400e+00
3.671148831686801728e+00,2.697907415027160027e+00,7.976378601002670266e+00,4.087039738081061024e+00,3.762973974786205211e+00,5.827931306655568022e+00
2.298987473077371835e+00,1.631878904546023579e+00,4.635133488773921506e+00,5.625460689929218105e+00,3.089717344664729026e+00,5.953398579309062022e+00
1.943753789884325123e+00,4.554881242216989534e+00,3.940354293912527783e+00,3.673142235430485236e+00,1.931068699758483387e+00,6.494767366328769498e+00
1.142156178533993760e+00,1.928520706606051682e-01,6.629149076359643900e+00,2.367564660884986072e+00,4.513797903990267812e+00,1.763284692341345661e+00
3.333098139954837169e+00,3.389947749347059336e+00,4.262133250215892843e+00,2.871788499520780302e+00,2.466127822065875996e+00,3.963291426498508407e+00
2.632683983580108578e+00,7.955855107479541388e-01,3.888403723281376401e+00,2.190570292412397535e+00,4.531275182218115205e+00,3.733909563978229151e+00
2.407377974738232229e+00,4.956182270105806253e+00,3.094285359028388971e+00,1.527512103229854201e+00,3.581612919351349511e+00,4.029497867118089438e+00
0.000000000000000000e+00,0.000000000000000000e+00,0.000000000000000000e+00,0.000000000000000000e+00,0.000000000000000000e+00,0.000000000000000000e+00
3.630358468818104978e+00,1.267110414937961727e+00,2.514115977474497665e+00,3.658776940399715905e+00,3.130777550686246968e+00,2.914641337585604397e+00
3.813846836379660488e+00,1.986202533995901076e+00,4.488245733090347578e+00,4.523900145007749174e+00,2.762588888875486148e+00,2.659210663300166644e-01
2.196285401757557931e+00,4.260128437357955988e+00,5.340804384553178963e+00,5.843431881454508314e+00,3.807355018008321323e+00,1.577062928141876430e+00
1.238602169112634988e+00,2.121564055861531628e+00,4.328247548395230737e+00,5.798600903223450231e+00,4.534722564799126943e+00,4.246368547419737460e+00
4.219386331750822894e-01,4.208871475200973045e+00,6.221173274444842249e+00,6.246361302536048044e+00,4.458668066969508459e+00,2.833865521215552352e+00
3.920847152191515139e+00,3.329134731720135409e+00,9.056368174444950014e+00,3.524838120426822208e+00,3.126975540626617089e+00,5.240634356094076907e+00
6.261776382087076431e-01,1.481069332698783159e+00,7.633256569712067119e+00,4.492864596114372056e+00,6.647808476405385747e+00,7.640458419458325601e+00
7.410716378439317076e-01,4.096576200751095520e+00,6.373153357779523631e+00,3.300403760097782246e+00,6.325816510188741582e+00,4.836651390449099530e+00
0.000000000000000000e+00,0.000000000000000000e+00,0.000000000000000000e+00,0.000000000000000000e+00,0.000000000000000000e+00,0.000000000000000000e+00
1.645806905432423584e+00,3.523631462376706658e+00,2.528202569308114711e+00,3.325690209736508862e+00,5.766191585603213099e+00,1.897702336307117488e+00
3.207400140738271954e+00,3.285784113450727073e+00,4.456445988049004825e+00,1.975059423633496181e+00,3.834692495352435948e+00,1.796612977522319632e+00
6.806085356290281219e-01,1.661552331008377070e+00,4.116408129018589435e+00,2.009342702713579953e+00,5.653471873177347007e+00,5.332438648606387943e+00
2.049449939446857716e+00,1.741664292241890344e+00,6.500880107469868108e+00,1.941343521367562719e+00,4.854784151807495007e+00,2.899413369767531723e+00
0.000000000000000000e+00,0.000000000000000000e+00,0.000000000000000000e+00,0.000000000000000000e+00,0.000000000000000000e+00,0.000000000000000000e+00
3.527567807624056861e-01,2.585054636737623923e+00,4.941227959837131145e+00,3.685850619754180713e+00,3.976796404793695672e+00,5.450910403600282450e+00
2.257885250327209103e+00,1.800515135499020980e+00,7.222722309667583218e+00,4.133554699569702784e+00,6.277061451520770774e+00,4.835001414255388319e+00
1.963927740763198759e+00,4.080880431735667280e+00,4.858176654612702094e+00,2.744225514511000164e+00,5.433818390009605537e+00,6.580904065197216823e+00
3.753196147764953583e+00,2.858855493408598125e+00,3.029140098991325747e+00,4.022851445368305967e+00,2.937227169978715136e+00,4.622872140827677612e+00
2.464911605384789262e+00,2.039662627639612591e+00,6.656741789850648239e+00,4.937003394042069893e+00,3.495939507700463800e+00,3.574286701196075278e+00
3.236932252870206028e+00,3.166587084350007242e+00,7.361969482788781605e+00,4.172455084830311911e+00,3.807092311706052890e+00,5.894949957933757645e+00
1.481826194146394382e+00,1.585269588164982979e+00,7.142071656455563300e+00,3.999789900425749334e+00,5.461609609845337943e+00,7.619824550277120245e+00
1.718805557348285884e+00,3.317046814563059165e+00,1.016365337501058619e+01,3.010116522725994059e+00,5.461765741507369931e+00,4.348688262098074020e+00
3.953786505719532052e-01,4.184570344524171759e+00,7.993957135425134197e+00,2.625294133961327159e+00,6.562655527625578245e+00,8.071072286336871571e+00
0.000000000000000000e+00,0.000000000000000000e+00,0.000000000000000000e+00,0.000000000000000000e+00,0.000000000000000000e+00,0.000000000000000000e+00
6.014361948660005286e-01,1.867078365400647089e+00,6.823467323169534637e+00,4.258433629422031963e+00,5.329813375848623913e+00,5.374624508093008401e+00
2.053928809327486782e+00,2.986582589129286536e+00,7.645215600506564790e+00,2.262983783749372702e+00,2.995693710275756594e+00,3.421693379018759806e+00
2.791270147433955184e+00,3.472135100242034422e+00,5.834750915261465387e+00,1.516676818470651611e+00,1.934917565128363437e+00,6.330647810272423293e+00
2.487564574598630784e+00,3.692814867799298018e+00,6.114595751603625118e+00,3.206358983644290728e+00,2.670642281625513093e+00,3.054250617404977497e+00
0.000000000000000000e+00,0.000000000000000000e+00,0.000000000000000000e+00,0.000000000000000000e+00,0.000000000000000000e+00,0.000000000000000000e+00
4.133686043048886205e+00,5.461265189223795780e+00,6.408139124647963314e+00,3.982117087259910981e+00,8.453171149178002608e-01,2.880517930876610677e+00
1.391341411040830423e+00,2.835328954966043646e+00,6.250730052074159104e+00,4.259012786782180982e+00,1.504329933742062808e+00,5.644029479052768750e+00
2.948071521910326176e+00,3.357545031076461406e+00,5.140623988293687496e+00,4.132025838870267087e+00,3.600348173571385590e+00,3.985596327381296433e+00
4.018238072280095885e+00,2.154648970317835754e+00,4.686169816861504245e+00,8.224049154020391939e-01,2.648861789069542727e+00,4.910965036630805081e+00
0.000000000000000000e+00,0.000000000000000000e+00,0.000000000000000000e+00,0.000000000000000000e+00,0.000000000000000000e+00,0.000000000000000000e+00
1.952112760014916848e+00,3.654206234143938747e+00,3.642743894940304372e+00,4.590706043987377249e+00,3.562172426086737342e+00,4.005295940229987472e+00
1.332142180825552913e+00,1.209913098654125108e-01,5.317418722584818624e+00,5.632583425388383525e+00,3.675684873917330453e+00,5.991608100369156809e+00
3.407727801572155268e+00,2.265173558096850392e+00,6.628558105724311034e+00,5.430744607919380407e+00,4.143908098725805900e+00,4.357492962857063112e+00
3.751261303040396733e+00,2.908813480457212108e+00,5.675131494716142200e+00,4.987635396323988779e+00,2.941728235198828312e+00,5.311236279700816354e+00
0.000000000000000000e+00,0.000000000000000000e+00,0.000000000000000000e+00,0.000000000000000000e+00,0.000000000000000000e+00,0.000000000000000000e+00
3.921667782583242889e+00,4.196138957069313946e+00,7.026530595836412374e+00,4.407147930698595673e+00,3.120833040740422781e-01,3.522154730234552833e+00
