VR1,VR2,VR3,VR4,VR5,VR6
1.564531694098988845e+00,2.073581136376151601e+00,6.376380403935254293e+00,4.877599724644205104e+00,2.492048368880116715e+00,2.704493602620984927e+00
2.887705340421921285e+00,3.618833782533090293e+00,5.275836442087522116e+00,6.083644772989520888e+00,3.378180125206973639e+00,2.541613739418558726e+00
3.356023784346765293e+00,3.978043471370934281e+00,6.888660202068806804e+00,4.070290363784565102e+00,4.211257637056774250e+00,3.761591318699676112e+00
2.747321711531419020e+00,4.626442670351776698e+00,5.730294377132112871e+00,7.298011907474196036e+00,2.161459502539290423e+00,5.791494576343068523e+00
2.750878016409754601e+00,4.919006493972701399e+00,4.472676276233421788e+00,5.120975511313913486e+00,1.498377514689494205e+00,6.301714595342628122e+00
6.376047799313604436e-01,4.152377919788585281e+00,4.128451298682772830e+00,5.616025972991444348e+00,4.346059827959774857e+00,5.094591469659222938e+00
8.913730537361712614e-01,4.339198797102409522e+00,3.622553018118050971e+00,3.984396759329051907e+00,4.216628224120288593e+00,3.932207639933440912e+00
2.458379109314879685e+00,3.601279322011499140e+00,4.433204660978987022e+00,5.113696138138618785e+00,2.480351363528860986e-01,5.204246693546235925e+00
3.752601315924089409e+00,3.512562965597245679e+00,7.194764354538293105e+00,4.851417381716400357e+00,2.740669039498244697e+00,4.171070165486468362e+00
2.712269400224748939e+00,3.615185143914798616e+00,3.808464438556748988e+00,5.678354326275158570e+00,3.261523428571583505e+00,4.582526548510508668e+00
0.000000000000000000e+00,0.000000000000000000e+00,0.000000000000000000e+00,0.000000000000000000e+00,0.000000000000000000e+00,0.000000000000000000e+00
4.017153150989666521e+00,4.894464681395055194e+00,5.894992004857017243e+00,3.680152160618045176e+00,3.103718019832858221e+00,3.539589542284839574e+00
4.190067535354184969e-01,5.127474773547959330e+00,2.879770911152784940e+00,6.522837236782173420e+00,2.464729109510445326e+00,5.603457495166531466e+00
7.423913492670193293e-01,3.462532221406698252e+00,3.862330180664635293e+00,5.966514375902423950e+00,2.744485553396049493e+00,4.992175002331444844e+00
2.106468129696998037e+00,3.827275378376520099e+00,4.187315014708047123e+00,6.514574506930403075e+00,2.930658929375545618e+00,4.677372211834314619e+00
2.953830505613233015e-01,5.219534773498303082e+00,6.612821810575225001e+00,5.027818520692468596e+00,7.685084456453927793e-01,4.913081863997437182e+00
2.078436056467845017e+00,1.106462723210563048e+00,4.386082837141242585e+00,6.971195912010087703e+00,2.278762071146843926e+00,4.980245551847770180e+00
5.643277558939658878e-01,2.749608177779834239e+00,4.567520305547766668e+00,6.146234015860329691e+00,2.697495074578371455e+00,5.299906616292563655e+00
1.999261339455005171e-01,3.467339542743365310e+00,4.765590204917716122e+00,4.665711756696069301e+00,4.618496536553306164e+00,5.165013672286939084e+00
1.765746115304764663e+00,2.357066540360369888e+00,5.304926380281589360e+00,3.137064209751255550e+00,4.205540520188844056e+00,5.885861828954550568e+00
1.906837659902455240e+00,2.409936045473526800e+00,7.809680949165179520e+00,4.576508128105467144e+00,1.248973257249560875e+00,6.533963683445190185e+00
1.907384593184790145e+00,1.451455485744458374e+00,6.118586700970685577e+00,4.475513651697372808e+00,4.133859808971539707e+00,4.298748726141556453e+00
1.443493608172233600e+00,2.714252283672385690e+00,6.576005150650341413e+00,2.752053284183300974e+00,2.703349061765530692e+00,3.164539015118742693e+00
2.132424209709550489e+00,3.075397962176261490e+00,5.833019887712932672e+00,3.859914738410587631e+00,4.627074168804572452e+00,4.491867638298297827e+00
3.764710445162622321e-01,1.815439298039792204e+00,3.578187976503146128e+00,3.654279044659735742e+00,2.095211111721372088e+00,4.095328195892426137e+00
1.432623452048529256e+00,1.712280794188222099e+00,6.621444593368602582e+00,4.703038460633572448e+00,3.830699056318786155e+00,4.846627134623344269e+00
1.869718544698037110e+00,3.858200037481640088e+00,6.231708433981111739e+00,3.124778816495453970e+00,1.909909547459904156e+00,6.142780922014931200e+00
3.506473476401141376e+00,3.848048518654302974e+00,8.469215670091562842e+00,2.923935067884162464e+00,4.963572367432229626e+00,4.906285240773110345e+00
7.710209140487744861e-02,2.490028179419671250e+00,4.923356389138254130e+00,1.525703179838626689e+00,2.203598456450061693e+00,4.749035029766132787e+00
4.121033363208911560e+00,4.230792580518766499e+00,5.570145994215162766e+00,2.825809405763399784e+00,3.893863322378806835e+00,4.139438116914846866e+00
3.463691023767409227e+00,3.493720436716533317e+00,6.164635817884217772e+00,3.129976410255256081e+00,2.455782480844416860e+00,4.639334290928628590e+00
0.000000000000000000e+00,0.000000000000000000e+00,0.000000000000000000e+00,0.000000000000000000e+00,0.000000000000000000e+00,0.000000000000000000e+00
1.406365424552280086e+00,1.798961344054757605e+00,3.892638421310971708e+00,3.124568556953113863e+00,3.436212394818699778e+00,4.240297757960035163e+00
0.000000000000000000e+00,0.000000000000000000e+00,0.000000000000000000e+00,0.000000000000000000e+00,0.000000000000000000e+00,0.000000000000000000e+00
9.627475613968710100e-01,7.785209682675855447e-01,8.375452475024207644e+00,2.011183868444728073e+00,2.354695534673187041e+00,4.572487547434724853e+00
1.736225050451083440e-01,7.604586419113594786e-01,8.332968180455353036e+00,3.486587776464845412e+00,2.929010374815281370e+00,7.478291518008438388e+00
1.485354567176189189e+00,5.628612706514184438e-01,4.978785686607788641e+00,4.582758192957632204e+00,2.139712248884293455e+00,5.540097240592613659e+00
1.396775193312971952e+00,4.995280842843594193e+00,5.424050871502362092e+00,6.321760411606062391e+00,2.942202254821743690e+00,7.365667676640756945e+00
2.884306561181133155e+00,3.799650938417300061e+00,4.904654419065730409e+00,6.792582953577660732e+00,2.933724508032232947e+00,5.672237506012161035e+00
4.636912165608979564e-01,1.334512266053176965e+00,2.087742733147971208e+00,6.132909336037807080e+00,3.167704353312953636e+00,4.481617981142471230e+00
1.164388864369560128e+00,4.421282763304660079e+00,5.547680765209110021e+00,4.907372562739028332e+00,1.952059398393105827e+00,5.466319162884256677e+00
2.545989533915425707e+00,7.709799860295833973e-01,3.051059443286221029e+00,5.542999080986930949e+00,3.504175403853651893e+00,5.698288815351413739e+00
8.233897288599623110e-02,8.205018991344754653e-01,7.997884630711835641e-01,5.948328069163309806e+00,1.951384562734099770e+00,4.898843701426098818e+00
0.000000000000000000e+00,0.000000000000000000e+00,0.000000000000000000e+00,0.000000000000000000e+00,0.000000000000000000e+00,0.000000000000000000e+00
4.968497912591680610e+00,1.520161491434715462e+00,3.768263659949173672e-01,8.831486346065997139e+00,2.170904649839799916e+00,4.843353890918216997e+00
1.907097577983675629e+00,8.046982768987565038e-01,6.327442583879705040e+00,4.889628387743856663e+00,4.203431602155171198e+00,1.382438551772598778e+00
2.314761066047997140e+00,2.031576945778663656e+00,6.775341699813056451e+00,2.944683248519640806e+00,3.522567722513547217e+00,3.279993536624946415e+00
0.000000000000000000e+00,0.000000000000000000e+00,0.000000000000000000e+00,0.000000000000000000e+00,0.000000000000000000e+00,0.000000000000000000e+00
2.564032910861882009e+00,2.761166667416528497e+00,7.852323761134647029e+00,3.730273763609902815e+00,3.173466335236459379e+00,4.700623527084395015e+00
3.076879620196076637e+00,3.399763477284027058e+00,4.645599436229669976e+00,3.694085179258959961e+00,3.316334200566333656e+00,3.958100162422945267e+00
2.992407603396816551e+00,1.494951551435002246e+00,5.283029895247985053e+00,3.634111403417673802e+00,2.756830170186182816e+00,3.584947480170161516e+00
2.325154035427149601e+00,7.404994464698431145e-01,4.936562648471664261e+00,5.531314907776103240e+00,3.702902965012687453e+00,3.950788053626182350e+00
0.000000000000000000e+00,0.000000000000000000e+00,0.000000000000000000e+00,0.000000000000000000e+00,0.000000000000000000e+00,0.000000000000000000e+00
2.761426283867788545e+00,3.226051760589467854e-01,7.816835509363431633e+00,4.426573393237132059e+00,4.725919398868005494e+00,3.642014262682505610e+00
2.755308324831891476e+00,3.750327793174636160e+00,6.242648058716737225e+00,3.843831457047510725e+00,3.172181532514817270e+00,3.919349734897621840e+00
3.179360929183590478e+00,4.519924840214768480e+00,3.649034289521449370e+00,5.182592904340856954e+00,3.700483700660782027e+00,3.252809360011690742e+00
2.897262919035168416e+00,3.180770873237814378e+00,3.578498531141062422e+00,3.955585129702432035e+00,1.418850289661111264e+00,4.502142800401858658e+00
6.274071158161864670e-01,3.062086785029603409e+00,5.183848210041634985e+00,5.388505812439579934e+00,4.654534430763580310e+00,3.735327445819826675e+00
1.740403335221190506e+00,4.391935639037844119e+00,6.904062484634556185e+00,2.591011071895432227e+00,4.398391464880250012e+00,3.117475070475022036e+00
2.672658882993568241e+00,3.700476883371792258e+00,3.216075642373513510e+00,4.859030730397833509e+00,1.417110499007686375e+00,3.372981720316658105e+00
5.892857616840999846e+00,4.903450869639470078e+00,6.824252325911589701e+00,5.555019508035575093e+00,2.650506274261497985e+00,3.460019138665081151e+00
4.032298468864520480e+00,3.276937542287197580e+00,2.812404122664996287e+00,5.868989563329998660e+00,2.397728554203836460e+00,3.646906259871556699e+00
2.246255406872275984e+00,3.646267073896565680e+00,6.191051480676484253e+00,3.676084209253742685e+00,3.926398008876583745e+00,1.165353487289466639e+00
3.429531321691660750e+00,2.124937572962492638e+00,6.793178182812251720e+00,2.481691034482417457e+00,5.610491307946842809e+00,1.347195865144159121e+00
0.000000000000000000e+00,0.000000000000000000e+00,0.000000000000000000e+00,0.000000000000000000e+00,0.000000000000000000e+00,0.000000000000000000e+00
0.000000000000000000e+00,0.000000000000000000e+00,0.000000000000000000e+00,0.000000000000000000e+00,0.000000000000000000e+00,0.000000000000000000e+00
0.000000000000000000e+00,0.000000000000000000e+00,0.000000000000000000e+00,0.000000000000000000e+00,0.000000000000000000e+00,0.000000000000000000e+00
3.366678747602930510e+00,3.672583252077028071e+00,3.468667676693737434e+00,3.698193541787674121e+00,2.896604223026003844e+00,6.662777646215412020e+00
1.510332998344908972e+00,3.727384161818985575e+00,3.492396563355033123e+00,3.924207792399537542e+00,4.926801769800199793e-01,7.365835280153778974e+00
2.557767777720365121e+00,3.060279134719718019e+00,5.815799878166703962e+00,8.228142706503581039e+00,2.601375307470379816e+00,8.355262861865428548e+00
1.251610116656559635e+00,4.565885104617978918e+00,3.302336273309355086e+00,6.132002119278585184e+00,3.471970338584700499e+00,5.803918280546300323e+00
1.617380033749626023e+00,4.025290873934158853e+00,4.119374060542657645e+00,4.616021252283167620e+00,2.354034964194511304e+00,5.344765253404309746e+00
1.864680654884621536e+00,2.647102776245507272e+00,5.137226513426941921e+00,5.315000094543017362e+00,4.638269081381572789e+00,3.119743649871904445e+00
2.840521446114954607e+00,2.544583819942005221e+00,3.904037660305536672e+00,3.748231472925944718e+00,4.186844145677762086e+00,3.711694801938266952e+00
1.644685898060326057e+00,4.073732049154994428e+00,6.024343159714465656e+00,4.233149174332737630e-01,4.397930306376090392e+00,1.815153258456929208e+00
