VR1,VR2,VR3,VR4,VR5,VR6
2.994144683419191821e+00,2.769407473605383974e+00,4.254446095803686489e+00,2.416585873430189935e+00,2.734099880563150453e+00,4.031513658572591474e+00
2.010334959876458161e+00,4.020998482851531719e+00,4.516501389489085305e+00,5.091140378961610757e+00,1.779073872593478933e+00,3.807271124159410824e+00
3.588898971952928729e+00,4.200065261493813651e+00,5.920286150556448135e+00,4.059589489646961091e+00,3.796240512757583119e+00,2.118179768229680349e+00
2.981877139436194923e+00,4.067372046430927313e+00,5.809303491782245921e+00,3.920531074644816982e+00,2.203341525270332557e+00,2.426787629721993689e+00
3.338964830863588418e+00,3.716809545146722904e+00,3.037367793865750176e+00,3.222832620363267786e+00,2.237016479581606987e+00,2.448995482031390836e+00
1.953650235001166635e+00,2.569781977339979484e+00,3.339294056907544217e+00,1.106306773367846219e+00,3.730775059852014408e+00,2.291125282975536415e+00
8.974125387028164536e-01,3.770717539276397190e+00,7.037459197411457978e+00,6.661915442993400660e+00,3.776142322969419318e+00,5.515164582283402339e+00
7.363260873948469509e-01,3.486639458311036499e+00,8.110368195797995838e+00,4.268086953900262159e+00,5.210552928443146214e+00,7.721391092306694404e+00
0.000000000000000000e+00,0.000000000000000000e+00,0.000000000000000000e+00,0.000000000000000000e+00,0.000000000000000000e+00,0.000000000000000000e+00
0.000000000000000000e+00,0.000000000000000000e+00,0.000000000000000000e+00,0.000000000000000000e+00,0.000000000000000000e+00,0.000000000000000000e+00
0.000000000000000000e+00,0.000000000000000000e+00,0.000000000000000000e+00,0.000000000000000000e+00,0.000000000000000000e+00,0.000000000000000000e+00
3.187643034187540358e+00,2.238065478652639939e+00,4.562625539348085901e+00,2.008649178164017002e-01,4.005538781442639973e+00,1.666061823696409760e+00
3.919575496197101216e+00,2.874814305171276008e+00,4.290759980981472488e+00,4.105377356652642362e+00,3.373772509270036579e+00,5.457621992150667012e+00
2.102468114501923058e+00,2.964720993606506205e+00,6.403475649852866880e+00,5.541589885190310483e+00,2.509623610921368098e+00,5.008966870501558866e+00
3.625019934002961186e+00,3.327559236611939308e+00,3.753438350095104070e+00,3.005924249813270777e+00,4.036874827965442947e+00,3.124050032361240348e+00
4.289120960427733387e+00,2.067226465598862806e+00,4.018553614916559269e+00,2.570424177278973765e+00,2.970432839648338152e+00,2.508117146307969225e+00
2.808342430278805590e+00,4.122178264959492466e+00,4.627834881696280434e+00,5.198108925963877525e+00,4.114571646623841339e+00,4.130135698658788712e+00
1.718358386666349436e+00,2.350991044071148117e+00,5.271547577812076391e+00,2.806312484694191589e+00,4.215680659957035559e+00,5.429635727751764840e+00
8.125202147979377898e-01,5.581802424419529451e+00,5.925293798489620123e+00,6.280971203074368958e+00,4.428586149102022418e+00,6.440186582572730245e+00
3.042211302204135492e+00,1.683009671954233788e+00,4.743659824025895588e+00,2.152384403763568876e+00,4.736326677674390417e+00,4.284797884839418813e+00
2.755291588031132832e+00,2.449229408143247522e+00,3.751651206234040359e+00,3.006301260593255087e+00,3.710522439560630659e+00,3.014831279863422253e+00
1.487124230861192498e+00,3.039548709485425881e+00,3.455320383682089158e+00,4.349670749680960569e+00,4.577467187327402875e+00,5.107975269402666108e+00
2.051930694193746518e+00,3.613812828798123711e+00,5.699338427008155961e+00,3.933266679821437961e+00,2.432138242505611281e+00,4.673680117362134290e+00
2.545317614133330686e+00,3.162238536867195471e+00,6.040987835254753691e+00,4.514105959414745683e+00,4.506083905571927950e+00,4.441039085815505771e+00
1.863911236861741871e+00,3.260683702477833457e+00,6.638008330873240936e+00,5.834744993561154836e+00,2.586545126942302097e+00,4.648293204071189066e+00
3.294818268378429060e+00,1.215004962252805853e+00,2.253324646177036428e+00,9.133809211671719552e-01,2.349778391975808844e+00,1.890721448811467642e+00
1.888965438749463210e+00,3.226015044573392387e+00,4.769008180228596849e+00,3.586674576693738015e+00,2.707442438198729207e+00,4.509533432678379583e+00
2.462495701734020326e+00,2.936174383004512389e+00,4.694798274213257905e+00,2.690147768282631358e+00,1.428930068316617952e+00,2.983997361005898075e+00
3.104922106470411336e-01,4.010842146122869600e+00,5.929732418760725210e+00,4.564271315388280570e+00,4.697502405804265813e+00,4.237876248417034475e+00
4.042286682717870505e+00,2.235791938573779447e+00,4.522625862203114799e+00,2.130103563382336862e+00,4.851415830260270567e+00,4.467777875655382758e+00
5.536944867958023764e+00,4.767380072307875416e+00,6.348417783476829612e+00,5.031566512753936848e+00,2.487340433649194438e+00,3.807927828767375455e+00
3.890138826594120580e+00,1.948016595163553522e+00,6.016689458562658466e+00,4.115259918414239770e+00,4.081563120854435844e+00,4.282198677387647479e+00
1.967417343831828536e+00,3.777805721236371372e+00,6.212708710957838498e+00,5.315882220730330232e+00,2.385351674262389921e+00,6.297021413251664868e+00
4.036342797130092919e+00,8.661700419721851674e-02,4.193882422940247601e+00,7.799543926986793885e-01,2.493874791139395697e+00,5.267427622141745758e+00
3.407911192355464358e+00,3.006584143836923850e+00,6.098400770527695691e+00,4.607852736063533072e+00,5.195515323052970480e-01,3.983303355139539814e+00
3.946709214827162526e+00,3.787234870071674031e+00,7.102649085765443182e+00,6.915188811554072501e+00,3.711045105274513034e-02,3.222915836095515019e+00
2.601025172850255363e+00,3.418159266880696379e+00,4.732269984113431249e+00,3.091434627516859823e+00,2.876835547799773796e+00,3.115115179247927024e+00
3.233167281494753631e+00,2.384481317535873668e+00,2.744264458807120555e+00,2.645507457264859141e+00,3.661104454432354771e+00,3.151906185051808862e+00
2.814498632579272908e+00,5.467978421619422491e+00,5.958027427024782163e+00,5.790361486701691263e+00,2.415508160191721210e+00,3.079375383575526648e+00
2.741276339492658920e+00,2.845998438085382887e+00,6.809873461585328691e+00,5.780145191057312282e+00,3.781756989034353644e+00,3.810483832404417903e+00
3.671311862709703888e+00,5.346670899305607350e+00,8.494633429855548812e+00,6.270885362515683070e+00,2.628236047096914607e+00,3.787779832407561997e+00
4.054424801476013585e+00,1.723818405138608512e-01,4.569754323979070776e+00,2.500586517027295841e+00,4.116995364751042885e+00,4.714763435167680150e+00
1.604018670604522301e+00,2.815889547697855821e+00,5.807218788033720713e+00,7.329417677364576278e+00,3.342595248742020075e+00,5.918185597858526492e+00
1.341831851062355252e+00,9.921992298575870173e-01,6.458777464602105667e+00,4.071841013438349144e+00,1.531019489743516537e+00,4.917213343050404362e+00
8.986043872135234256e-01,3.232515133114797212e+00,4.492458181497125835e+00,3.641324243247093584e+00,2.973137011254529227e+00,4.684732829368403628e+00
1.508594248222086653e+00,4.225731561664538560e+00,7.308585015601980039e+00,4.150901678133992689e+00,3.867509554225169399e+00,4.823728242270495237e+00
1.856610080748373415e+00,1.725459480063697981e-01,4.777797065479598260e+00,2.511415076806463365e+00,3.773333754392097283e+00,4.799791847196018146e+00
3.072798870434255925e+00,2.813301118451323912e+00,4.848500616415950759e+00,4.077664781114503256e+00,2.479814185309782371e+00,6.460537464753590697e+00
2.047739592126331498e+00,4.519553358430431267e+00,6.131997856080015907e+00,5.558078054481042862e+00,1.906701495126971180e+00,3.520751981373794415e+00
3.805256149651839337e+00,6.236682695693275491e+00,6.651980922075031444e+00,3.825120286991114504e+00,8.342643590949863075e-01,2.470310402565448982e+00
