VR1,VR2,VR3,VR4,VR5,VR6
2.340895154365880249e+00,2.492591465009863505e+00,5.084569617209972137e+00,3.584021076928199712e+00,1.090441564851925449e+00,2.295959817233313327e+00
0.000000000000000000e+00,0.000000000000000000e+00,0.000000000000000000e+00,0.000000000000000000e+00,0.000000000000000000e+00,0.000000000000000000e+00
1.033118263077987597e+00,2.205592205650215742e+00,2.972783774480233898e+00,3.913479584579433457e+00,3.314963928368945378e+00,4.197797753738519155e+00
5.524491481904285628e-01,5.184172918300893329e+00,4.018588470258909418e+00,2.636022554513544502e+00,3.383452283512538905e+00,3.361131848477332262e+00
5.037458416972446784e-01,6.012432069056544037e+00,4.637163489608806977e+00,3.506015030344162398e+00,3.501486232976794621e+00,2.500153458665114847e+00
0.000000000000000000e+00,0.000000000000000000e+00,0.000000000000000000e+00,0.000000000000000000e+00,0.000000000000000000e+00,0.000000000000000000e+00
2.776857822061375991e-01,4.634666648981306203e+00,7.442185363862530600e+00,3.587015605253630834e+00,4.639340760781748507e+00,3.006076029591625787e+00
1.775870228010361540e+00,3.740996349001485033e+00,5.221823034653540141e+00,3.505654095843660834e+00,2.165169986513432399e+00,3.203008030007278073e+00
2.242214710004405642e+00,3.930687114246549818e+00,4.661596373364699453e+00,3.296655440112254087e+00,3.222861824232913008e+00,2.905601608158922655e+00
2.347978341298731841e+00,3.957486658416180081e+00,5.299475378211893073e+00,5.063016653037261783e+00,2.345095173323915816e+00,1.731193082866127941e+00
2.994799717765846303e+00,1.542859199372078827e+00,5.057106363734171772e+00,4.952012687133494850e+00,4.004687455426227949e+00,3.166300740258460866e+00
1.017692159711847566e+00,1.630489472450689981e+00,5.446877869835236474e+00,6.042017159215138378e+00,2.094753819141373707e+00,6.449810616174859845e+00
1.243483669419246374e+00,3.791861662593318805e+00,4.331616241429077974e+00,5.937679908863723099e+00,4.322440317234340412e+00,5.694809665173901081e+00
3.069797598169921926e+00,4.369176406113691513e+00,3.540028415391776040e+00,5.245987514848305722e+00,4.071010489120441278e+00,3.626658767930775795e+00
2.220584487304480881e+00,2.022023820154925655e+00,4.354642924081868038e+00,3.356799685022608504e+00,2.532480764339343882e+00,4.708199522490972733e+00
2.911986360025494047e+00,1.545611311695559209e+00,5.957757419642213392e+00,3.282310964299385070e+00,2.259256666197928531e+00,4.108114478698920102e+00
2.064315991235089243e+00,3.279895006371483568e+00,6.764003390114238456e+00,6.237373407807842440e+00,4.192999333891064495e+00,4.949301340699246765e+00
3.305125705105830480e+00,3.482144326597186090e+00,5.295518354480488910e+00,4.556676088029050220e+00,3.258532867504198016e+00,4.894446647967777508e+00
6.445579042572471273e-01,4.909884905858417525e+00,6.057287986005750469e+00,3.653321178110640499e+00,2.382439635024351521e+00,4.874374018201999448e+00
3.546011021107329242e+00,2.328675129240433073e+00,5.498720777901490386e+00,6.081542175912427517e+00,2.955619694080548143e+00,4.624061416898308963e+00
1.412431259809724171e+00,3.390416922921971832e+00,6.992037837698827474e+00,5.771382736058622065e+00,4.099286298868286771e+00,5.338337027632463538e+00
2.529983015818548786e+00,2.396987523249558549e+00,6.232250122803399961e+00,4.541487916156062177e+00,4.027854311266393594e+00,3.375917637077530564e+00
2.472136254909321096e+00,2.692304671518050974e+00,5.928157721046266815e+00,3.368075053619940640e+00,5.083431252642600207e+00,2.588107522956428763e+00
0.000000000000000000e+00,0.000000000000000000e+00,0.000000000000000000e+00,0.000000000000000000e+00,0.000000000000000000e+00,0.000000000000000000e+00
3.010042330772622954e+00,3.046520676553921447e+00,6.189236041975275882e+00,5.308696549408004728e+00,3.713075152984073313e+00,1.601379248426620716e+00
5.715884209299465724e+00,4.904616367373653141e-01,5.309821880960214457e+00,7.027870775024900318e+00,6.479832121579988780e+00,5.182273024673262007e+00
1.237335356623183502e+00,7.905296374287300587e-01,5.069561432222309705e+00,5.047613214794896663e+00,4.272691508731393029e+00,4.900142742920778005e+00
3.675312705318247275e+00,1.988918634892513637e+00,4.608687063891483859e+00,4.601111522160334033e+00,4.315766068520950682e+00,2.998298174659405291e+00
4.868278048713994721e+00,1.251760579702433152e+00,5.835165983054855232e+00,4.360853189092216198e+00,3.023232336880817162e+00,3.490551033427856442e+00
3.284727833704283562e+00,2.503250447602493267e+00,4.523208480193161130e+00,2.784408875067559741e+00,2.579353184499001195e+00,1.741134089356667580e+00
1.737783155235292032e+00,2.402037639140811365e+00,5.352838863874440634e+00,3.933166756206197601e+00,2.780972982758939338e+00,4.381679630824710792e+00
0.000000000000000000e+00,0.000000000000000000e+00,0.000000000000000000e+00,0.000000000000000000e+00,0.000000000000000000e+00,0.000000000000000000e+00
4.013987575823424692e+00,1.231642475459880259e+00,6.210934006970510346e+00,3.663495649633409901e+00,3.333719098646581003e+00,7.431759045803967290e+00
0.000000000000000000e+00,0.000000000000000000e+00,0.000000000000000000e+00,0.000000000000000000e+00,0.000000000000000000e+00,0.000000000000000000e+00
3.194255077418314492e+00,3.967809857915725047e+00,2.498184015515615197e+00,7.238341154489943641e+00,3.529621074401640080e+00,8.150882072381438803e+00
0.000000000000000000e+00,0.000000000000000000e+00,0.000000000000000000e+00,0.000000000000000000e+00,0.000000000000000000e+00,0.000000000000000000e+00
1.132436948215245431e+00,2.773678188036719394e+00,4.094978960964839487e+00,5.545133100050872343e+00,4.345268198543704941e+00,5.502418639700737302e+00
1.635604336241832879e+00,1.533984885637180939e+00,7.920598348220973861e+00,5.535308928254664806e+00,5.638548460656441996e+00,6.486040214204409793e+00
2.502467626241862142e+00,4.416518925360829684e+00,5.949744439845826349e+00,1.789314541160718086e+00,5.020701832163185330e+00,2.751801530117592876e+00
0.000000000000000000e+00,0.000000000000000000e+00,0.000000000000000000e+00,0.000000000000000000e+00,0.000000000000000000e+00,0.000000000000000000e+00
1.372076601524880424e+00,2.164911416278098688e+00,4.998416285494728051e+00,2.780425053424965043e+00,1.639955176364852552e+00,2.582458982908908407e+00
4.562373554680828391e+00,4.186592450532136134e-01,4.369731357490074686e+00,2.599350940433359014e+00,2.472016664422961973e+00,1.835401476566253187e+00
4.004761166396519023e+00,6.514510364127685804e-01,3.528380262379917198e+00,4.586800956952449937e+00,4.231290063560283699e+00,4.936439683495596142e+00
3.270241620631275659e+00,1.121490795989138256e+00,3.877790148187127972e+00,5.294022465229684116e+00,2.957636730517370527e+00,4.962268589130642837e+00
2.341021957084321592e+00,2.276743460874212310e+00,5.317719512341016141e+00,4.575435068064014565e+00,5.112815910394520991e+00,7.078214096726086701e+00
3.254364845899815784e+00,1.156427989916259502e+00,2.785860903941576705e+00,3.632282019413603180e+00,1.494348873511880615e+00,5.647476953891741758e+00
2.111248108110432398e+00,2.861343578564638168e+00,3.771277095011721592e+00,2.667894921369457606e+00,4.364405348736967838e+00,2.946438687189957939e+00
2.953622953126614714e+00,3.015868416554992049e+00,5.264337288694570738e+00,3.596030605018682547e+00,3.111129246332992704e+00,3.586764324863425113e+00
2.184751308600581865e+00,1.505038762468093649e+00,4.483318884163071338e+00,3.499213069930492193e+00,3.018291487158327513e+00,1.492617227421680237e+00
1.018064437098987529e+00,4.562442693521238546e+00,4.360839041064686228e+00,4.869216186110105760e+00,2.985943749417275139e+00,3.772041223060432102e+00
3.519530581934887437e+00,2.484545326088773098e+00,5.559470635592471233e+00,4.578980550858093856e+00,3.155167559641435915e+00,3.839046900089213565e+00
2.320095519759393099e+00,3.815930480507196521e+00,7.271736608749171715e+00,4.255328435102073925e+00,4.179316155690037782e+00,5.022280397247715911e+00
2.540113102328825256e+00,5.106648276756816429e+00,5.492721624353976928e+00,3.613677336259499828e+00,3.043730800248971136e+00,4.455837885050438096e+00
0.000000000000000000e+00,0.000000000000000000e+00,0.000000000000000000e+00,0.000000000000000000e+00,0.000000000000000000e+00,0.000000000000000000e+00
1.054391737727460976e+00,3.480628087013817318e+00,4.246473783198874585e+00,4.037685815333411199e+00,1.407843339551982265e+00,5.134428315195070702e+00
0.000000000000000000e+00,0.000000000000000000e+00,0.000000000000000000e+00,0.000000000000000000e+00,0.000000000000000000e+00,0.000000000000000000e+00
0.000000000000000000e+00,0.000000000000000000e+00,0.000000000000000000e+00,0.000000000000000000e+00,0.000000000000000000e+00,0.000000000000000000e+00
1.855029952025315954e+00,1.926430593336899477e+00,3.276258884106526992e+00,3.651284557248771545e+00,3.857508241501899082e+00,5.197597413820524537e+00
4.425307800562638949e-01,5.108233298152763169e+00,3.629665563965144948e+00,3.356488188027312081e+00,2.550528338710524867e+00,4.872646171470515597e+00
1.160932270230179864e+00,5.809652527930142085e+00,5.246712335239020142e+00,2.353876156578224688e+00,4.277319946696007236e+00,4.848539231319273668e+00
2.543469085059077983e-01,7.015631558323049077e+00,3.768428274665688527e+00,2.913617591788541183e+00,3.543523873883583253e+00,3.093791545747176741e+00
7.388696569348476295e-01,4.689727302881876447e+00,1.844032025826594090e+00,1.468275181074662150e+00,9.273659707599053448e-01,4.459745896273038746e+00
3.990290977415167806e+00,3.181445036061948617e+00,2.114534104656543789e+00,3.745471069433897071e+00,1.525683652837338533e+00,4.286867811038965748e+00
1.352116385975449031e+00,3.884293886453983102e+00,1.448633248495832859e+00,5.817816483186027732e+00,2.985971202877275132e+00,4.109363038752269937e+00
4.304998899374262500e+00,1.144442366604537131e+00,2.449647012289741799e+00,4.780729956877562969e+00,2.233391849947540919e+00,3.342679321419417704e+00
1.520955529322488786e+00,3.995194091787573676e+00,3.751527775162236455e+00,3.258562927665116682e+00,1.605757517325651751e+00,4.320099273083484626e+00
1.703226483531556035e+00,2.344370893856871252e+00,5.097178096925894408e+00,2.655693953844091570e+00,3.293810871543439323e+00,2.076083388816993391e+00
4.687001314677100794e+00,2.084459873627596327e+00,3.914446545101545105e+00,3.582271732153574195e+00,3.503151632068557397e+00,3.594172676801877131e+00
1.339043124279925667e+00,4.413356580244493621e+00,4.987736706717217139e+00,4.021486820544661001e+00,4.903066380457853590e+00,3.592361403720207402e+00
2.152620947262577022e+00,1.926082124698057951e+00,6.598677472984249448e+00,5.230644547004533962e+00,6.731684978502554095e+00,4.252345932871003598e+00
1.756220583230214460e+00,3.674918967396090252e+00,5.583215673119481082e+00,2.295770214836461598e+00,4.510583478387455436e+00,2.364244565637020123e+00
4.025264314728493886e+00,4.787111310584206691e+00,2.737778550299820868e+00,2.483475189084227708e+00,4.033382727807432566e+00,2.056656478160210355e+00
0.000000000000000000e+00,0.000000000000000000e+00,0.000000000000000000e+00,0.000000000000000000e+00,0.000000000000000000e+00,0.000000000000000000e+00
5.075465459023758896e+00,2.433618919624628063e+00,5.353645275003144910e+00,3.584458719800363458e+00,1.560220196328556908e+00,4.192325537935474244e+00
4.821624560006037896e+00,3.890488519841572845e-01,4.455063364277482840e+00,4.211258600330341828e+00,2.579167323990663618e+00,4.543891906709828454e+00
0.000000000000000000e+00,0.000000000000000000e+00,0.000000000000000000e+00,0.000000000000000000e+00,0.000000000000000000e+00,0.000000000000000000e+00
9.245112655789771150e-01,3.654468166383021632e+00,2.711942408576152985e+00,5.179647561813210288e+00,1.702082663412902486e+00,5.751325566054553917e+00
3.007200930114112047e+00,3.836273076918712110e+00,5.474568392190469979e+00,2.806206489345373090e+00,4.485445274231066648e+00,5.443526409634438679e+00
1.250291603771984672e+00,2.136903600728517816e+00,3.396183247788330917e+00,2.030150527011804318e+00,3.960604743488018276e+00,2.853144349161515159e+00
0.000000000000000000e+00,0.000000000000000000e+00,0.000000000000000000e+00,0.000000000000000000e+00,0.000000000000000000e+00,0.000000000000000000e+00
0.000000000000000000e+00,0.000000000000000000e+00,0.000000000000000000e+00,0.000000000000000000e+00,0.000000000000000000e+00,0.000000000000000000e+00
0.000000000000000000e+00,0.000000000000000000e+00,0.000000000000000000e+00,0.000000000000000000e+00,0.000000000000000000e+00,0.000000000000000000e+00
0.000000000000000000e+00,0.000000000000000000e+00,0.000000000000000000e+00,0.000000000000000000e+00,0.000000000000000000e+00,0.000000000000000000e+00
2.096654829078310023e+00,1.785688721894864051e+00,8.014908905283666840e+00,3.299739918048883780e+00,5.931719851657765830e+00,5.222530322181913931e+00
3.576518729504344130e+00,1.618550396705650485e+00,5.522533494207608307e+00,2.291298787555191119e+00,8.734014363288196137e-01,3.410451093737542294e+00
4.298417632811860400e+00,2.453393542718690590e+00,5.607753086744871496e+00,4.699142110738507405e+00,3.117992696861525914e+00,4.957821870005636455e+00
1.491954703679298166e+00,3.586420521918332049e+00,3.189146619413519179e+00,4.168996840223223366e+00,1.388656530174912751e+00,5.646530712039821154e+00
3.749082019502383289e+00,3.303847202942001182e+00,5.448918726991939465e+00,4.347056210655579456e+00,2.581979361261371508e+00,5.045856029248996677e+00
1.600461398081740150e+00,4.734582724488560324e+00,6.260266204340615204e+00,2.940299675752711117e+00,2.406394497644361863e+00,7.766476097618934205e+00
0.000000000000000000e+00,0.000000000000000000e+00,0.000000000000000000e+00,0.000000000000000000e+00,0.000000000000000000e+00,0.000000000000000000e+00
8.371416780584686190e-01,7.239386403308321505e+00,5.373251825523454706e+00,4.674965801268393228e+00,4.938923783454582939e+00,3.538179495437583810e+00
2.088098132025213438e-01,7.990807541195399821e+00,5.488036870118047084e+00,4.215785376663603756e+00,5.106993829510855676e+00,4.194556245365105518e+00
1.918939388801105483e+00,7.435435109131304898e+00,6.630075716892180893e+00,3.913313423592604146e+00,3.940488400762995891e+00,4.219990821916399071e+00
0.000000000000000000e+00,0.000000000000000000e+00,0.000000000000000000e+00,0.000000000000000000e+00,0.000000000000000000e+00,0.000000000000000000e+00
1.809806796062886303e+00,5.468345024211299865e+00,3.026756089264852179e+00,3.826045231206645081e+00,5.295755620069892977e-01,5.754955842018793177e+00
2.495527796348420146e-01,4.163465230368602832e+00,4.742299408587370202e+00,3.740136664060366822e+00,2.647673302254954564e+00,3.872523779169320335e+00
4.089223001720401207e-01,3.778714384453498720e+00,6.576384261472952630e+00,4.330263284161392612e+00,2.411126773024895087e+00,6.170796268974007681e+00
0.000000000000000000e+00,0.000000000000000000e+00,0.000000000000000000e+00,0.000000000000000000e+00,0.000000000000000000e+00,0.000000000000000000e+00
3.164167595284909318e+00,5.425068218484660143e+00,5.508303141667881597e+00,4.820787191458823173e+00,4.413483396740967457e+00,4.937934823349959146e+00
2.617347012195736067e+00,5.708898697082009477e+00,3.987253071838289031e+00,2.819913108464894513e+00,1.758913296051644704e+00,3.655223132837166045e+00
1.423818029412324826e+00,8.074692515019616934e+00,5.077052487282779580e+00,4.547150485846247037e+00,3.971398686110079623e+00,4.812335622915338895e+00
5.528494790040427986e-02,6.322574012110491637e+00,5.003728395208396407e+00,5.031847571804805241e+00,2.954861232998227116e+00,4.734256546588936132e+00
4.304297538662847700e+00,3.234200690804623246e+00,4.768849568646059467e+00,6.748288911805169654e+00,2.229295577692343766e+00,4.947146842062917216e+00
3.480562113142543268e+00,1.208037498550416089e-01,3.522521414441419640e+00,5.842029146605952405e+00,3.277672923250575021e+00,4.853722130983413763e+00
0.000000000000000000e+00,0.000000000000000000e+00,0.000000000000000000e+00,0.000000000000000000e+00,0.000000000000000000e+00,0.000000000000000000e+00
0.000000000000000000e+00,0.000000000000000000e+00,0.000000000000000000e+00,0.000000000000000000e+00,0.000000000000000000e+00,0.000000000000000000e+00
0.000000000000000000e+00,0.000000000000000000e+00,0.000000000000000000e+00,0.000000000000000000e+00,0.000000000000000000e+00,0.000000000000000000e+00
4.304987009217965621e+00,6.932603317048502412e-01,3.795521009390158795e+00,2.673113272258231810e+00,4.897506503076265005e+00,3.828835572454670988e+00
5.099771034434839478e+00,9.974022542543448111e-02,5.968644136807735201e+00,2.250916057612657895e+00,2.268050955649172362e+00,4.633003047519171247e+00
2.010921376448822961e+00,2.410722649049337640e+00,5.504908463048146849e+00,3.730938559904196872e+00,3.787386711426613317e+00,4.266664963459330551e+00
2.921803269373756784e+00,2.829661214337700681e+00,3.573920707332724156e+00,3.451176541683180776e+00,2.090634573178926203e+00,3.912049245583003820e+00
3.251403963893792159e+00,9.868673627321888908e-01,3.499439607360400828e+00,4.629437376713596564e+00,5.572735414215612693e-01,5.182334006172845342e+00
4.199960695374753250e+00,6.552828635535954405e-01,5.506775563350062797e+00,6.609846713291943843e+00,4.144374374220437751e+00,5.792453707539716667e+00
3.142727477640376854e+00,2.004025474711327526e+00,6.310905558687490924e+00,5.622414953429579754e+00,3.103951793709192941e+00,7.394288749790220550e+00
1.704605068725688399e+00,1.016760661001610000e+00,6.831326857333760216e+00,5.493468928281807884e+00,4.175202079783820075e+00,6.839874130770652982e+00
3.580357523177107204e+00,3.087829367202628905e+00,6.715046638397479839e+00,2.726383889489040868e+00,4.232306765561424378e+00,5.220309722598361013e+00
2.258272652613673159e+00,2.285281320718183018e+00,5.478441568747607349e+00,2.653462319222584576e+00,3.156227478026865985e+00,5.656979485194387536e+00
3.502998922412847271e+00,3.431379706883727287e+00,6.415054631829534948e+00,2.030604005520863176e+00,3.026894830498461975e+00,3.791804315302959694e+00
3.617265626006261670e+00,4.484202614813026955e+00,5.492628113353583252e+00,4.100983315222709535e+00,3.738586543859556244e+00,5.834446913593641426e+00
0.000000000000000000e+00,0.000000000000000000e+00,0.000000000000000000e+00,0.000000000000000000e+00,0.000000000000000000e+00,0.000000000000000000e+00
1.096024663367755947e+00,7.927159631157543629e+00,3.188788956669879937e+00,4.990985119622537880e+00,9.431021700471049485e-01,3.900822105227450542e+00
0.000000000000000000e+00,0.000000000000000000e+00,0.000000000000000000e+00,0.000000000000000000e+00,0.000000000000000000e+00,0.000000000000000000e+00
1.289212812027122235e+00,5.837596490843520058e+00,5.964018251708758100e+00,3.251719757242447884e+00,4.039618068220041103e+00,5.737886314658237730e+00
1.109883172489103620e+00,5.640732490352891482e+00,6.901947930841831891e+00,5.233371940310571624e+00,5.484246815431397692e+00,4.949983346440813392e+00
2.247548118018980468e+00,4.632891163880849206e+00,5.371177137336068164e+00,3.228698312743320642e+00,4.710459368196053376e+00,3.318661128639364133e+00
3.550042976543990481e+00,2.564483863011778109e+00,6.473407838400784264e+00,3.596427585227752299e+00,5.801929439134672961e+00,3.462405542761525901e+00
1.910701604755944638e+00,5.077469630974301040e+00,7.339437002262899412e+00,3.591625137672996182e+00,4.355947208511076418e+00,1.943327307503039947e+00
2.862686813816313958e+00,5.149712822838449888e+00,9.266658470111634571e+00,2.246337106792296368e+00,3.633234072002987869e+00,2.697364105931997713e+00
5.008983030479918774e-01,5.201740003102655940e+00,8.479797418485016891e+00,3.145483250306092771e+00,4.872939291127827310e+00,4.068716249967091692e+00
2.803685183457334418e+00,4.491717090256669209e+00,5.857372462155742809e+00,2.574013732070240756e+00,2.662414188609419696e+00,3.266034006689165103e+00
1.644647366703058555e+00,3.653737863942469577e+00,5.695059505724866966e+00,2.842862349487048412e+00,2.867902623787281335e+00,5.121315179825493225e+00
2.477406063728341934e+00,5.097636772027335894e+00,4.719652676087665810e+00,1.949947114898606504e+00,1.584956798028270164e+00,4.702176643417548263e+00
7.504063867059880266e-01,7.021011167827319710e+00,3.859203007418630982e+00,5.813411706849235472e+00,1.776843905100276011e-01,3.497535517226332935e+00
6.214842590948119749e-01,4.228035797568686860e+00,5.707743509765552226e+00,6.235713047945415255e+00,2.909674392703716528e+00,4.829932299472177171e+00
7.077015855950068435e-01,1.906745167084050063e+00,3.910441448806193598e+00,6.183062232747966291e+00,1.401361704531584707e+00,3.150933614482601453e+00
0.000000000000000000e+00,0.000000000000000000e+00,0.000000000000000000e+00,0.000000000000000000e+00,0.000000000000000000e+00,0.000000000000000000e+00
4.069916423612351508e+00,3.235761998978893050e+00,3.801700939234588184e+00,4.826424294251699720e+00,1.542690116343195195e+00,5.558963614076729343e+00
2.981185880759475104e+00,3.649186499614749835e+00,3.913426933774190708e+00,3.333717032414948989e+00,1.977630166197903439e+00,4.105010800874976162e+00
1.320474125687318478e+00,4.092973923235328826e+00,4.383858711895849858e+00,5.280315925189273507e+00,1.882246878460270167e+00,4.725535747494718386e+00
1.305100509196714054e+00,3.272842546953899756e+00,4.879516047658164268e+00,3.253313389291102364e+00,3.490989740080596704e+00,4.857523363297761243e+00
7.532796135634485246e-01,6.192076679870364586e+00,3.132388791590769550e+00,4.398728238300705584e+00,7.840822608528705828e-01,3.648831157113699319e+00
3.365838517010857345e+00,2.951182633328875760e+00,6.592886265356476372e+00,7.009285886342089711e+00,5.663114998056686389e+00,5.367540383361783185e+00
2.624385108792167909e+00,1.584004937849798678e+00,5.135768299334130482e+00,6.284436180327913846e+00,1.138404026903391486e+00,6.526815248584220797e+00
2.313804013949047889e+00,2.342370199075066495e+00,5.022007420498953323e+00,7.748115336915944340e+00,4.359087677426479068e+00,5.200010436273435843e+00
1.034718471094268066e+00,3.346818329897478073e+00,2.937314576964897395e+00,6.142907349189968613e+00,3.751682949842759296e+00,5.478637141485207529e+00
1.363198430404349626e+00,1.540623747759442441e+00,4.766159410065021973e+00,4.405641511683280775e+00,3.106692002917012196e+00,4.153262451354206242e+00
0.000000000000000000e+00,0.000000000000000000e+00,0.000000000000000000e+00,0.000000000000000000e+00,0.000000000000000000e+00,0.000000000000000000e+00
0.000000000000000000e+00,0.000000000000000000e+00,0.000000000000000000e+00,0.000000000000000000e+00,0.000000000000000000e+00,0.000000000000000000e+00
4.496994523929825682e+00,2.411548938653682583e+00,8.162775836702181209e+00,3.586803652159137545e+00,4.795870414776453927e+00,3.213428911937676880e+00
2.404447196654288632e+00,2.967441706599919016e+00,5.338404497345248245e+00,3.183886133145646280e+00,3.664391908221968919e+00,5.272255642298953049e+00
