VR1,VR2,VR3,VR4,VR5,VR6
0.000000000000000000e+00,0.000000000000000000e+00,0.000000000000000000e+00,0.000000000000000000e+00,0.000000000000000000e+00,0.000000000000000000e+00
1.930936799979048768e+00,4.940795186683513585e+00,4.869841687327673974e+00,3.746398356971630150e+00,5.079340844979252090e+00,6.514830466256547936e+00
4.280470165847749975e+00,3.416500373420225944e+00,4.178827782533387492e+00,4.768261516819848111e+00,5.020897969996900301e+00,7.882843234071316374e+00
2.613233150231744517e+00,4.291482411863165147e+00,1.785458078660399295e+00,3.802010192195512950e+00,3.763887602801234245e+00,4.340152535239860221e+00
2.416776236707243619e+00,5.116024703558760933e+00,4.033293598321397333e+00,5.266121960393999046e+00,6.150508465583662598e+00,6.033417969277033777e+00
2.830064869976639308e+00,3.785947513467782244e+00,3.261125020521622453e+00,4.373930620702406458e+00,3.824557942821593226e+00,2.716642811164583726e+00
0.000000000000000000e+00,0.000000000000000000e+00,0.000000000000000000e+00,0.000000000000000000e+00,0.000000000000000000e+00,0.000000000000000000e+00
2.802977474933913804e+00,3.930356731390628688e+00,6.108164561376779211e+00,1.954972840844526161e+00,2.133171413120021676e+00,4.547297145041230948e+00
3.035723601304435970e+00,2.837784044587237986e+00,5.568889567780884065e+00,3.305918799635111149e+00,1.366940745098405685e+00,7.842172195040904015e-01
3.722326613897351422e+00,3.868611011452527837e+00,7.458458530251222740e+00,2.188341923320089588e+00,4.167537659546121986e+00,4.740877093770004436e+00
2.091832353318255677e+00,1.281708837047500937e+00,6.327278459674493760e+00,4.198137370194078954e+00,3.418448150100080962e+00,3.765175880284273191e+00
3.377067088647442095e+00,7.406739263370836213e-01,4.141279824060381642e+00,3.021332900330821580e+00,3.340084794284285508e+00,3.170480812063504850e+00
2.685552769811125007e+00,4.071085622946430504e+00,3.179139624130693953e+00,2.687450342536561010e+00,5.877564660853580314e-01,2.508353901774730055e+00
0.000000000000000000e+00,0.000000000000000000e+00,0.000000000000000000e+00,0.000000000000000000e+00,0.000000000000000000e+00,0.000000000000000000e+00
0.000000000000000000e+00,0.000000000000000000e+00,0.000000000000000000e+00,0.000000000000000000e+00,0.000000000000000000e+00,0.000000000000000000e+00
0.000000000000000000e+00,0.000000000000000000e+00,0.000000000000000000e+00,0.000000000000000000e+00,0.000000000000000000e+00,0.000000000000000000e+00
1.823667427850681921e+00,1.078608308452484899e+00,3.917412399482898433e+00,6.070922368633922872e+00,6.612306586419762766e-01,3.655269096862506117e+00
1.120196966572222230e+00,4.393505683436858433e+00,2.624273944610326925e+00,4.119483278646562496e+00,1.745380976816093943e+00,3.814728042571728484e+00
3.220335485551752974e+00,3.332335983254796297e+00,2.293313708888852887e+00,4.146839872948325123e+00,8.591816060902668362e-01,6.536145801841080072e-01
3.661801668743305260e+00,5.421607408202477885e+00,4.415796039927384342e+00,4.614412859929118760e+00,9.079355616248712124e-01,2.899043789598853671e+00
2.487471040036512537e+00,4.553442104889963815e+00,3.223601588028249143e+00,4.074444948301257696e+00,2.884595111506390364e+00,6.868969611385130847e+00
2.863803949495142387e+00,2.147121923623174666e+00,3.565596615488484833e+00,5.758824014316557438e+00,3.310934313747483593e+00,3.402271861530362429e+00
1.015527264899135584e+00,3.751831478630637928e+00,3.416580242663630251e+00,6.760052362910908386e+00,8.115674003345274556e-02,2.851982907804715417e+00
2.701969551407186643e+00,3.337537913121399136e+00,2.545782931902610180e+00,4.690242948399365730e+00,2.630052174747745219e+00,3.930085090658325786e+00
2.666034811910034996e+00,3.572211823954301924e+00,2.831478916356049425e+00,7.503040458650849232e+00,2.106991310809553486e+00,4.028978805669167329e+00
4.523026334549397731e+00,4.669347212214216114e+00,1.822187668424956719e+00,6.998363009242074106e+00,2.590188800986361617e+00,4.930032741104711569e+00
9.711881997744598038e-02,2.192249127494167116e+00,2.757034688962737956e+00,5.950921552208108700e+00,3.534620646306367409e+00,3.070290725691390943e+00
4.409208878969242740e+00,4.075684159626502101e+00,3.404901480091746535e+00,6.017681706450776602e+00,2.844291723919955661e+00,4.756528824277875600e+00
5.495196194273329837e+00,2.842130767267973646e+00,3.945220283248950022e+00,7.330584149759961754e+00,2.526369283842666569e+00,2.786267248121569118e+00
2.511749642959419937e-01,3.024712528037031500e+00,3.950477400532812045e+00,7.856250055774014029e+00,4.953449099003808698e+00,4.157499657635957746e+00
1.488006873487825121e+00,3.812858040699854900e+00,4.672840421947380030e+00,4.874095504512116150e+00,4.750766044911744146e+00,4.107234062064094360e+00
2.168091626449824894e+00,3.029195351148781246e+00,4.564263384504808840e+00,3.178582874768088207e+00,4.927853288887616756e+00,4.261066908639026707e+00
1.827021601093500536e+00,4.373266652764622009e+00,5.602809958989033667e+00,4.807603593022072630e+00,2.773817737001692763e+00,4.945946204661599843e+00
3.155774177874994368e+00,4.016186113133844771e+00,4.274571727333264626e+00,3.137722925686574182e+00,2.015610994806152245e+00,4.461804818982116672e+00
1.668702062027672461e+00,2.410070915297244376e-01,3.871508226849526668e+00,6.857901621565391181e+00,4.740059723383964752e+00,5.799594631618729679e+00
2.514500554241784869e+00,2.813598947091352720e+00,6.233031763988384988e+00,5.330462068811315568e+00,3.666109296425612118e+00,4.895958624107041857e+00
2.737513713353336264e+00,4.134432453905263927e+00,5.680389285910381503e+00,3.631761779011109414e+00,4.323376304043069496e+00,6.185355249540853251e+00
2.796249515086990378e+00,1.587142335321718889e+00,4.648135987736345065e+00,1.531417708746109607e+00,3.403700965059749617e+00,3.665917125012808864e+00
1.015810692643235980e+00,3.703939292077575551e+00,5.746340228734206690e+00,5.349220878106177857e+00,3.715417150527076551e+00,4.249632306598027043e+00
2.833763157280645650e+00,3.873484972863786790e+00,5.854213705739979900e+00,2.854986947099579453e+00,2.379077918798716773e+00,3.242905836936786024e+00
3.529112793781531643e+00,3.232795603482438995e+00,5.537864980204956211e+00,2.569342560832085454e+00,4.392667907523739146e+00,5.315359663027055426e+00
9.597624701457172502e-01,5.095056140828843283e+00,5.653774697565147278e+00,4.701480944578283250e+00,4.327966149253541950e+00,5.746842068545445770e+00
1.689351427918864834e+00,3.559286439128097612e-01,5.682047718385750734e+00,5.455437705606881238e+00,6.239016578786633183e+00,4.719109138013814153e+00
5.238615652815863832e+00,5.037501373183275177e+00,3.810584389483623546e+00,6.180077755078031032e+00,4.547008914648084321e+00,5.458592950021587953e+00
2.657258254995811697e+00,5.852619309213100252e+00,6.484203333027293681e+00,7.708144373960723605e+00,2.692033430345737610e+00,4.145867046675729028e+00
2.710664355816568172e+00,4.206077158346543499e+00,4.134835655375114882e+00,6.187536567775017815e+00,5.459028372157149533e+00,7.491301629559020903e+00
1.650775331795602652e+00,3.336138188443975139e+00,3.302136354141085750e+00,5.930357077305917102e+00,3.129118055232535056e+00,4.673257103560693793e+00
3.051129345014140348e+00,5.749303004611710399e+00,1.496508108307520679e+00,4.531442542306497678e+00,1.752554282864115631e+00,6.508636734059733087e+00
2.474069137575036326e+00,2.900702124884376065e+00,4.049532187914103076e+00,5.340241896478619132e+00,5.016535871978055283e+00,4.186602409136136238e+00
2.514460552926415460e+00,4.344262289145468969e+00,4.294780344359250712e+00,4.346981450638391919e+00,1.717472583379914708e+00,3.117239584333330260e+00
2.308567166725958852e+00,4.020778016293093060e+00,2.029100136483261707e+00,4.488361701085697320e+00,4.279972045696332827e+00,3.691623247141600395e+00
2.429389329927311714e+00,2.393943491728362183e+00,1.413996748569445572e+00,4.407260734485115350e+00,1.296331440705905669e+00,3.861880687123156797e+00
1.748702876937846984e+00,2.868113483657430685e+00,3.512963341974160159e+00,4.706392347037965607e+00,2.747574819651868783e+00,4.172492109936628779e+00
4.716703518377387994e+00,4.111721249267435319e+00,6.729083013310726002e+00,5.213538547863748818e+00,1.561471334430077906e+00,2.873614075185780603e+00
3.571910702414699657e+00,3.692729765336378644e+00,4.409795635353338739e+00,3.498669504860768331e+00,1.304321150748807057e+00,4.016132015038083480e+00
1.699497936108640861e+00,1.696531071749125985e+00,5.144684107579405641e+00,5.448346158956791641e+00,2.431860661625047548e+00,3.702919241849428111e+00
1.846995821781601599e+00,3.852205653561992627e+00,5.084170707977317960e+00,2.325691575443173065e+00,3.038739786489358163e+00,4.063759981990759940e+00
2.058886566159396914e-01,2.467560256702523880e+00,4.460808585465937171e+00,3.819537247807206715e+00,4.330490819141462389e+00,2.824897028825975820e+00
1.984302595553703252e+00,3.351114881380075960e+00,5.332073902614935079e+00,3.453282354578537827e+00,2.879540330133141701e+00,2.260392231231792337e+00
0.000000000000000000e+00,0.000000000000000000e+00,0.000000000000000000e+00,0.000000000000000000e+00,0.000000000000000000e+00,0.000000000000000000e+00
5.047923944026599052e+00,4.612280729699666182e+00,7.032586129569626365e+00,3.323171739283087511e+00,3.752641770881441907e+00,5.270583629961964611e+00
2.801879584860977879e-01,6.446509968093527831e-01,8.976455007645139261e+00,5.394647810894470652e+00,5.247180166441522076e+00,2.551295456110014293e+00
2.496668932065637225e+00,6.337892761201150194e+00,6.154822022756034627e+00,6.016621758174273360e+00,4.426399720120506309e+00,6.321818808621880947e+00
1.190702773616677312e+00,2.820804628655326773e+00,4.019603529667685748e+00,6.610088394102967335e+00,4.159251966552974800e+00,4.332226147350020540e+00
1.855076670948659023e+00,3.277003369098525631e+00,4.787435118293547731e+00,3.367914030855361673e+00,5.237944212048499359e+00,3.890408788155378605e+00
2.002983215961978036e+00,2.084447044549210482e+00,5.130934875547634277e+00,2.986302915080814913e+00,4.617706938484666068e+00,4.446785236151264087e+00
4.308681303203876212e+00,1.673017370687251093e+00,5.966142093271407099e+00,2.187629432333952906e+00,1.920118315398178677e+00,1.857756629730189513e+00
3.442772244400615911e-01,1.607026969956705464e+00,2.824124696475027729e+00,2.671646149359296896e+00,3.028008554769805016e+00,3.441987484746049653e+00
0.000000000000000000e+00,0.000000000000000000e+00,0.000000000000000000e+00,0.000000000000000000e+00,0.000000000000000000e+00,0.000000000000000000e+00
3.556675006842592524e+00,4.063527206790473301e+00,2.298456986136318214e+00,3.312042648004255074e+00,1.627185438769144898e+00,2.528670629834205208e+00
1.872419458054839669e+00,2.577197063807186161e+00,3.364735052816383742e+00,3.577184048614941325e+00,2.979482903430870522e+00,3.584230050441562732e+00
2.607692471486300345e+00,3.209589876779253004e+00,5.848519926779348843e+00,3.862792331149311309e+00,1.406089426284776733e+00,4.371690007044540138e+00
2.619126642696997465e+00,4.347661578199666366e+00,4.995091011164767281e+00,1.160525570015674468e+00,2.850802255399831786e+00,5.505428309518210384e+00
0.000000000000000000e+00,0.000000000000000000e+00,0.000000000000000000e+00,0.000000000000000000e+00,0.000000000000000000e+00,0.000000000000000000e+00
2.414686470236680815e+00,4.829519413587595622e+00,4.373366336349793215e+00,2.386844075736452631e+00,5.562229295311482247e+00,5.649829286116140992e+00
3.473808067744280415e+00,3.228970567262972491e+00,3.069600787708924639e+00,3.792838341766108012e+00,3.677029893700434204e+00,5.163030213445592764e+00
2.703385029017935981e+00,1.112031136994600766e+00,4.796321505365090943e+00,6.254056669402801916e+00,3.507964980846003389e+00,4.026459124809957935e+00
2.047772008228148977e+00,2.457576135086680047e+00,5.932328271291588351e+00,5.190790085502550610e+00,4.823064838209790040e+00,4.469746388421289574e+00
6.010280272503574217e-01,5.120243113608642815e+00,4.354165881266260030e+00,4.614882886062104284e+00,6.905078277342395765e+00,6.638574322378149262e+00
0.000000000000000000e+00,0.000000000000000000e+00,0.000000000000000000e+00,0.000000000000000000e+00,0.000000000000000000e+00,0.000000000000000000e+00
4.338774959689008170e+00,2.149140328020029855e+00,5.195430483548514111e+00,3.543533651896083825e+00,4.349056762196793713e+00,4.418905387564495690e+00
2.413660063212916818e+00,2.943038000485898920e+00,5.746976638339593713e+00,3.926786317894887191e+00,6.370913955976512000e+00,4.707340113320469754e+00
3.037680753213154894e+00,5.028584975431330761e+00,6.506332719980669310e+00,3.939721127160010106e+00,6.163252032969468885e+00,5.210252895553975527e+00
2.750969340023045717e+00,5.040177483702882988e+00,5.054717414331983960e+00,3.637741277546589380e+00,5.363117218686243248e+00,4.954567695321632215e+00
2.164600546121985492e+00,4.296483447094868957e+00,5.601190521688732993e+00,4.954934072269990608e+00,5.466932216065720773e+00,4.149218086606414779e+00
0.000000000000000000e+00,0.000000000000000000e+00,0.000000000000000000e+00,0.000000000000000000e+00,0.000000000000000000e+00,0.000000000000000000e+00
9.459046706735918519e-03,2.569361368149083447e-01,8.988559500850861639e+00,1.649614654151686288e+00,8.110527664449637797e+00,3.785383737494792733e+00
4.542265147351574939e+00,3.007725952628014898e+00,6.709820953120115838e+00,2.888822884784818079e+00,4.949453088833596581e+00,5.512375096705291355e+00
1.117858432071683561e+00,2.850742290132572965e+00,3.935228508869514030e+00,3.460879151147448596e+00,5.110033188959040018e+00,5.522989157071306998e+00
4.451207472365686257e+00,4.187968673091350347e+00,5.027122685691731263e+00,2.747007197369240927e+00,2.127427231840947730e+00,2.702210089099547297e+00
3.622540452139459966e+00,8.355153492919349389e-01,4.496365038779456036e+00,5.889245357142820936e+00,2.801069939401065412e+00,2.331438512340449520e+00
0.000000000000000000e+00,0.000000000000000000e+00,0.000000000000000000e+00,0.000000000000000000e+00,0.000000000000000000e+00,0.000000000000000000e+00
2.865976796401832338e+00,2.226316899488502088e+00,4.260306907829068734e+00,3.792353443136335933e+00,3.221282256447262071e+00,4.635352071992846490e+00
0.000000000000000000e+00,0.000000000000000000e+00,0.000000000000000000e+00,0.000000000000000000e+00,0.000000000000000000e+00,0.000000000000000000e+00
2.328512335519885568e+00,4.995976550388501636e+00,3.521484003235636262e+00,2.530804495106139917e+00,7.414959494268904550e-01,3.794288930016119998e+00
3.307581824394587144e+00,6.823899286907057160e+00,5.605576016012985718e+00,3.639288503714111833e+00,1.599977636111105328e+00,5.618532562329020763e+00
2.717377065118096180e+00,4.817640149389870174e-01,7.188533863903280086e+00,4.415199179176286570e+00,5.010786675724434147e+00,2.287723635610349859e+00
1.045695424652717254e+00,3.799098537396308650e+00,7.872421593198200895e+00,2.573911682048694693e+00,1.776886289650350559e+00,5.724650303991644762e+00
3.164774644602494025e+00,4.284810288884449037e+00,8.586078654500575169e+00,3.219816797044938284e+00,1.907264777274070511e+00,5.123476557182434554e+00
1.867634695739929018e+00,3.431034408466768326e+00,7.002847152613519199e+00,3.568940124990739982e+00,6.629838054588937268e+00,5.550607060417204863e+00
3.696795705677341726e+00,1.745888394018510592e+00,5.800579903691881256e+00,2.355238560178252616e+00,2.127706910786265837e+00,3.752367184405755118e+00
2.923057980681119439e+00,2.795757183836046433e+00,4.587697170938401570e+00,3.787215374644973931e+00,1.844259615252227036e+00,4.308610276658659366e+00
4.695936120760460852e+00,3.570179428740916094e+00,4.339143443119898080e+00,4.038054274143968669e+00,3.312431545501937524e+00,5.421559199482766545e+00
3.997184676725221486e+00,2.293938593794733194e+00,6.138552302070091393e+00,4.091353628524758257e+00,5.498694401349379035e+00,3.553654371152365155e+00
2.180759131613962509e+00,4.455927624163037670e+00,7.443842225745143537e+00,5.156430000688930093e+00,5.695654494385859579e+00,6.377439627282754486e+00
1.517811216883092840e+00,2.540238545014390503e+00,5.377582128833672037e+00,5.950637983406913634e+00,4.447731922410531169e+00,1.875325860119870569e+00
9.930349040872736843e-01,2.531069253265158192e+00,7.223768101368895245e+00,5.940812792395746555e+00,4.572161472945404093e+00,3.475541131937746275e+00
2.773180175553799032e+00,1.854445153957926085e+00,7.751486536715203712e+00,4.058712745809931022e+00,3.623419404624184104e+00,2.906104542117174283e+00
0.000000000000000000e+00,0.000000000000000000e+00,0.000000000000000000e+00,0.000000000000000000e+00,0.000000000000000000e+00,0.000000000000000000e+00
1.422861785482224750e+00,3.938175544050054988e+00,5.899468399275567876e+00,4.168163748026803006e+00,6.843926990571642222e+00,5.302546545851222426e+00
3.206032100691244224e+00,3.144626508980728818e+00,5.610506507451384017e+00,2.852736923543464087e+00,5.446182529513809101e+00,5.304904108711589572e+00
2.031733791305180503e+00,2.878828393892650883e+00,6.170094502650814938e+00,4.381890195254054099e+00,6.229098102500947753e+00,4.294833605289350764e+00
1.408356852240959523e+00,1.769268935939788401e+00,6.927555263970528898e+00,5.246027013902770264e+00,3.601642744102707461e+00,3.507628689241365283e+00
3.067535498405096206e+00,2.625888341305150142e+00,4.987924923870914462e+00,5.571696086355892419e+00,3.042549202070274905e+00,4.147854815310168419e+00
3.733783303373930718e+00,5.189152466753056636e+00,2.769798029479448420e+00,4.671682232941173574e+00,2.854909462297388512e+00,5.858976716587527278e+00
3.311488308481263854e+00,2.953612254401255743e+00,5.153811150024279364e+00,4.942273981996674337e+00,6.340274294709038472e+00,5.847225309032115348e+00
2.845059799460047500e+00,4.901621814889058903e+00,5.143352158844086475e+00,4.649136277993879851e+00,4.704201572188857483e+00,5.596863488452177293e+00
1.917158631093104360e+00,2.359185829296226444e+00,6.914161984837913444e+00,3.529086923845569324e+00,6.218229426955881323e+00,4.488490953103336345e+00
1.908460283618599984e+00,4.096171961342823131e+00,5.371771524278980081e+00,3.079201447221850962e+00,6.159236917104768061e+00,5.863765623736940213e+00
7.969456418761966532e-01,2.638223187609359144e+00,4.569925767534384065e+00,4.253644206762851709e+00,5.949548176779096309e+00,4.115790434656106278e+00
3.672778658087336723e-01,3.278137938278641972e+00,6.091014329720086273e+00,2.556207734553169075e+00,4.007025563788027434e+00,3.836265321510176740e+00
4.407112874110388212e-01,2.820515590569629083e+00,7.346364266382415131e+00,4.778951775701900218e+00,3.758555830522128716e+00,4.746920982417375257e+00
1.273082669987659177e+00,5.431422401046014592e+00,7.429649694686500716e+00,3.213139594994594894e+00,4.836036255883948698e+00,6.245903051386742177e+00
6.516786457252092823e-01,2.435690154512793804e+00,4.438379929753448749e+00,2.471649590507449812e+00,4.865029184255236672e+00,4.250986540473842723e+00
1.704629473455322231e+00,1.507843674985700488e-01,4.700639210126277057e+00,3.476353239109846172e+00,3.326413642511276691e+00,2.859836376388132706e+00
3.147159545882560749e-01,1.723318621489743574e+00,8.015171505890826609e+00,4.159548260561758859e+00,4.895179129546267660e+00,3.762183264042775033e+00
1.606649029383159677e+00,2.374594630563042763e+00,5.940800120614834867e+00,2.684754182467361971e+00,3.252402463910391894e+00,5.501255939694570607e+00
2.307788971342327411e+00,2.520939748752812459e+00,3.749573385680552207e+00,1.970614020847607062e+00,3.159842118068168837e+00,4.977815459534642883e+00
1.525884666860599204e+00,3.105278564485930648e+00,3.998008347150272535e+00,2.472312875565201740e+00,3.289677977518550733e+00,5.754181259637661583e+00
3.007944125779953737e+00,1.598263812335475986e+00,5.410027646600512163e+00,1.445123851098862211e+00,4.617132116687542975e+00,3.688061683695123438e+00
1.144480949865419817e+00,2.265676779917642936e+00,4.643927384429952454e+00,2.398975194922138066e+00,1.960829439181767775e+00,3.024413410100367905e+00
3.012192941585965400e+00,2.949054364666614969e+00,5.249656215312317187e+00,2.993609602364290190e+00,2.833974703869897471e+00,5.281318551106733317e+00
2.407882970674855461e+00,1.945378478657787680e+00,6.114147172949537357e+00,2.761117005251631173e+00,3.816555683651416508e+00,5.932259759492984230e+00
2.236993107756815924e+00,4.518748399998257170e+00,6.505259386954995726e+00,4.288101071801566633e+00,3.604523156558361752e+00,2.698121589411216270e+00
3.517109221036402111e+00,2.448941101985449897e+00,3.439866706228668303e+00,2.818161965106804168e+00,3.334840262020031254e+00,3.290289539528324703e+00
2.388493315515931137e+00,2.228477807928478605e+00,4.438944035418695755e+00,2.197458047432356842e+00,3.648497805491954793e-01,2.724660773290291438e+00
1.902643149284755086e+00,8.684426929584190269e-01,5.638742090229294845e+00,1.962431693940388300e+00,2.237853711204102147e+00,3.200960153590108437e+00
1.700950149513858811e+00,3.259355506352410448e+00,4.476899924953826826e+00,2.156843533696847892e+00,2.329943543081703705e+00,4.403647121914617379e+00
5.446448514322210777e-01,3.538647266562545912e+00,5.235924540303084740e+00,4.924235454109522792e+00,3.027137195488039723e+00,5.496049126955965036e+00
0.000000000000000000e+00,0.000000000000000000e+00,0.000000000000000000e+00,0.000000000000000000e+00,0.000000000000000000e+00,0.000000000000000000e+00
0.000000000000000000e+00,0.000000000000000000e+00,0.000000000000000000e+00,0.000000000000000000e+00,0.000000000000000000e+00,0.000000000000000000e+00
1.125662073955581377e+00,2.345964838133109076e+00,5.834046474801613869e+00,4.304777760000976450e+00,1.286630102263925712e+00,5.108500964582407988e+00
3.062732629713342813e+00,2.458486409405747253e+00,6.431730181918489109e+00,3.479059395614978012e+00,3.086633624291219569e+00,2.574268440255910839e+00
2.975819987762537977e+00,2.890869967270919272e+00,7.212569577246876307e+00,3.993873221876439672e+00,5.353951369609848854e+00,4.795768770291111593e+00
9.630986232012850312e-01,9.151714198039240244e-01,5.958353066870103909e+00,9.843231172363022807e-01,4.115201930828968457e+00,3.909132742690701878e+00
1.801491897204652748e+00,3.724186039519939762e+00,4.834423016740208467e+00,3.695236883585333310e+00,2.961369014373142594e+00,6.018681051996152220e+00
0.000000000000000000e+00,0.000000000000000000e+00,0.000000000000000000e+00,0.000000000000000000e+00,0.000000000000000000e+00,0.000000000000000000e+00
2.064134569676452813e+00,3.345084993526649786e+00,2.688256350551551765e+00,1.952623515753371564e+00,2.476950689929063198e+00,3.384554573205425854e+00
3.266551332447058087e+00,3.373237020225219762e+00,2.983980133031042925e+00,1.555130163032933055e+00,1.304613564176955398e+00,1.763068336443465611e+00
2.015351390576439972e+00,5.487182328618871452e+00,4.339956974741492779e+00,3.783439508513283922e+00,3.786823008691852621e+00,5.979002689583492014e+00
