VR1,VR2,VR3,VR4,VR5,VR6
2.953557906944459077e+00,6.285917499540931708e+00,4.789104458169497924e+00,2.292675627470533772e+00,7.389257019349813049e-01,4.730694910007578358e+00
3.687544960557708862e+00,7.733223582238208493e+00,6.417775665743233660e+00,6.223355354432501763e+00,3.088421409799380957e+00,6.271371301082552030e+00
4.027881742796088460e+00,5.309656629064479105e+00,7.527546455492661437e+00,2.274898877151708909e+00,4.692037133155444906e+00,3.840782421034903749e+00
1.665483502825952478e+00,3.430900405428844557e+00,3.626365498547135857e+00,4.671018300447395966e+00,1.686072483671274158e+00,3.560803423188106720e+00
0.000000000000000000e+00,0.000000000000000000e+00,0.000000000000000000e+00,0.000000000000000000e+00,0.000000000000000000e+00,0.000000000000000000e+00
0.000000000000000000e+00,0.000000000000000000e+00,0.000000000000000000e+00,0.000000000000000000e+00,0.000000000000000000e+00,0.000000000000000000e+00
0.000000000000000000e+00,0.000000000000000000e+00,0.000000000000000000e+00,0.000000000000000000e+00,0.000000000000000000e+00,0.000000000000000000e+00
0.000000000000000000e+00,0.000000000000000000e+00,0.000000000000000000e+00,0.000000000000000000e+00,0.000000000000000000e+00,0.000000000000000000e+00
0.000000000000000000e+00,0.000000000000000000e+00,0.000000000000000000e+00,0.000000000000000000e+00,0.000000000000000000e+00,0.000000000000000000e+00
0.000000000000000000e+00,0.000000000000000000e+00,0.000000000000000000e+00,0.000000000000000000e+00,0.000000000000000000e+00,0.000000000000000000e+00
7.179646437501898681e-01,1.596789132989529847e+00,4.796818685445405350e-01,1.629035639704534244e+00,2.285832078404173906e+00,4.171170632067490835e+00
1.961605381884087951e+00,1.199278182215899324e+00,2.272925677797853705e+00,3.759603350098539742e+00,2.733124635645031830e+00,2.419904365442741678e+00
2.757709928840585967e-01,1.217526854853618445e+00,3.347606286533872932e+00,5.899429132003675136e+00,4.910567728709753332e+00,3.651351645491783593e+00
0.000000000000000000e+00,0.000000000000000000e+00,0.000000000000000000e+00,0.000000000000000000e+00,0.000000000000000000e+00,0.000000000000000000e+00
0.000000000000000000e+00,0.000000000000000000e+00,0.000000000000000000e+00,0.000000000000000000e+00,0.000000000000000000e+00,0.000000000000000000e+00
1.382808410139082511e+00,6.282100450388385937e-01,3.181657945698705081e+00,2.198776321968184178e+00,4.252383308541859641e+00,2.576142987778601956e+00
4.718287561958540710e-01,1.523700131601017693e+00,3.950568151837115405e+00,3.646092872994229683e+00,2.781439043681034562e+00,4.068107605829409223e+00
2.142121548077880355e+00,2.175451368466122748e+00,6.251466900408074068e+00,3.015387160425401447e+00,2.228809711684086370e+00,5.549557220575370486e+00
2.123238025806543305e+00,3.565236788841096072e+00,2.524388515886580642e+00,4.804948654455484913e+00,5.251215970629894869e+00,4.725996400176597056e+00
2.543475474035709727e+00,4.337431294650150093e+00,4.955296550924229493e+00,5.461724058707179807e+00,5.626874079685597607e+00,4.307015923259800871e+00
1.039593128552273260e+00,3.468486184437849840e+00,7.671783984855896854e+00,4.609100287352516645e+00,4.554754429426134621e+00,5.945213903999320593e+00
0.000000000000000000e+00,0.000000000000000000e+00,0.000000000000000000e+00,0.000000000000000000e+00,0.000000000000000000e+00,0.000000000000000000e+00
0.000000000000000000e+00,0.000000000000000000e+00,0.000000000000000000e+00,0.000000000000000000e+00,0.000000000000000000e+00,0.000000000000000000e+00
0.000000000000000000e+00,0.000000000000000000e+00,0.000000000000000000e+00,0.000000000000000000e+00,0.000000000000000000e+00,0.000000000000000000e+00
6.746960889156650154e-02,2.803696661958724690e+00,4.228168328025017075e+00,5.359323565081083984e+00,2.846627328084937236e+00,4.628462821343973133e+00
1.653513925711866950e+00,2.825515474045609210e+00,3.680166156402684408e+00,6.907605334808571307e+00,3.609389968629391099e+00,5.924082981730517616e+00
0.000000000000000000e+00,0.000000000000000000e+00,0.000000000000000000e+00,0.000000000000000000e+00,0.000000000000000000e+00,0.000000000000000000e+00
0.000000000000000000e+00,0.000000000000000000e+00,0.000000000000000000e+00,0.000000000000000000e+00,0.000000000000000000e+00,0.000000000000000000e+00
0.000000000000000000e+00,0.000000000000000000e+00,0.000000000000000000e+00,0.000000000000000000e+00,0.000000000000000000e+00,0.000000000000000000e+00
0.000000000000000000e+00,0.000000000000000000e+00,0.000000000000000000e+00,0.000000000000000000e+00,0.000000000000000000e+00,0.000000000000000000e+00
2.049826847167845578e+00,1.655199534849782328e+00,4.668835455999022166e+00,3.169277872970969412e+00,1.010781240233896039e+00,3.262038285856800002e+00
2.225252973090702469e+00,2.685536082947165060e+00,3.980148283986896462e+00,2.719554234210058929e+00,2.956092852869705467e+00,5.402136028166085069e+00
4.512494743433697053e+00,4.276071860821975434e+00,4.259470967032710220e+00,3.355676008629621343e+00,3.859381301826148913e+00,3.648312806922820783e+00
4.734329812198565079e+00,4.196248296936442301e+00,4.917887847847744354e+00,3.070750855673129109e+00,1.649413687100442782e+00,2.936469926048650425e+00
4.926458051527683679e+00,5.798987579921581315e+00,5.744353614795876695e+00,4.142964869746570855e+00,2.125509274386015335e+00,3.063253580160576028e+00
2.372431041826700948e+00,3.368005302329472705e+00,5.523664395249320513e+00,2.251266937015969916e+00,4.067838431081977291e+00,3.723489069131207252e+00
1.200753842024833595e+00,2.760684808513029331e+00,4.249819192728198303e+00,4.493147778319760199e+00,3.220583105602330409e+00,2.756885414086181374e+00
0.000000000000000000e+00,0.000000000000000000e+00,0.000000000000000000e+00,0.000000000000000000e+00,0.000000000000000000e+00,0.000000000000000000e+00
1.448561749075698790e+00,4.659832754753574058e+00,6.723742165081507238e+00,3.594524213263147860e+00,2.338509664525588061e+00,3.669562694777495970e+00
1.149733177433099662e+00,3.545917775599193522e+00,7.915919752074505489e+00,5.957759217410276698e+00,6.481794660047711432e+00,5.423224961257023580e+00
0.000000000000000000e+00,0.000000000000000000e+00,0.000000000000000000e+00,0.000000000000000000e+00,0.000000000000000000e+00,0.000000000000000000e+00
3.631944716715197252e+00,7.042247938013135311e-01,9.379536227548726401e+00,3.834742951595997873e+00,3.226394195172331614e+00,6.785999850060735916e+00
5.746140953322544931e+00,4.729541401241473153e+00,8.432473291722358155e+00,3.791721278929782279e+00,2.931704911312986273e+00,5.975814097990298279e+00
5.272439673810837668e+00,7.113631322629656140e+00,8.418806381442214715e+00,6.088394450672783620e+00,5.153378073935730441e+00,7.936621378743138777e+00
5.958443610937072421e+00,7.869460330081318844e+00,9.507677501027270495e+00,4.699031489177171395e+00,3.293531882261659494e+00,7.987290042197966677e+00
6.244886072069445682e+00,9.125403642428210560e+00,7.596586906459067201e+00,2.400264669488192393e+00,1.595745413396434831e+00,5.978626910660979732e+00
4.458713617205503965e+00,4.753119117675026928e+00,7.881896696039659034e+00,5.277084494290091854e+00,2.864975230476281887e+00,6.205438029156191249e+00
2.063531244924762920e+00,4.416503294276331815e+00,5.231364386586295545e+00,4.896337222042728143e+00,3.376964310268599778e+00,5.410437848827706731e+00
2.897375583780008146e+00,2.963099815527553638e+00,6.319227524725393508e+00,4.004211109699870264e+00,3.884358706145347728e+00,3.184760423377453353e+00
1.230329948860900746e+00,1.982341027440356118e+00,2.828762600041669906e+00,2.088276984840592654e+00,2.848897953515958648e+00,4.509864054920641685e+00
