VR1,VR2,VR3,VR4,VR5,VR6
4.815916469983410053e-01,2.559643691576301894e+00,5.917344570512872437e+00,1.768805166796269202e+00,5.383233878136072015e+00,4.780892192383051409e+00
0.000000000000000000e+00,0.000000000000000000e+00,0.000000000000000000e+00,0.000000000000000000e+00,0.000000000000000000e+00,0.000000000000000000e+00
2.931196667081652940e+00,4.569204806431654831e+00,4.845115511527188445e+00,2.055465489137949575e+00,4.348127066509748673e+00,3.730382807539325718e+00
7.850994596849458773e-01,3.671554737029428583e+00,7.077457538018397720e+00,2.546283830174981944e+00,4.581692809527451615e+00,3.462306733075560583e+00
3.246944835377507221e+00,4.400874640400726179e+00,6.943600527233357411e+00,3.909802196736698932e+00,4.026580162522373385e+00,6.341161874224210848e+00
3.175377990107401516e+00,5.002971400216130959e+00,7.636802296534590084e+00,1.527569311162043419e+00,3.862723000642502846e+00,3.969816105820904273e+00
3.729647504746682163e+00,1.989701477808480945e+00,6.906636065851691875e+00,2.443033365677392599e+00,6.198221558944768894e+00,3.449479771292502051e+00
2.208808777351762842e+00,3.640798588323328477e+00,6.558921659478843758e+00,2.918558144938949717e+00,5.581949757336183815e+00,5.012586254731756341e+00
1.955949509703528211e+00,7.616870496941881008e-01,4.601084004241276837e+00,1.729162208708015847e+00,7.346849944670932331e+00,3.283253476595562326e+00
1.491007796380495076e+00,4.935962951915504604e+00,3.821578675088326271e+00,3.978752658738005987e+00,6.533089342484732498e+00,6.693568135024404953e+00
1.500401762394821592e+00,3.086999598836121184e+00,4.610713681011402443e+00,5.114719007567934739e+00,4.323006716183749987e+00,3.708008054691462885e+00
1.663298307313822111e+00,2.908882076434106789e+00,2.196990648452987305e+00,5.099885784035636860e+00,2.351155806344575439e+00,4.509302259824128356e+00
0.000000000000000000e+00,0.000000000000000000e+00,0.000000000000000000e+00,0.000000000000000000e+00,0.000000000000000000e+00,0.000000000000000000e+00
4.268185771680574447e+00,2.938632441772375259e+00,5.610917569469601851e+00,5.819940825381522131e+00,3.670244369274291873e+00,3.448559574161810026e+00
2.095029484534340458e+00,4.580114763876635742e+00,4.625205372971470830e+00,6.961095598045925925e+00,2.680220238436391789e+00,2.669074165826365697e+00
4.853447302292002163e+00,4.689241640373236208e+00,2.590946972092373457e+00,8.862052016307144342e+00,2.042055923784422689e-01,6.108760283993550644e+00
0.000000000000000000e+00,0.000000000000000000e+00,0.000000000000000000e+00,0.000000000000000000e+00,0.000000000000000000e+00,0.000000000000000000e+00
0.000000000000000000e+00,0.000000000000000000e+00,0.000000000000000000e+00,0.000000000000000000e+00,0.000000000000000000e+00,0.000000000000000000e+00
0.000000000000000000e+00,0.000000000000000000e+00,0.000000000000000000e+00,0.000000000000000000e+00,0.000000000000000000e+00,0.000000000000000000e+00
0.000000000000000000e+00,0.000000000000000000e+00,0.000000000000000000e+00,0.000000000000000000e+00,0.000000000000000000e+00,0.000000000000000000e+00
0.000000000000000000e+00,0.000000000000000000e+00,0.000000000000000000e+00,0.000000000000000000e+00,0.000000000000000000e+00,0.000000000000000000e+00
0.000000000000000000e+00,0.000000000000000000e+00,0.000000000000000000e+00,0.000000000000000000e+00,0.000000000000000000e+00,0.000000000000000000e+00
0.000000000000000000e+00,0.000000000000000000e+00,0.000000000000000000e+00,0.000000000000000000e+00,0.000000000000000000e+00,0.000000000000000000e+00
0.000000000000000000e+00,0.000000000000000000e+00,0.000000000000000000e+00,0.000000000000000000e+00,0.000000000000000000e+00,0.000000000000000000e+00
3.759251333283001983e+00,4.102544250360833367e+00,6.106672549636815717e+00,4.580707397892184396e+00,1.064899948845440925e+00,4.662523567891525111e+00
3.235383784628917070e+00,9.017703738063400642e-01,4.819593764656656454e+00,6.686241442644763389e+00,5.835925056598303406e-01,4.874927454191780640e+00
4.650859496392532932e+00,4.283340093911032653e+00,2.234866487945465607e+00,6.104525023905669201e+00,4.769341483634645940e-01,5.584390738070256432e+00
0.000000000000000000e+00,0.000000000000000000e+00,0.000000000000000000e+00,0.000000000000000000e+00,0.000000000000000000e+00,0.000000000000000000e+00
4.019521168405901790e-01,5.340119561109743174e+00,3.772163151672216941e+00,2.624356328436555863e+00,4.622199334351808631e-01,2.684115668997165027e+00
3.761952760259942075e+00,2.867989562515258051e+00,6.021246077447772294e+00,4.914912015823315272e+00,1.412258802166557192e+00,3.738366313539939423e+00
5.799286537790020901e+00,4.099092978275185040e+00,5.531498539943179971e+00,5.761124259772870460e+00,2.161506268755128080e+00,3.884444210855464874e+00
2.494016257788250535e+00,6.333572339788133831e+00,6.081504214705400813e+00,5.225176104498137519e+00,1.141961584975264010e+00,5.612816339796160570e+00
5.019787111789415945e+00,3.202466374773635494e+00,5.414981813309892367e+00,3.011785613257390359e+00,2.629456232455521736e+00,4.946569027786970274e+00
4.538874591779272549e+00,4.473544265172172629e+00,5.742129822179609100e+00,2.872801662641218279e+00,4.319280543981927067e+00,4.476694562104277075e+00
3.429637419495063178e+00,1.677328947316600205e+00,2.217114931160875990e+00,3.371789025018667729e-01,7.641591534377510264e+00,6.577800411502336075e+00
3.569170415029239152e-01,2.023755249262706002e+00,4.510155050158751067e+00,1.069401529434315545e+00,7.553004960303180582e+00,1.688922477624529073e+00
2.393446897377163207e+00,1.828550070813201200e+00,4.028811676567052302e+00,3.570978387851280189e+00,4.257911009284455872e+00,4.818812195959545797e+00
9.164803554795630802e-02,3.515379972767893157e+00,5.015309888393823634e+00,3.378873737395883481e+00,5.039269253358911627e+00,5.024095422215874684e+00
3.022147224210958161e+00,3.052807619849253751e+00,6.767348547023599004e+00,6.723320188715881329e+00,3.018202853262127228e+00,3.669429133590402792e+00
4.104703263343576047e+00,5.875587061273357392e-02,7.155419753377099568e+00,8.098988512350921098e+00,1.133213245484307130e+00,4.158986248510084138e+00
0.000000000000000000e+00,0.000000000000000000e+00,0.000000000000000000e+00,0.000000000000000000e+00,0.000000000000000000e+00,0.000000000000000000e+00
2.506736324390844484e+00,2.317922637492296101e+00,5.495307831550014122e+00,5.933962996044167326e+00,2.220022504042518108e-01,4.471230675914124930e+00
3.225429295439117716e+00,4.523210474578366558e+00,6.738120062655623244e+00,6.182477492915600337e+00,6.493061057473381581e-01,3.187318312346028026e+00
3.196480162305581629e+00,4.121945597180793897e+00,4.547581741658324184e+00,6.260569951105892095e+00,1.530205444198710296e+00,4.611936237156539775e+00
1.907863952725836976e+00,3.351324649695746061e+00,5.029972918936095105e+00,5.344804987657444606e+00,1.853522302061003657e-01,4.436581931328779760e+00
1.383769519808678128e+00,4.919878299245998399e+00,5.421594417056837756e+00,5.453066488946761936e+00,4.075060085886823558e-01,6.258503381541133059e+00
4.750038627908512723e+00,2.038353796543087793e+00,4.825576413602193249e+00,4.463451235408498974e+00,2.402357430477992217e+00,2.549927060748951924e+00
9.433790459836262077e-01,4.028779045187000918e+00,3.930786513456591802e+00,3.487711123491422427e+00,3.695706345425213257e+00,4.292580704462556795e+00
3.083532999154393828e+00,2.775341365384654591e+00,5.060874355509882960e+00,3.696943961931910216e+00,3.686905733337515034e+00,4.422227729506268190e+00
1.129615787518720493e+00,1.527176196058122049e+00,4.387598726804666782e+00,3.571405677221378028e+00,4.340461100414473528e+00,3.457104457520419949e+00
