VR1,VR2,VR3,VR4,VR5,VR6
1.929056254310572260e+00,4.061951597651779267e+00,6.971617934744950951e+00,4.886638813004536175e+00,2.151249742620681360e+00,4.190483626018320251e+00
2.295174347409166149e+00,4.740815992288257341e+00,7.959932193928444200e+00,3.900715416197479080e+00,2.963856921009314416e+00,5.375216594072360188e+00
2.744039775347694832e+00,2.208858168394040700e+00,5.536606799013327418e+00,2.275264282436899155e+00,2.876461330559750618e+00,4.550339498770226143e+00
2.031806953788584558e+00,3.692101044583706582e+00,3.719358760555149246e+00,6.561087911701690700e+00,2.354131828392045822e+00,4.425120055294554433e+00
3.131298207588471882e+00,5.449967296793079008e-01,3.012266770270283445e+00,2.282938499609998839e+00,4.391476738813031133e+00,3.142130947306831068e+00
3.625290417499706486e+00,1.207691339616262738e+00,5.848984493993809153e+00,4.992921751119288487e+00,3.344200928175653509e+00,3.743592011641682316e+00
3.169563444985096456e+00,3.877783135411901227e+00,3.110274321252103569e+00,3.796349661921913921e+00,7.747050533760186930e-01,1.462186148991293511e+00
4.564334483787895635e+00,5.437330327771969785e+00,5.345681732335319403e+00,5.570363069621856233e+00,6.549353910127519995e-01,5.724180312853267338e+00
4.776142808326412137e+00,2.229286345001236569e+00,6.121466208286055810e+00,5.222804989813554677e+00,2.386863726040200362e+00,4.063577585421191962e+00
3.879195106213762845e+00,1.801832690456423025e+00,4.708862221602745812e+00,2.531166489374766293e+00,4.550034983162355218e+00,4.649074217887497085e+00
6.701134069792178405e-01,5.572704959603766994e-01,3.350664660987662025e+00,1.248736191548084129e+00,5.761311296361717460e+00,4.991806165303497522e+00
1.172271273753075604e+00,1.504630320487231110e+00,4.892208858974693264e+00,3.031727913331031310e+00,5.667294591732874309e+00,5.922319896440209952e+00
1.715654387015890237e+00,2.196622433887271963e+00,5.572485449283244741e+00,4.888119001415836884e+00,5.754180892367931399e+00,6.334220583641030800e+00
2.018889593314283637e-01,2.433659098473589744e+00,5.588909388272759848e+00,2.219823740121546152e+00,6.840094267419429386e+00,5.985404743895721857e+00
3.038158241661966130e+00,3.541854490373216535e+00,8.166441320239067991e+00,4.201335712549478352e+00,3.765097675133059152e+00,6.485227160460700802e+00
9.593857139376318344e-01,2.397500960043614793e+00,5.142134053109930214e+00,5.793747589147404398e-01,5.683641801995376497e+00,8.158299632812090252e+00
0.000000000000000000e+00,0.000000000000000000e+00,0.000000000000000000e+00,0.000000000000000000e+00,0.000000000000000000e+00,0.000000000000000000e+00
3.293500687365170876e+00,3.557970850016519471e+00,1.406735135517329205e+00,5.976067068752612954e+00,4.576710934527279839e+00,1.141940845154040929e+00
2.061749696582437785e+00,2.604286044704938519e+00,2.996124860708547111e+00,4.845235414250851136e+00,4.081050351731558834e+00,1.781508850806410305e+00
3.293766233767122298e+00,3.058254919889543899e+00,5.996280021599004861e+00,2.971647042506504910e+00,3.487945895365990090e+00,2.234566103264545411e+00
0.000000000000000000e+00,0.000000000000000000e+00,0.000000000000000000e+00,0.000000000000000000e+00,0.000000000000000000e+00,0.000000000000000000e+00
3.177052385269623969e+00,3.060263361089527567e+00,5.458986992721446718e+00,6.703761770269434095e+00,3.425552175672275101e+00,2.229948433466165003e+00
1.716779701925476687e+00,3.043314271501091905e+00,2.359439582992193252e+00,2.517747936913252715e+00,2.729074626347518073e+00,4.141639939662934644e+00
3.493599881639575244e-02,1.081382003257917557e+00,6.810816114174980562e+00,4.762606020366457749e+00,2.079075916366899257e+00,2.319327448308212691e+00
1.547741826538598708e+00,2.680165867542195102e+00,4.448390291200006175e+00,1.620955953863508547e+00,7.756862906434909277e-01,2.605597561243875759e+00
1.386424908798674860e+00,4.103779733577163746e+00,1.535091812874851858e+00,3.925170710523810946e+00,5.756902519776563310e-02,2.352051383843975607e+00
1.424802581555262071e+00,5.172046078546419068e+00,5.779788275294449384e+00,5.070169238644036014e+00,5.337848815237578037e-02,4.638398066203299308e+00
2.250244403024995954e+00,2.487830176336814247e+00,7.624930176278470029e+00,2.317697997804069043e+00,2.823722532484332248e+00,4.095128584391062532e+00
1.863168942594351618e+00,4.094283225971893536e+00,5.603661848482096808e+00,2.997760639085647494e+00,1.420777564918528579e+00,4.691166170358519238e+00
2.491695822445406883e+00,4.468684576882001380e+00,7.587262738935626416e+00,3.848725854804841529e+00,1.413584174405710048e+00,7.026384846133856499e+00
0.000000000000000000e+00,0.000000000000000000e+00,0.000000000000000000e+00,0.000000000000000000e+00,0.000000000000000000e+00,0.000000000000000000e+00
0.000000000000000000e+00,0.000000000000000000e+00,0.000000000000000000e+00,0.000000000000000000e+00,0.000000000000000000e+00,0.000000000000000000e+00
0.000000000000000000e+00,0.000000000000000000e+00,0.000000000000000000e+00,0.000000000000000000e+00,0.000000000000000000e+00,0.000000000000000000e+00
6.655291074469864565e-01,4.578257850707846188e+00,5.765168786091916076e+00,4.956602005776404418e+00,1.716997689232389934e+00,4.780469821660492613e+00
2.410297774893563449e+00,4.296367497450366280e+00,5.299560186838541576e+00,4.059440346899272356e+00,4.834504767031062578e+00,6.009832450047035479e+00
2.290522615555838470e+00,1.706776351391199542e+00,4.830801897835921288e+00,3.154646799264919643e+00,6.644136818566327207e+00,3.692991742195227634e+00
3.234388288693355484e+00,2.637987565824233993e+00,1.877332097591827509e+00,2.537547772971286530e+00,4.326034485363587478e+00,1.339992047391269203e+00
1.668268431914746497e+00,3.006868917004503317e+00,2.238626710052393776e+00,4.885815788569987994e+00,2.571121025501463819e+00,1.544235098950790253e+00
1.733039426293933039e+00,3.633857142576996324e+00,7.802490903451626991e+00,5.151855188021707832e+00,9.312803991152414085e-01,3.973593349815882192e+00
3.617588182967846233e+00,1.864426917969034259e+00,7.326934365513887215e+00,2.827486944077368669e+00,1.253608902002499192e+00,1.744128845523267746e+00
5.333135488936566304e+00,3.957090004187742593e+00,6.340409932334416965e+00,8.975771256526310360e-01,2.821024003525977264e+00,4.929555559362219341e+00
4.330500107935506549e+00,1.980076765968116881e+00,5.869807293766259093e+00,1.292742380345992981e+00,3.672321495079971854e+00,5.225469050211644984e+00
2.214241090372700338e+00,4.259401863541998345e-01,4.890422504285178107e+00,2.961710770460978637e+00,3.688054280520620232e+00,5.341565724082435906e+00
2.635354065444316607e+00,3.112045609189998618e+00,4.205474481778607831e+00,3.702252954905452142e+00,5.725431983066080477e+00,2.602413997794370992e+00
4.084388447735864069e+00,5.367137733746067951e+00,4.172994169146075016e+00,5.564152854852133956e+00,4.521876286097726627e+00,2.483250832243830253e+00
1.925323316276039476e+00,4.082373960015992509e+00,6.819966526786916283e+00,7.438609446735449993e+00,2.114142956514270200e+00,4.535288207129481108e+00
1.130802582186380523e+00,4.553398736906013156e+00,3.278806115222068662e+00,5.203402555851109668e+00,5.505097705147363740e-01,3.493354299582577482e+00
1.061335763107406738e+00,2.825269643286000054e+00,4.148723898381142305e+00,4.037088094995492149e+00,1.754899014735414431e+00,4.454606818740706409e+00
0.000000000000000000e+00,0.000000000000000000e+00,0.000000000000000000e+00,0.000000000000000000e+00,0.000000000000000000e+00,0.000000000000000000e+00
0.000000000000000000e+00,0.000000000000000000e+00,0.000000000000000000e+00,0.000000000000000000e+00,0.000000000000000000e+00,0.000000000000000000e+00
0.000000000000000000e+00,0.000000000000000000e+00,0.000000000000000000e+00,0.000000000000000000e+00,0.000000000000000000e+00,0.000000000000000000e+00
8.783566156982538509e-01,2.660823005818011566e+00,4.923722626818846315e+00,5.172097962165111085e+00,7.818278607516617740e-01,9.307346116820705006e-01
2.708826719272789951e-01,1.504512930204913612e+00,3.767358624316157201e+00,3.376525248720062322e+00,1.057523922168830399e+00,2.201874339432929872e-01
2.330893909449738288e-03,3.345987397511868355e+00,3.183008656917460932e+00,4.000243537296369389e+00,1.579195868284680504e+00,1.949841186236851875e+00
5.399915048800487671e-01,4.011161135690203494e+00,5.363510357917401272e+00,5.359269603811434024e+00,4.459136776558784376e+00,4.656456199553907105e+00
0.000000000000000000e+00,0.000000000000000000e+00,0.000000000000000000e+00,0.000000000000000000e+00,0.000000000000000000e+00,0.000000000000000000e+00
2.580928275601861888e+00,2.009678140962189552e+00,4.339280569159424061e+00,4.299457101650783208e+00,3.639783301440248753e+00,2.965441346405447653e+00
4.223721681491589663e+00,2.717642657758382985e+00,2.439005888974736802e+00,4.386420223287619713e+00,3.007558739008155069e+00,3.077863282994511174e+00
3.308674361119060769e+00,4.476412013488438646e+00,6.964520810382371252e+00,5.011179907737389527e+00,4.944949990036299425e+00,4.404193212372098820e+00
8.044657711998774996e-01,2.763811016784983643e+00,3.487455762572883700e+00,6.030858320227574509e+00,4.959995942886241238e+00,3.824846791436113946e+00
1.350055230292380282e+00,5.950240746566710648e-01,6.168243829417153989e+00,5.679383701404862705e+00,4.768641273855267926e+00,2.723082295997520497e+00
2.277608071951311430e+00,3.596065147214772661e+00,1.448190749071305738e+00,5.844681186836715447e+00,3.739401348100045208e+00,2.053991792313755838e+00
1.826500232411304436e+00,5.297551668394881119e+00,4.313018981404908914e+00,5.285510078529862987e+00,2.764793035824279599e+00,1.284507477073280057e+00
2.955327800274079042e+00,6.373796547196842965e+00,6.054574669175402768e+00,6.288166347323208782e+00,7.946882215608752631e-01,2.088785346147597366e+00
1.520936110812632247e+00,2.605509853575950441e+00,5.571710932414853268e+00,4.337430181620266723e+00,1.594903826142851422e+00,3.114769785520843826e+00
4.267813625905105823e+00,4.905012640263996637e+00,5.277953405288868360e+00,5.445283280879749555e+00,3.251418854413780757e+00,4.425905309375733232e+00
3.942020227563471479e+00,2.679569274652398025e+00,4.301637594507673690e+00,3.266779309284660648e+00,4.793638414805338144e+00,1.982640552407714196e+00
1.539808735241601223e+00,5.514143921984677732e+00,5.464014995402248331e+00,5.655326574694635511e+00,4.509558493512165533e+00,2.630700887555338596e+00
1.594242889533445728e+00,2.172267968622262124e+00,7.545582451733936047e+00,5.991655667245582073e+00,4.380836395583335374e+00,4.933713972857471930e+00
1.390284255992512374e+00,2.818829004265245519e+00,5.873931485164055388e+00,2.639398761281617656e+00,3.807776904123832296e+00,3.927326181694648088e+00
5.642909028258104698e+00,5.771769939177099573e+00,6.386809071863527976e+00,3.140529466854768081e+00,4.057793202347543371e+00,5.704356830243497711e+00
0.000000000000000000e+00,0.000000000000000000e+00,0.000000000000000000e+00,0.000000000000000000e+00,0.000000000000000000e+00,0.000000000000000000e+00
2.468068629286711779e+00,1.110580124959258175e+00,4.997663040435189608e+00,2.814296505759004141e+00,2.494594267181386105e+00,4.993023090196986757e+00
3.458120652703734699e+00,4.189725924790652201e+00,6.490019346685963697e+00,3.526232598069109159e+00,3.856759426710214989e+00,4.877777671919442781e+00
2.671462987784992471e+00,2.782196255883040426e+00,9.840464602466321153e+00,3.723817811983374249e+00,1.912397347127525293e+00,5.406945633028927389e+00
