VR1,VR2,VR3,VR4,VR5,VR6
3.984428367604178511e+00,3.292400740278030202e+00,5.101977342283204209e+00,5.272364504976359001e+00,4.204170161763286728e+00,5.618772947597244105e+00
6.115760841424182637e-01,1.844615305440829411e+00,4.263370376312383137e+00,3.385118589868404637e+00,2.249238157140692973e+00,4.113586877038789780e+00
4.292572789532752786e+00,3.734949181293190090e+00,6.411481355170624674e+00,6.394941617054200833e+00,3.674025736431743905e+00,5.651918405170948567e+00
1.119588812552231749e+00,3.130405214391094315e+00,5.101771185877221448e+00,5.981438933043143891e+00,4.514127094505456128e+00,6.112146045741673639e+00
1.593912357499455812e+00,3.297996221863155775e+00,4.246539379295918515e+00,4.242533080286746028e+00,2.358018746522874576e+00,4.409475541556084011e+00
3.666322599859241027e+00,4.058473570773286632e+00,4.312200197006228919e+00,5.625855426813830107e+00,5.349462767381286454e+00,5.505612054080052609e+00
1.292812129149976785e+00,2.374010876252655500e+00,1.910184527481263217e+00,2.632967600643753681e+00,2.064194594783699710e+00,4.314235077903089355e+00
2.279158307560078089e+00,2.345430276299835803e+00,4.514149879631574436e+00,3.498543988015791140e+00,2.568202689053958210e+00,4.534081329949155581e+00
2.387304566762734392e+00,3.245255559645946253e+00,5.574213706002555391e+00,2.776001091390150499e+00,3.316454497057473194e+00,3.989640028338351740e+00
2.088051223290308123e+00,1.721880190668046762e+00,5.364074475529446495e+00,3.247561828761864611e+00,2.185491106937515582e+00,3.067476301073857048e+00
2.175302703523324332e+00,2.988770651020048241e+00,7.628533375644316550e+00,4.611876728192441988e+00,3.770404906014452884e+00,4.226091733835254161e+00
2.937446139154796132e+00,3.624069969918004119e+00,4.774663319863066135e+00,3.558216642323991596e+00,3.021629554514945859e+00,3.629929606290041466e+00
4.799630366857260633e+00,4.109281939548148799e+00,3.054924813534397821e+00,1.987701921083781631e+00,2.952881716110967503e+00,3.845964171510154017e+00
4.649801528038104870e+00,2.929608467275976125e+00,5.257139456267336364e+00,3.502137246959766692e+00,2.940569559945284350e+00,4.201706980708902250e+00
1.421021925970414435e+00,4.628535758660184740e+00,5.549042251926160851e+00,5.906706827527465897e+00,6.819920720006532378e+00,5.839708779098618407e+00
1.497407192485879834e+00,1.348051077536969844e+00,3.597355329025108794e+00,2.749090654980075765e+00,4.927280425995679281e-01,3.346146532820995834e+00
4.461135112646879008e+00,3.115056124863339715e+00,6.480885082202309633e+00,4.455584529466566579e+00,5.315279761548587167e+00,6.114672964277891865e+00
2.125810462651375854e+00,4.639648247894916366e+00,5.843870504386091902e+00,3.986504493142080108e+00,3.486257555451766965e+00,3.396367691362588204e+00
0.000000000000000000e+00,0.000000000000000000e+00,0.000000000000000000e+00,0.000000000000000000e+00,0.000000000000000000e+00,0.000000000000000000e+00
3.660549610384466135e+00,4.120381176684631441e+00,6.154260634561020460e+00,4.169462208041828433e+00,4.950205194807169029e+00,2.845495142590206861e+00
3.859726941358813779e+00,4.079516653672683013e+00,4.960524663070253304e+00,4.327741858158018928e+00,2.569293866105177404e+00,1.874512706172219545e+00
2.550136931374748617e+00,2.851051905264706754e+00,5.380136658844745234e+00,5.176580189420180389e+00,2.757838389657126577e+00,4.172921954881357642e+00
1.430756766051151985e+00,6.861681535593220360e-01,5.109781809928865215e+00,5.236813517629765435e+00,3.203464424872594751e+00,5.468904792182167185e+00
3.373337098466953954e+00,2.264159548287485446e+00,7.182551244515246402e+00,6.409816009156639183e+00,5.764111325917960826e+00,6.786021415179321892e+00
2.589601416149501123e+00,1.649075748462832447e+00,5.122559878981280512e+00,2.988489519910522141e+00,7.311021991851585078e-01,2.479848997796565868e+00
1.729796608056227925e+00,3.744281296036262141e+00,6.427636173071808123e+00,6.913199724567660631e+00,5.522655616756336983e+00,3.513056806959144573e+00
2.588748045152338584e+00,1.246584404615546982e+00,3.489407278632851384e+00,5.198998387077905292e+00,4.059654154409258808e+00,5.359715172000980132e+00
4.837157661442625489e+00,3.005542919928019252e+00,5.994051735613362908e+00,7.274588516120736870e+00,3.854572425300877736e+00,6.498693604322381745e+00
3.718083767322700073e+00,4.786465406955789703e+00,6.156267741317879683e+00,6.197401251545630707e+00,2.938202387188595832e+00,6.141247792587980925e+00
2.847632243505657357e+00,3.386598027679154743e+00,2.602833790395172819e+00,4.339194416615417715e+00,1.276916192826928143e+00,3.091265801177280892e+00
5.006528820559067228e+00,5.005429920920567710e+00,7.323976234814638886e+00,5.650132441747433454e+00,2.924241805658010840e+00,3.635567964371743344e+00
2.697237227968994233e+00,4.267162127962992990e+00,5.366940843292886676e+00,5.791764415782841624e+00,4.931752315601045211e+00,3.986784899915774449e+00
2.815142860084125953e+00,2.701005018124649215e+00,4.447980263257743871e+00,3.845732617615648774e+00,2.869284130249186493e+00,2.992972858645265077e+00
2.866190693186970062e+00,2.286675845076161728e+00,5.564495692614548794e+00,3.141024476022864942e+00,3.150197287789228362e+00,5.253536048689870341e+00
1.143495891709713774e+00,1.243980105068807518e+00,4.281602484407110332e+00,3.868021854415102823e+00,3.997492602512080495e+00,4.908556882195709292e+00
0.000000000000000000e+00,0.000000000000000000e+00,0.000000000000000000e+00,0.000000000000000000e+00,0.000000000000000000e+00,0.000000000000000000e+00
1.778638276879457081e+00,9.926665755966808113e-01,6.193147607263031595e+00,6.691848110886132517e+00,4.163432822410833012e+00,7.682559949970977797e+00
1.248923206000932540e+00,1.232260840363719190e-01,4.922165417621142680e+00,5.043066092654834520e+00,2.732096701821751683e+00,6.867728069947343528e+00
4.309125533905431737e+00,3.588806964599087657e+00,4.789784305260829989e+00,5.198054138377720790e+00,1.861992214135570700e+00,6.893339037241528189e+00
5.940706132065942668e-02,2.333725085692281098e+00,3.765311410310951068e+00,3.806642490649150279e+00,3.678332684756662196e+00,4.903818596978077871e+00
2.911456005894551335e+00,3.637356548981425242e+00,2.799362621567921483e+00,1.660599794670113649e+00,3.198650187218309959e+00,4.152521498842775216e+00
3.624736169576258327e+00,2.344926771994580328e+00,4.849367819003973956e+00,3.162759130091832738e+00,1.320792670628166077e+00,4.127441180001853560e+00
2.711223529130623700e+00,3.944919041692393158e+00,6.701711335925541135e+00,4.388360391351425527e+00,4.154775927801043878e+00,3.402294483843586903e+00
3.252805612255784240e+00,3.360262710845087764e+00,5.604475664538337121e+00,4.025974404527072004e+00,2.278080463166293868e+00,2.049361624380785507e+00
9.751720152613136960e-01,2.784360645581627658e+00,4.588796028040559527e+00,3.367759950297127602e+00,1.876765415835694562e+00,3.390742908452597959e+00
1.555730597338144561e+00,1.082536694037697700e+00,4.018828475144013090e+00,1.895696447821609176e+00,1.574288451229344910e+00,2.411028709983702445e+00
2.787458641684477545e+00,3.924832257106241062e+00,5.067484030339766576e+00,3.861210830147321804e+00,2.530616132820660003e+00,3.239409246474210136e+00
3.548407445713382735e+00,4.211535103409555170e+00,4.320568179396606645e+00,3.498946571857893151e+00,3.748357592583506204e+00,2.943013328483502722e+00
2.575002869329482635e+00,4.397756661055068683e+00,4.499335433090721814e+00,4.575275715866217396e+00,5.303831177794926965e+00,6.184099011452101280e+00
1.643240022805345646e+00,3.564846073440905982e+00,4.767341477266429983e+00,4.552409503240447464e+00,2.538260635551944588e+00,4.223294902211701896e+00
2.555110647884145436e+00,3.469732273055985861e+00,6.970341416412086488e+00,5.453907581222192213e+00,4.418926671229916003e+00,3.199653824098333210e+00
3.975204954115771905e-01,2.006557617211788269e+00,6.362299626258454133e+00,5.699975314117815550e+00,4.609138764445717129e+00,5.859618444656915059e+00
3.506689660076665049e+00,1.829405518567064348e+00,3.808271328707271586e+00,5.623706665074290179e+00,1.542486039233015305e+00,5.931120716477119359e+00
1.934386107525600362e+00,2.756152979047376217e+00,5.049772733939144054e+00,6.029313803403423933e+00,2.759450719584162659e+00,4.840658528031546837e+00
1.905628960679158768e+00,3.015350577070512017e+00,5.323227693673397098e+00,5.718012156229672627e+00,2.845649240836102489e+00,3.644387221294702606e+00
5.484916193160827014e-01,5.932059977077517310e-01,3.976600335913574646e+00,4.211224489990778252e+00,4.674351639206103748e+00,5.907711590788255585e+00
2.347975995106768021e+00,1.655233006356838565e+00,5.451767818297649448e+00,3.648049453478507953e+00,3.183663057107916305e+00,5.500158769144653625e+00
3.599362180397170263e+00,1.252009969502664966e+00,2.795652322306592552e+00,2.372384973890317550e+00,1.076864540717020535e+00,3.946274362909555133e+00
2.758386591179834202e+00,1.906833695258125072e+00,1.924499178259583054e+00,3.527431841634089071e+00,2.851925496935217463e+00,3.049044412215906164e+00
3.411094908150476446e+00,4.078687011479830815e+00,7.149564926405197696e+00,5.573331247913323239e+00,4.695192735417613505e+00,4.313804328049722692e+00
2.637724672436907891e+00,5.072198814938010614e+00,5.605743184535777246e+00,4.958778656901579041e+00,2.937494426575467443e+00,2.693889461596324253e+00
1.330260805542270219e+00,3.857309884767814445e+00,4.885352159591520582e+00,5.124982706495588403e+00,3.690050898293977255e+00,5.989564694058099548e+00
1.436892800258954717e+00,1.834567312671302908e+00,4.273613170826713770e+00,3.378706858218404996e+00,4.747080034476958588e+00,6.164616499597255661e+00
2.249715452093053791e+00,2.565034665278509429e+00,3.504041448902226907e+00,3.160833379096268825e+00,1.681363387006341581e+00,5.759048545895565141e+00
2.085165705308626105e+00,3.055407540468719318e+00,3.346476980621333031e+00,4.021569890409703696e+00,2.071331973836277207e+00,5.144455448439842371e+00
2.640017136118999019e+00,2.065511649739900868e+00,2.862611061452038363e+00,3.432034885909327926e+00,1.167994037901104676e+00,3.873404654893296328e+00
3.090694777122019232e+00,1.370380236947591923e+00,2.334915807953080513e+00,3.729078563682053815e+00,2.019573396712481816e+00,5.234581012390916221e+00
2.951064987209887747e+00,2.292878008682983193e+00,4.338181704274147066e+00,4.579230785217243138e+00,4.962292145992222459e+00,7.504027154862090043e+00
3.031651307021671293e+00,4.153779798814190904e+00,5.706655792594693466e+00,4.406726204443591755e+00,4.027021003952306444e+00,5.327510035093868446e+00
0.000000000000000000e+00,0.000000000000000000e+00,0.000000000000000000e+00,0.000000000000000000e+00,0.000000000000000000e+00,0.000000000000000000e+00
3.202449287947826129e+00,1.838331083653436337e+00,3.596509045282515249e+00,4.531461948207526902e+00,5.075349095766310548e+00,5.911255521162697590e+00
1.343732610058681942e+00,2.747269391692999108e+00,6.215159466192316629e+00,3.482107272383085927e+00,4.228063108099309630e+00,5.997968753388652097e+00
2.021892810271835650e+00,5.443090673096950383e+00,4.732835603978024608e+00,4.361465383229251813e+00,3.785482707556657278e+00,3.873871581155335253e+00
2.367204887807671021e+00,5.957291391866719188e+00,4.783949934278350469e+00,4.197514023430326091e+00,3.256681661330766087e+00,1.369400499796938675e+00
1.794445070870524184e+00,3.797217580294166339e+00,4.784106620733001414e+00,4.963874895994004888e+00,3.536712396467641017e+00,4.025612941260306776e+00
