VR1,VR2,VR3,VR4,VR5,VR6
2.073845493652347383e+00,2.434509922397736226e+00,5.806951129027005720e+00,4.913258755754513984e+00,2.712925782988547141e+00,4.715718760098387641e+00
2.705459684154399191e+00,3.919399393248172991e+00,7.392705656560978333e+00,3.909098021245335453e+00,2.306322783671498566e+00,5.171591823219306328e+00
4.993247377575144696e+00,3.042041270330513303e+00,3.297987379776332162e+00,3.487552961920768357e+00,2.229077329336273117e+00,5.999131104760097699e+00
4.824441398498756861e+00,1.094257483123072916e+00,7.031441381438429339e+00,4.560711346959171131e+00,4.390675702815594938e+00,5.258071135408609820e+00
4.074921832960695767e+00,5.553606572667318275e+00,6.545396307792136881e+00,6.228222590548982751e+00,4.286065559368833711e+00,7.507476470326910345e-01
2.928967013659491414e+00,2.330250042638939867e+00,4.358415871514425888e+00,4.347961908073804338e+00,3.002802883933434419e+00,1.008691475752658828e+00
4.083254633441585568e+00,3.611635820932729501e+00,3.191951926408639117e+00,4.296918457739971942e+00,4.307447422264608861e+00,4.033769043023811562e-01
4.060482831302953954e+00,3.349919348864690782e+00,4.975898894473192335e+00,5.712709750368322403e+00,1.553847004852114910e+00,1.326063053448836015e-01
4.715176613910511350e+00,4.844710102614442349e+00,4.113150587407433001e+00,5.805593882831312946e+00,2.393053504924553376e+00,1.696959917713645183e-01
0.000000000000000000e+00,0.000000000000000000e+00,0.000000000000000000e+00,0.000000000000000000e+00,0.000000000000000000e+00,0.000000000000000000e+00
0.000000000000000000e+00,0.000000000000000000e+00,0.000000000000000000e+00,0.000000000000000000e+00,0.000000000000000000e+00,0.000000000000000000e+00
0.000000000000000000e+00,0.000000000000000000e+00,0.000000000000000000e+00,0.000000000000000000e+00,0.000000000000000000e+00,0.000000000000000000e+00
0.000000000000000000e+00,0.000000000000000000e+00,0.000000000000000000e+00,0.000000000000000000e+00,0.000000000000000000e+00,0.000000000000000000e+00
1.669526542197430130e+00,1.595958612386648268e+00,4.171735228763337133e+00,4.901673483381375540e+00,4.556298571900272876e+00,5.776198498826608407e+00
2.609439194736440371e-02,4.756797434875721819e+00,4.103929612469595867e+00,4.311579289852440766e+00,4.540681913476381837e+00,4.489887557791744754e+00
0.000000000000000000e+00,0.000000000000000000e+00,0.000000000000000000e+00,0.000000000000000000e+00,0.000000000000000000e+00,0.000000000000000000e+00
0.000000000000000000e+00,0.000000000000000000e+00,0.000000000000000000e+00,0.000000000000000000e+00,0.000000000000000000e+00,0.000000000000000000e+00
0.000000000000000000e+00,0.000000000000000000e+00,0.000000000000000000e+00,0.000000000000000000e+00,0.000000000000000000e+00,0.000000000000000000e+00
1.604745323471867824e+00,2.119339544158435729e+00,5.965093897001697343e+00,3.498152955405025910e+00,3.846426234086506302e+00,7.435391804532826221e+00
1.428427684971329992e+00,8.446868052631950619e-02,6.708086259151440522e+00,4.164022882424103678e+00,2.852102178476846550e+00,6.646057016109699234e+00
1.981229908315320642e+00,5.020827970690975306e-01,4.900524817968198832e+00,2.601417552035277581e+00,7.936154331789007088e-01,5.659135850107283261e+00
3.911025942253895327e+00,2.388776013794042807e+00,3.473028085802855713e+00,5.339208759962328799e+00,1.753483066248773259e+00,5.082545313268864717e+00
3.433573120364525888e+00,5.269972527664648965e+00,4.319607965158632545e+00,5.690334893790993220e+00,1.582938084253870059e+00,3.461380868071503247e+00
1.968815877660101021e+00,3.193854572950874271e+00,5.995220642357727669e+00,4.823278238055845435e+00,3.703477191935050428e+00,1.173366091585720028e+00
3.381240211064964196e+00,2.440608044226537210e+00,4.495342608912528348e+00,2.976380570943060633e+00,5.460716033467791775e+00,1.106349196903247289e+00
1.820018354836570929e+00,6.284687550144321122e-01,4.791654541133874901e+00,3.715402476589903635e+00,5.937981550460956548e+00,4.581902313033245910e+00
0.000000000000000000e+00,0.000000000000000000e+00,0.000000000000000000e+00,0.000000000000000000e+00,0.000000000000000000e+00,0.000000000000000000e+00
1.014004914279490244e+00,1.745053731692937760e+00,7.732177502755637200e+00,1.622128383591332046e+00,1.958350726064075786e+00,6.803467800695765177e+00
2.283660642363789073e+00,9.399519859725868898e-02,6.764855354513077401e+00,1.768981979436385910e+00,3.356178456073422911e+00,9.238903723621818997e+00
4.256401222660065820e+00,1.482489926404844560e+00,5.101574176766232149e+00,4.387757479450743681e+00,5.152090348446166423e+00,8.793352997724978692e+00
3.152889134779379265e+00,1.812254053859516212e+00,6.284398774756506434e+00,3.295318416930532734e+00,5.149723124832005894e+00,7.739737317807733774e+00
1.384157400917043201e+00,2.737106562038951640e+00,5.212639489200467935e+00,2.442293479649562116e+00,4.519250444031372993e+00,7.406667452455462097e+00
1.775744191472477418e+00,1.534127949865429663e+00,6.184750301240732995e+00,2.955744536504435249e+00,3.488293206877080443e+00,7.640736625212200650e+00
3.072202838664289892e+00,2.161318879240326396e+00,6.838834824090174180e+00,4.528849656595918205e+00,2.919705529109679176e+00,7.691730811027644776e+00
2.985721997574934061e+00,1.721599148842837934e+00,5.400246394105741921e+00,3.323223068610878350e+00,2.549008246380947806e+00,6.976850765880975302e+00
3.970010109275053267e+00,2.889461684443954237e+00,5.273420897644200522e+00,6.212920294954987099e+00,2.759421165932393283e+00,5.886736493512589874e+00
3.907962366377900398e+00,4.069397731188965750e+00,5.445631027098767341e+00,3.910074757434367498e+00,2.598650524102525949e+00,6.627644068418980794e-01
4.178612219407628281e+00,4.805182924525214005e+00,3.631246666059386285e+00,3.955118640630777893e+00,3.442062869701889571e+00,1.820645387589549191e+00
0.000000000000000000e+00,0.000000000000000000e+00,0.000000000000000000e+00,0.000000000000000000e+00,0.000000000000000000e+00,0.000000000000000000e+00
1.916190886827123574e+00,4.324555389450353005e+00,4.428884059318621169e+00,4.589106671117340497e+00,5.157284766176154278e+00,2.820426218930646822e+00
1.737218264214058783e+00,4.823436985787404652e+00,3.305730930474765294e+00,3.634489426315726579e+00,4.071567349519296108e+00,1.490727870096537622e+00
3.303963430128200152e+00,2.156535535934785308e+00,4.275559155569089498e+00,2.956009127640318201e+00,4.576652290051587357e+00,2.764494536620486720e+00
2.413520087999445618e+00,4.540371266699872344e+00,4.770535073251181757e+00,5.099796849363825046e+00,3.614790075627089649e+00,3.908181766666327217e+00
3.484017501652423743e+00,4.309919545575459310e+00,6.602443022245875426e+00,5.439690111120582650e+00,3.987708006617707301e+00,2.143575026252021676e+00
2.777171970649143340e+00,4.756540481307231616e+00,4.317884851887383135e+00,7.505757214382871467e+00,3.428355325207340876e+00,1.212875740544607339e+00
1.388309821901889007e+00,5.156802206757989282e+00,5.880789967216903946e+00,4.752257516701033246e+00,2.701452961586201518e+00,6.823471841595449838e-01
2.443598877604495900e+00,4.578987901601354160e+00,5.590817707960764160e+00,2.913429160935103734e+00,4.127128747316894497e+00,6.270855817610176963e-01
2.989515643734359074e+00,2.132570227381684891e+00,4.513623226314019909e+00,2.846915520408127342e+00,3.505832779415652301e+00,3.373304796107366776e+00
3.773095609365637593e+00,2.048704660684093515e+00,4.434688678360497072e+00,3.796320391404645722e+00,2.406273586380956786e+00,4.960560366558190104e+00
2.525639789007658287e+00,2.953012455119412127e+00,5.811713296976017240e+00,5.878410850906991669e+00,2.962589631800324863e+00,6.038560132209474851e+00
4.833873695188817265e+00,2.803657581505194507e+00,5.971969648338842696e+00,4.740161449233581514e+00,2.247982413712117378e+00,4.281931891456567385e+00
4.800465493579148202e+00,2.881024893662241126e+00,3.010696366464157059e+00,5.214417108216748531e+00,4.879587348175705053e+00,1.806784488233326158e+00
3.939320663849262161e+00,2.486392557844396389e+00,6.868633763849104845e+00,4.416403041429144416e+00,5.116403868474646899e+00,2.241443322664518512e+00
1.574982073801135085e+00,2.243934907994383998e+00,6.616763456363941032e+00,4.102632332020988315e+00,3.864982212496248515e+00,3.991557804905086826e+00
1.263921414313527780e+00,4.672772060842920183e-01,8.065940406472645208e+00,4.243379080261252767e+00,4.300006219047832090e+00,5.689870137343230994e+00
1.057257704491766592e+00,1.951261220762165793e+00,4.182938263410811430e+00,2.391300167867412174e+00,5.025618616683283690e+00,4.703117090696862235e+00
0.000000000000000000e+00,0.000000000000000000e+00,0.000000000000000000e+00,0.000000000000000000e+00,0.000000000000000000e+00,0.000000000000000000e+00
0.000000000000000000e+00,0.000000000000000000e+00,0.000000000000000000e+00,0.000000000000000000e+00,0.000000000000000000e+00,0.000000000000000000e+00
2.023436866764082964e+00,2.232129619765141459e+00,2.916501592923534947e+00,4.732374816982463095e+00,3.668702334670316034e+00,9.149049598244786807e+00
0.000000000000000000e+00,0.000000000000000000e+00,0.000000000000000000e+00,0.000000000000000000e+00,0.000000000000000000e+00,0.000000000000000000e+00
1.599075672284034910e+00,1.586343293019520484e+00,5.726124362747726515e+00,2.788929889372269155e+00,4.035412338548272082e+00,8.740445868707405808e+00
1.130057889891550538e+00,9.556817507847568116e-01,5.660070825912169035e+00,4.810505757737765897e+00,6.638635920948657620e+00,7.113083383434227969e+00
4.800129225789984133e-01,1.683290922539198542e+00,2.795447062641938540e+00,4.947163510680118392e+00,5.784922543824793983e+00,4.666175326747334040e+00
1.979071022514018008e+00,6.553242109474231469e+00,7.793644157957265506e+00,4.796803521558332228e+00,5.577728560744578346e+00,4.195147211753644356e+00
0.000000000000000000e+00,0.000000000000000000e+00,0.000000000000000000e+00,0.000000000000000000e+00,0.000000000000000000e+00,0.000000000000000000e+00
1.913352645646891670e+00,4.771460608982343032e+00,4.544875868407565633e+00,3.209603890992586805e+00,4.861319873270513625e+00,6.450340338612321034e+00
1.769694857219358042e+00,1.357081188108740566e+00,6.284440256103782652e+00,3.927707234522061608e+00,3.471956400373251483e+00,7.172211222964339328e+00
3.089108826932342566e+00,2.884182713281386423e+00,5.532944146961603415e+00,3.951918327539210463e+00,4.533579389803825244e+00,6.807122335840961824e+00
2.250620676778278817e+00,3.726960345933361118e-01,5.690409700194544840e+00,4.070117761491323982e+00,2.796385727424763434e+00,5.548239864416093070e+00
2.028174974857750890e+00,3.320839589719520202e+00,2.859828106734148889e+00,4.113790517320856210e+00,1.717151744820597292e+00,4.160265713675380006e+00
2.224292308301023979e+00,1.826948200054307581e+00,5.590857335732735578e+00,3.246226620357177239e+00,2.187938282307380078e+00,4.266860238734353494e+00
8.063606956915159163e-01,2.068742954534516620e+00,2.870659936456627648e+00,5.687394876271127053e+00,4.397449384212442247e+00,7.080764607535591892e+00
1.994368801327805585e+00,2.390171537994514761e+00,2.558571648841948765e+00,3.079454756386499348e+00,3.613371395847196244e+00,6.409649728289034343e+00
9.462966538830117624e-01,1.073431271139314136e+00,6.955639678675579418e+00,4.030435352314985842e+00,4.443985899088716884e+00,7.145669527097555651e+00
1.600591068856715093e+00,2.486439113221498243e+00,7.239422943337006977e+00,3.766069607795383689e-01,4.073194225167898530e+00,8.818682786287235231e+00
