VR1,VR2,VR3,VR4,VR5,VR6
2.501239676933658007e+00,2.637941065777697158e+00,3.799566021682127648e+00,3.413118559993734813e+00,2.763786704458836230e+00,4.710825371416680341e+00
3.144503235943251873e+00,2.030774738841036431e+00,5.107192028119710514e+00,3.537775025009321617e+00,1.467319426686584771e+00,3.590633423242656441e+00
2.623486709591495103e+00,3.744486769327311393e+00,5.476661271772230499e+00,4.189569674398813781e+00,3.336152799942801561e+00,3.943968039693420025e+00
2.666087086574033371e+00,3.868838330860548069e+00,4.574912490100097706e+00,3.353450273683947103e+00,3.551745119150238494e+00,4.557665467754203448e+00
1.900104153566657406e+00,3.101578716606649966e+00,4.548303368394255308e+00,3.340202437656511147e+00,4.139138885161431247e+00,5.904502857656128256e+00
3.152836784862556474e+00,3.717866743897519477e+00,5.771492666671618643e+00,3.553935886599597804e+00,4.020756951253009248e+00,4.242853513150553368e+00
2.551967187705580731e+00,2.744979615353031921e+00,5.495614266888503074e+00,3.052799725132149700e+00,3.273664856049784522e+00,3.676814296316121222e+00
2.985731589448867407e+00,3.304812459610225961e+00,4.790014929159373658e+00,2.999886262917836888e+00,3.493160518635911593e+00,4.481694890973752621e+00
2.400013340709246989e+00,3.548618776084164317e+00,5.340593678152060875e+00,2.814136531247332318e+00,3.106751029082594595e+00,5.812458118222484593e+00
2.972961462945695743e+00,2.637842389194277715e+00,5.350004267028001692e+00,2.501995676715667472e+00,3.477003884490113439e+00,3.553066945662727516e+00
3.032458329781694495e+00,3.019915918368456076e+00,5.737540813347388635e+00,4.181863600280212090e+00,2.307564573933717611e+00,4.264505532277714117e+00
3.985922472075737133e+00,2.919938612013928569e+00,5.573479783891816197e+00,4.127611377112295088e+00,2.044545651084436422e+00,4.651786495853036385e+00
3.549785054204789514e+00,3.482802525167250529e+00,5.177371292002571401e+00,4.261422926241065667e+00,2.752234629251888443e+00,3.873744123837034703e+00
2.503000782419749548e+00,3.056005992924227144e+00,4.820421705222232234e+00,2.909923359540382393e+00,2.903748439884584975e+00,4.148770529930571271e+00
3.813946214504033705e+00,2.852430986741985475e+00,3.771646945049541344e+00,4.127085457041673067e+00,3.811335173407942367e+00,3.450182880707282962e+00
1.936362685926664051e+00,2.127015170563183677e+00,4.058301103282774491e+00,4.387630322380501546e+00,4.508089662114021401e+00,4.197462810461641602e+00
3.062721483576442694e+00,2.136111007555623775e+00,4.784907868006797571e+00,4.291103940824299912e+00,3.296552864385805304e+00,5.152695253938341935e+00
1.768022122742799684e+00,1.818157592544982437e+00,5.815502291495102227e+00,4.155553445090218290e+00,1.930638564539920887e+00,4.205706824135981847e+00
2.489703028026594378e+00,3.821515255121272325e+00,5.072976052975708861e+00,4.224487471151874729e+00,2.302422941720838612e+00,3.247969701365897244e+00
9.849160828632084197e-01,3.759872569727310321e+00,4.450051810920973239e+00,4.864752601211119298e+00,3.810766840875417838e+00,4.378831638330477283e+00
2.105347692488796163e+00,3.737633970634139047e+00,5.025278843423422792e+00,3.088736278184833317e+00,2.849326724193185445e+00,4.577615944125708047e+00
2.188208190562109579e+00,2.458389969457297042e+00,5.066146665085557110e+00,4.633461367670069997e+00,3.320166586702997691e+00,3.999027980728066645e+00
2.081172920570121043e+00,3.017019839767826728e+00,4.173494413890749932e+00,5.221753069898903199e+00,3.980607890643624636e+00,4.805787273826335415e+00
1.372785394100275891e+00,3.489245754867992044e+00,2.908937210661762585e+00,5.161881777069329935e+00,2.823449544466565708e+00,4.926204466208612409e+00
1.560422634127754948e+00,4.580885935937709874e+00,4.208570083261187200e+00,5.317692431202058145e+00,3.159861230432051027e+00,5.030738030710394604e+00
8.060779592434412777e-01,5.069181468163028725e+00,5.077791087982209461e+00,4.545496765547313522e+00,2.549993669526184892e+00,4.458451407444936621e+00
4.098775096571201093e-01,5.054099092038843111e+00,6.003204055514427928e+00,4.808136643305608970e+00,2.954704765411361400e+00,3.724512179586524141e+00
5.177194160562594849e-01,4.795654396677129228e+00,4.546824375071518709e+00,6.247287600172347410e+00,4.034230627806450364e+00,3.387127055784707075e+00
5.051884317613055675e-01,2.403603235143443762e+00,5.224503101952395312e+00,5.392400867804549414e+00,3.290515587225887995e+00,3.658887916619506075e+00
2.225521431749600154e+00,2.486638297268048081e+00,5.273094101920595911e+00,3.861652372032779557e+00,3.513088269160358212e+00,4.316120227603637005e+00
2.581535900196988198e+00,2.623150340262241809e+00,4.925288899324572256e+00,4.442941621140739095e+00,4.346920298989127573e+00,4.613681041965804752e+00
1.754631451841912382e+00,2.563569475453916446e+00,5.002942867783533032e+00,3.744501194616901785e+00,3.560905487429859573e+00,3.972209317339482570e+00
2.480465389122924691e+00,4.104609199816438903e+00,5.854875163696523721e+00,4.693274872237341633e+00,3.211731386941608424e+00,4.294803081212658746e+00
3.225460104575250675e+00,3.443423594712563762e+00,6.145476457606723564e+00,5.064728948094648686e+00,3.130999404908521910e+00,4.675041291212739480e+00
2.405859024962516468e+00,3.128239749196962460e+00,4.716352131230208578e+00,4.733189316453471740e+00,4.499076756830435286e+00,4.505661359618075679e+00
2.597962941091608524e+00,3.912155804873282072e+00,3.963492947600618876e+00,4.007833463254710793e+00,3.242275511217580508e+00,4.465514381381862741e+00
1.607775089763842091e+00,2.322796827278486909e+00,3.935876354088815976e+00,4.146424608810945323e+00,3.669210308979790724e+00,4.580998380581860374e+00
1.243444495996043564e+00,3.866230974792864927e+00,4.271532125523083145e+00,5.008785864962977286e+00,3.396975305874168072e+00,3.970059458390759133e+00
1.697607689605544756e+00,3.543347991018517718e+00,4.893787525223766366e+00,4.933331233044806474e+00,3.174607851692548000e+00,3.885048021969625509e+00
2.811617625641424922e-01,3.023881531125987010e+00,5.216360233022438564e+00,5.091160260438181595e+00,4.189244010726168810e+00,4.279323011709667668e+00
3.722746585528686758e-01,1.927342521688395482e+00,5.376914069846991495e+00,6.043140561881417128e+00,3.421491814903258266e+00,3.847013932809505210e+00
1.453978277652186568e+00,1.516412330691391475e+00,3.901358940822442278e+00,5.086180213964383690e+00,3.658950400876317843e+00,4.314050140435027103e+00
2.040952098499863698e+00,2.795063775115029792e+00,4.954411253838553186e+00,4.619832875039917575e+00,3.832648634444772107e+00,5.015734272626186652e+00
2.062745060675485576e+00,1.491204235971816505e+00,4.914580839990606798e+00,4.347931818269691995e+00,2.397580775755398186e+00,3.695726457746159266e+00
3.659216164728941401e+00,2.438206974243799507e+00,5.703690219090341351e+00,4.506828536845494781e+00,2.604759599842057849e+00,4.762360564360155202e+00
3.230677161650233664e+00,1.552851755689788948e+00,5.552506207913936898e+00,3.012767872418890658e+00,3.008091730179707213e+00,5.016637455046654814e+00
3.386635265738960676e+00,1.948419435370454700e+00,6.227223550922844630e+00,3.094406772258464056e+00,3.373872896525074161e+00,5.595356603118489147e+00
3.469587913777551158e+00,2.801474842052493308e+00,5.743658873005643706e+00,2.492815151987339384e+00,3.007663131685863522e+00,3.907280732139928769e+00
3.770341442165847656e+00,2.722245005736424250e+00,4.845298842304444520e+00,3.741397886176414556e+00,2.922128883816903944e+00,3.089733620104713641e+00
3.153362077643609318e+00,2.865279823440436413e+00,3.800757469756632645e+00,3.270823105501619477e+00,3.401746902348948165e+00,4.285145154706185622e+00
