VR1,VR2,VR3,VR4,VR5,VR6
2.397287897065973894e+00,3.005591670595574527e+00,4.994576499291262905e+00,4.054772433944457966e+00,3.196879291422622504e+00,4.226965369838618258e+00
2.412530663804918873e+00,3.017121379770264067e+00,4.993356436223646000e+00,4.058962651421026635e+00,3.198227975928930267e+00,4.230104838317585880e+00
2.395462468616585294e+00,3.033944817204017763e+00,5.016491224297899620e+00,4.071631362433155488e+00,3.202995184328305545e+00,4.252053751665365589e+00
2.392399213238190825e+00,3.018312080235076689e+00,5.038850508981374432e+00,4.043214152242869730e+00,3.203896880718292817e+00,4.247182470316240632e+00
2.407010393306649565e+00,3.018562062506420673e+00,5.026098370708304230e+00,4.049562189177563276e+00,3.201156843998579582e+00,4.240839057961290237e+00
2.399400402375955643e+00,3.004340101382945161e+00,5.006154636376622058e+00,4.025027044031585177e+00,3.221201120975802024e+00,4.213762263293827637e+00
2.402185812253269326e+00,3.023527158831689654e+00,5.022119708509998226e+00,4.058628069360381119e+00,3.203672711899495873e+00,4.247463407092793908e+00
2.397523453190993248e+00,3.023379693124717882e+00,5.022585974580700885e+00,4.061088902558946501e+00,3.222036739140071937e+00,4.254768615822887234e+00
2.401394930173582853e+00,3.003192091288544585e+00,5.027008341237751310e+00,4.020986411161866059e+00,3.222893817556029106e+00,4.217600752713321022e+00
2.383602781051004538e+00,3.052457780069992133e+00,4.988521736632434589e+00,4.051561354476078236e+00,3.210495760900897277e+00,4.234514977885425857e+00
2.404070909563073233e+00,3.007512401899943288e+00,5.007106735327901070e+00,4.029046877686282002e+00,3.217779243407858925e+00,4.231228854538423789e+00
2.419611589101141380e+00,3.044415518333883686e+00,5.002254318277101319e+00,4.065257769786482456e+00,3.213895418091690548e+00,4.255992810582381658e+00
2.409662201290252881e+00,3.015927664069462111e+00,5.024194570765798673e+00,4.054396035697901191e+00,3.245140012874680568e+00,4.251442192762834971e+00
2.376713659382633015e+00,3.000589255402894562e+00,5.003726492652556423e+00,4.034203034037940228e+00,3.208122383345206163e+00,4.226520116216198275e+00
2.383428940508953264e+00,3.038341842393427417e+00,4.996048705662019529e+00,4.057717005761282358e+00,3.219246101389309000e+00,4.216620673953925369e+00
2.398703976837735841e+00,3.000261363421262484e+00,5.012601252137276475e+00,4.048184713205619012e+00,3.221331506471163841e+00,4.212332253977739249e+00
2.398770555328848531e+00,3.024801355631078437e+00,4.986935574301512020e+00,4.060859206234874286e+00,3.215170055329452659e+00,4.216177070751510492e+00
2.370449092206968089e+00,2.997841434441829822e+00,4.987104709057406993e+00,4.046258610736663819e+00,3.216895482855589350e+00,4.202617795213178908e+00
2.390157040456763582e+00,3.013000410024199827e+00,4.989584825971630444e+00,4.051752189597888965e+00,3.221925675490435736e+00,4.219243376440993565e+00
2.386005319088412069e+00,3.016161361392048601e+00,5.003641372349071581e+00,4.035272268686719066e+00,3.226696916510999991e+00,4.221969908578842912e+00
2.410917150420615052e+00,3.009409504028563553e+00,4.960510034016618164e+00,4.025772627831769590e+00,3.226428157474058089e+00,4.222716815794719025e+00
2.407687762584640456e+00,3.033916899162694580e+00,5.008342562035140944e+00,4.063259665104905771e+00,3.206528975706626650e+00,4.251164438021830527e+00
2.398356466669096410e+00,3.033846019868992716e+00,5.029761400193583754e+00,4.053090967008378342e+00,3.216740856246256719e+00,4.261947967205689913e+00
2.390981432479632129e+00,3.029311309172245004e+00,5.039134045091897107e+00,4.056020653563432887e+00,3.218454422884769350e+00,4.261046580827101415e+00
2.394276021761053919e+00,3.047689457853564932e+00,5.009840242114408149e+00,4.051963295572652335e+00,3.215077990929023688e+00,4.253068507070596915e+00
2.397355114573655133e+00,3.023356791972623636e+00,5.021217329807864616e+00,4.028155186239847474e+00,3.225090641972460759e+00,4.236872385661301088e+00
2.394746475926943230e+00,3.022688815380567995e+00,5.017984660023374843e+00,4.035800098616943110e+00,3.224180558689790033e+00,4.209462839577436277e+00
2.412494313778915878e+00,3.048605753850355704e+00,5.030699171532206471e+00,4.064819553224702453e+00,3.222087593965736740e+00,4.236966266542322224e+00
2.374134048463842461e+00,3.006088011585928310e+00,5.000552319186428285e+00,4.046745287300069549e+00,3.201506997339359728e+00,4.205455289323632329e+00
2.381143522811733249e+00,3.017395304251981436e+00,5.004678941543766690e+00,4.050522733830568711e+00,3.211419452064622426e+00,4.212333658518082835e+00
2.385933783971864397e+00,3.021419467760575905e+00,4.998341853277120883e+00,4.054750931468805497e+00,3.212201881594460851e+00,4.201845557956240818e+00
2.395113791733920028e+00,3.005240421527969996e+00,5.000787175349341140e+00,4.060124291372066985e+00,3.214240250579553759e+00,4.241381910466636818e+00
2.384038743202042010e+00,3.034924077133179132e+00,5.009745425695460774e+00,4.079441903881061648e+00,3.226697998996224115e+00,4.248122227947872531e+00
2.390936838925201258e+00,3.018912267266693927e+00,5.008302173233508015e+00,4.030940425951000883e+00,3.220547818156019204e+00,4.216556758452834508e+00
2.389237743988619211e+00,3.032492424219533689e+00,5.005997169823743320e+00,4.063757322802612038e+00,3.225748195504909432e+00,4.223521459485469975e+00
2.393665415371172500e+00,3.041120022798641465e+00,5.054044024452828410e+00,4.047123169031914713e+00,3.207493438999812874e+00,4.262801561939185468e+00
2.404702132003152748e+00,3.017463586753339921e+00,5.002777949753172138e+00,4.035266480664883026e+00,3.210365744506251229e+00,4.235567120426821042e+00
2.374895235597247467e+00,3.007535367967964834e+00,5.017782282123503634e+00,4.038864028521128802e+00,3.193555600820810803e+00,4.239807334325217170e+00
2.390394979209234272e+00,3.024190025943005455e+00,5.010376226428804536e+00,4.034970674619499320e+00,3.205310529260589458e+00,4.223578050170157638e+00
2.413509653666560340e+00,3.007322004070024146e+00,5.016033949677805026e+00,4.033166838996675274e+00,3.203663467529070275e+00,4.207356908646714189e+00
2.418738354451421380e+00,3.057532373049291596e+00,5.035871387280936418e+00,4.063764171704409733e+00,3.190437490228299922e+00,4.248199122896366475e+00
2.409580920213608479e+00,3.008100782799477901e+00,5.012184666124555044e+00,4.022508934546511483e+00,3.177133114694808302e+00,4.225847160478847009e+00
2.427715083497603565e+00,3.008019574382000627e+00,4.993395393418615491e+00,4.042678669952612047e+00,3.198463707609682682e+00,4.209493345226035466e+00
2.411316779745928951e+00,3.010216921956427871e+00,5.006720449835283304e+00,4.078268500421638798e+00,3.186936816200462541e+00,4.208313418960142549e+00
2.396026796556321781e+00,3.023829057283814681e+00,4.988876143994395385e+00,4.050654700070442260e+00,3.202159948674389689e+00,4.203694892376547365e+00
2.407813738234983347e+00,3.027522484121597302e+00,5.013944587762003913e+00,4.058292694147161761e+00,3.213660376920122186e+00,4.233336287308145707e+00
2.380189423668457760e+00,3.056201258361674444e+00,5.023134541098156269e+00,4.078904068946824779e+00,3.220502705432695567e+00,4.236582332172495136e+00
2.407105864779547133e+00,3.015881963668758381e+00,5.001999125813682667e+00,4.028702456096467266e+00,3.212223522259017638e+00,4.236386264730398032e+00
2.392319559445697408e+00,3.010388728926080670e+00,5.027187456539751409e+00,4.047553148940984613e+00,3.195679955745664547e+00,4.241090756637222903e+00
2.381852224723035594e+00,3.015649655301687826e+00,5.015287183796458770e+00,4.047663088767712303e+00,3.206290230994051527e+00,4.224016589023373847e+00
