VR1,VR2,VR3,VR4,VR5,VR6
2.389666780449220429e+00,3.017277603190460233e+00,5.020172857560690538e+00,4.037183189542341566e+00,3.215448265420074669e+00,4.223028268089193737e+00
2.410739614560983402e+00,3.001991408193513511e+00,5.016338341815099078e+00,4.055868539294672281e+00,3.217550287673023757e+00,4.228624225640621681e+00
2.420318073302353046e+00,3.002848988077620351e+00,5.004789463457166576e+00,4.042824797621993760e+00,3.215878790142908894e+00,4.216995977577472132e+00
2.401091905470997823e+00,3.023800375941058771e+00,4.980382343577856474e+00,4.058247486937722748e+00,3.218775936785427838e+00,4.217994685159474066e+00
2.413230416807741197e+00,3.008380602080878763e+00,5.019116015486639881e+00,4.046003967132530299e+00,3.222025608222275128e+00,4.229835740051429482e+00
2.375591559580001899e+00,3.023034762904706074e+00,4.969590991773894295e+00,4.057201018938718207e+00,3.183809482507341748e+00,4.236121077532343016e+00
2.395504585413168464e+00,3.004405606480569979e+00,4.993627960131154175e+00,4.098421492866175520e+00,3.209121931878792910e+00,4.255431799525366543e+00
2.398827762535315600e+00,3.019169045868340007e+00,5.018318897544410184e+00,4.085991171457524551e+00,3.192127049538352246e+00,4.269903483933122246e+00
2.392475339702112791e+00,2.997877151755437897e+00,4.996547795100342526e+00,4.063986629257625438e+00,3.222877672628165602e+00,4.267261814615503468e+00
2.391966818059010347e+00,3.006043971916067203e+00,5.035059019631620281e+00,4.064026044576363184e+00,3.216259598958576493e+00,4.246289488189941785e+00
2.373565979758318178e+00,2.974887928727760755e+00,5.002643227156510441e+00,4.048265309712949289e+00,3.214225928254636155e+00,4.248267800849666820e+00
2.408432535302071908e+00,2.985549135604685933e+00,5.019973013343376422e+00,4.039812026913991438e+00,3.215992509760117635e+00,4.228334919718127693e+00
2.414892216501685063e+00,2.989850025749667406e+00,5.001737130418921318e+00,4.035287222395789186e+00,3.215393165802238773e+00,4.224135067092818829e+00
2.416905372385986794e+00,3.014379069124889288e+00,4.999028273774220210e+00,4.043331088899183356e+00,3.216899758497877126e+00,4.211385248928696257e+00
2.397375134347605741e+00,3.029111333834686892e+00,5.007657725596086351e+00,4.037640407122642827e+00,3.239235626913667065e+00,4.217241707636241621e+00
2.401108052385121816e+00,3.049460437547398595e+00,5.020697128983577784e+00,4.038644602081665980e+00,3.226274669948677065e+00,4.224799748340001493e+00
2.415899621955018617e+00,3.022482030119709062e+00,5.001793698993615145e+00,4.057869628718246524e+00,3.187370074949804177e+00,4.231305127719506842e+00
2.387397744061662941e+00,3.021738157717199336e+00,5.018160856548480098e+00,4.049369126028067534e+00,3.202703812092674074e+00,4.226954494442024313e+00
2.388321299583028079e+00,3.026803312339216401e+00,5.026264668075883790e+00,4.046208120622418747e+00,3.222855982109929851e+00,4.223651912184857693e+00
2.402863380503682311e+00,3.041061216493036845e+00,4.994605638832737782e+00,4.062281943656746108e+00,3.199633940856524195e+00,4.237855763775503881e+00
2.398287454166918575e+00,3.011611450769995812e+00,5.007017299681149503e+00,4.052517041879172943e+00,3.213038097003973359e+00,4.238910196547219122e+00
2.415373399656524978e+00,3.021304341768885848e+00,5.007686859913649258e+00,4.049768721476976197e+00,3.230896695048718570e+00,4.242596758901028942e+00
2.380898831710429597e+00,3.012215299941475521e+00,5.031297539688749154e+00,4.031538836411568738e+00,3.236213294038637667e+00,4.225294951962397683e+00
2.432481444707516260e+00,3.017821654991301283e+00,5.028777520738394458e+00,4.044355690968908235e+00,3.225105598410744179e+00,4.226117478014959516e+00
2.403597997077319803e+00,3.010514231572828159e+00,5.006724073512104134e+00,4.038452355782927050e+00,3.207208697792736096e+00,4.217470881710501551e+00
2.421179379986745150e+00,3.024062836264754583e+00,5.020913715477939299e+00,4.034631112052476709e+00,3.203366764866338645e+00,4.232491818139750173e+00
2.381149795786609236e+00,3.014193134081303516e+00,5.014062198742490040e+00,4.036381559166420274e+00,3.209808775428966143e+00,4.245010798391670725e+00
2.370797132389396378e+00,3.032150486593889305e+00,4.997838903498013075e+00,4.052614328578651559e+00,3.196693117929531702e+00,4.237027559771278540e+00
2.388262128786502902e+00,2.985294993362219707e+00,4.984622537698022882e+00,4.062850160215319306e+00,3.210364470015407257e+00,4.248229878923075020e+00
2.413834604740858314e+00,3.003102400148631279e+00,5.011461277077977172e+00,4.057710532935535852e+00,3.218459320124558154e+00,4.249625688370425536e+00
2.395260762991621384e+00,2.998021272169404838e+00,4.992846709121755211e+00,4.062108824096181792e+00,3.227913799904184255e+00,4.236103072469331821e+00
2.395470505630361568e+00,3.023522927660630799e+00,4.995641416070291996e+00,4.082268976160391638e+00,3.199902026551828538e+00,4.241833209709401586e+00
2.400320675434453488e+00,3.007135536473772852e+00,5.015498548406172930e+00,4.074593699103429500e+00,3.181806808905590422e+00,4.242347190431985382e+00
2.397613932319823782e+00,3.008598696766678682e+00,4.994957184652634830e+00,4.064800706609099201e+00,3.202186601266317822e+00,4.217174207767292238e+00
2.418475988852087255e+00,3.036531151430123199e+00,5.007778015365090596e+00,4.078931840401955000e+00,3.188034818124180880e+00,4.208073182795987854e+00
2.390325794154013916e+00,3.046705183650686877e+00,4.983986631701310621e+00,4.073982007274067563e+00,3.204512720206667886e+00,4.206520639937398442e+00
2.388362375332958365e+00,3.065978119680095926e+00,5.030729861070653008e+00,4.036248129666325291e+00,3.223181256695442087e+00,4.198646969494372883e+00
2.394632174349449638e+00,3.061222598618496438e+00,5.007867342716441961e+00,4.047924713818846776e+00,3.203419587667093449e+00,4.213294043141881495e+00
2.378843470512404412e+00,3.019372104663598844e+00,5.026734584515104132e+00,4.060043912585861392e+00,3.212318971859899897e+00,4.239294966066205816e+00
2.384382716294410010e+00,2.986619651040802292e+00,4.997142363543789045e+00,4.058853998479678538e+00,3.192654864679054239e+00,4.253805146795940573e+00
2.400814171002251918e+00,3.012185209735127156e+00,5.018262326461820244e+00,4.061613548865621759e+00,3.206724498396913869e+00,4.250889916293240312e+00
2.391584482379134791e+00,3.006958774555561931e+00,4.999503110572580233e+00,4.070424792808370107e+00,3.198379687570782171e+00,4.246951241515624531e+00
2.415114020640845904e+00,2.985298511410909406e+00,5.013201055248059923e+00,4.074549448485893954e+00,3.210623143662825640e+00,4.241290348254332265e+00
2.371608695150591917e+00,3.008138436980010155e+00,5.013767473508804251e+00,4.060680712004552717e+00,3.207140995321871024e+00,4.232925374370666738e+00
2.405677557603175032e+00,2.991361000016037330e+00,4.998609961044196304e+00,4.069107134804002435e+00,3.213967278906742386e+00,4.238552688945503633e+00
2.433802487555007499e+00,3.011371851229620589e+00,5.034492211628658787e+00,4.057126434541003412e+00,3.181664808712620029e+00,4.228955241018222289e+00
2.421885053664634135e+00,2.992379829240007894e+00,4.970280890176764999e+00,4.062236762879024354e+00,3.191526523860784614e+00,4.233768827783236155e+00
2.420337108941048587e+00,3.011213733859711361e+00,5.027733742010718210e+00,4.027543503772492706e+00,3.233910810570650440e+00,4.229174856986235298e+00
2.401825261366225206e+00,3.011931235002850205e+00,5.005173819787014367e+00,4.009383413728597745e+00,3.219179711180653491e+00,4.220005667506610436e+00
2.412111952363757972e+00,3.033499630054839802e+00,5.022491329490202716e+00,4.037729163757362905e+00,3.214820561955674005e+00,4.206793077227743538e+00
