VR1,VR2,VR3,VR4,VR5,VR6
4.482174891056565968e+00,4.557937961398362603e+00,4.664080498408672781e+00,4.258134559596811641e+00,5.345170042470975602e+00,6.347196132714504557e+00
0.000000000000000000e+00,0.000000000000000000e+00,0.000000000000000000e+00,0.000000000000000000e+00,0.000000000000000000e+00,0.000000000000000000e+00
2.097946340062097015e+00,2.455507984103516783e+00,1.611060669147566404e+00,3.012261012145824424e+00,4.598502165601475511e+00,4.149080783516169824e+00
0.000000000000000000e+00,0.000000000000000000e+00,0.000000000000000000e+00,0.000000000000000000e+00,0.000000000000000000e+00,0.000000000000000000e+00
2.022579801777610875e+00,3.653185598337601370e+00,2.983294611872495672e+00,3.011973190500624398e+00,4.840305740350451913e+00,3.430701072238591554e+00
1.690056579680654592e+00,4.762255277175015067e+00,4.590950689095842918e+00,4.205907610824288767e+00,5.578849657154418828e+00,3.425749469674603365e+00
3.362676936267194883e-01,3.727346377828504309e+00,5.024564788579159114e+00,4.200629802362195520e+00,5.090015260181850465e+00,4.887036827329469091e+00
1.756557481375515817e+00,3.980579801419748431e+00,4.772034241411542865e+00,4.779427374800802042e+00,2.755297071598392655e+00,5.476688627317352065e+00
4.261188991584703878e+00,6.266277558943775361e+00,7.365624045529671093e+00,6.337452215988577109e+00,4.310247870838407991e+00,4.782708654783977664e+00
2.325310895793705424e+00,3.608794367694318161e+00,5.776552513633057551e+00,6.277959585193141123e+00,2.050805431514433508e+00,5.376668256132265178e+00
4.995865439976675759e+00,5.178853211505503040e+00,8.213435732104692022e+00,7.089486665549841860e+00,3.022060701736834609e+00,5.422223250183639820e+00
2.636634746981860289e+00,2.432879920205687885e+00,7.015609925672096736e+00,6.373495459328729851e+00,1.862951470972807666e+00,4.331048568357314998e+00
3.511878692486314790e+00,4.856051158590516614e+00,7.824643113920718207e+00,7.707679903758597462e+00,1.522227539811273900e+00,5.317952096770666159e+00
1.616622634617195020e+00,3.322046901290808485e+00,7.277506140397994372e+00,5.712015026455500077e+00,6.238896923550054652e-01,4.682450056989908127e+00
4.281738254162164914e+00,3.548651970268696498e+00,7.019126604923464186e+00,3.652961340396659651e+00,1.184059618121601432e+00,2.960625299395304388e+00
2.873598174946039752e+00,4.473104909287720865e+00,5.358707525375015379e+00,2.995368902628801067e+00,1.524761079091732086e+00,3.641633482427291568e+00
2.697090469279763703e-01,2.342300657197435854e-01,3.690982782528944295e+00,1.312336469013223095e+00,1.749515909800667401e+00,2.547676900816164824e+00
3.907551291317696407e+00,1.111306889964988942e+00,4.332189219970260297e+00,2.082267810231379190e+00,4.318209686053300800e+00,4.393265552835341481e+00
1.712141638229724760e+00,2.870706882192000542e+00,6.768214265510588135e+00,3.710506452616639805e+00,5.059088220957464799e+00,2.545850652323898622e+00
1.706061518524207843e+00,3.864919010886118667e+00,7.568319560966638271e+00,6.284244368826808369e+00,3.516183907854655288e+00,6.040551875702134588e+00
0.000000000000000000e+00,0.000000000000000000e+00,0.000000000000000000e+00,0.000000000000000000e+00,0.000000000000000000e+00,0.000000000000000000e+00
5.493645741612292355e+00,3.000425045611940789e+00,5.554817700330457519e+00,3.059341783849094831e+00,2.969627126215579338e-01,4.444868872488441092e+00
0.000000000000000000e+00,0.000000000000000000e+00,0.000000000000000000e+00,0.000000000000000000e+00,0.000000000000000000e+00,0.000000000000000000e+00
1.728725835619212781e+00,2.081537269175074201e+00,4.808494778984107931e+00,3.434565465787366101e+00,5.054939222710715718e+00,4.388729914463076476e+00
1.462575264939764974e+00,1.998100522708705196e+00,5.364769803164639583e+00,4.812655428209849262e+00,3.691527094999515146e+00,3.729024065848929315e+00
2.112086476008097513e+00,5.292315000915410295e+00,5.948358677567068931e+00,7.006286056881851465e+00,4.043851517479868818e+00,5.374064688529742284e+00
2.412383024937441167e+00,4.208960597085365407e+00,4.830330170792044520e+00,5.103895875230566759e+00,3.021509750393701399e+00,4.793672051230767117e+00
2.009719050459655598e+00,1.537339358549796087e+00,2.944167357166854071e+00,1.990404196501986078e+00,1.724402075027247738e+00,3.078135771493982986e+00
4.199101557922547912e+00,3.751102223281548742e+00,4.274975844491176069e+00,4.566914348168884530e+00,3.488487645804136505e+00,4.411451967249362838e+00
1.380882119805597830e+00,2.785277670562389840e+00,3.828705337190578817e+00,1.431342558972492185e+00,2.057692083312046005e+00,2.498424101688009991e+00
2.652035441254744441e+00,3.304367953128718671e+00,5.016448551497295405e+00,2.769566368827189429e+00,3.334925819541681768e+00,4.856263326230599198e+00
3.633705899969375430e+00,3.109925749693765340e+00,4.652371433498693420e+00,4.189583581873176144e+00,3.726897834201349458e+00,4.657523217421377204e+00
3.113695791214454722e-01,1.542539096027038426e+00,2.864919414031853684e+00,1.427448809832044141e+00,3.449669640712486274e+00,1.782949825096984409e+00
2.076541538427132849e+00,2.254275690256380749e+00,5.631328878696645113e+00,3.373591408678644044e+00,4.831301109865668408e+00,2.183592908124004417e+00
1.506233478266357784e+00,2.814603386920978778e+00,7.634585393289077260e+00,4.709133796982555076e+00,4.298393552430582965e+00,6.215811654050226842e+00
0.000000000000000000e+00,0.000000000000000000e+00,0.000000000000000000e+00,0.000000000000000000e+00,0.000000000000000000e+00,0.000000000000000000e+00
4.927893023341239243e+00,3.881884731753626916e+00,4.706036474635568290e+00,4.459252999538406925e+00,4.787345460908105643e-01,6.980863654863785683e+00
5.619572870824580235e+00,3.577236121693984749e+00,5.268980128014106867e+00,6.413341043429255706e+00,2.777664250880127028e+00,3.372431559882534735e+00
3.070694042225701637e+00,4.445830315371431141e+00,5.017106167006643247e+00,5.905774502697043182e+00,1.534150800753280919e+00,4.649383432985474407e+00
1.619895566546253995e+00,5.047282514300395206e+00,4.497139197345147110e+00,5.755111629009629581e+00,3.520081732541984643e+00,4.960167995710330402e+00
2.149899489776049499e+00,5.612264022194842106e+00,5.384379112779915211e+00,5.764074340610457092e+00,4.619199426705661971e+00,4.982974570917702906e+00
1.412738335425252956e+00,3.925395729904712638e+00,5.308900130083430646e+00,3.673176389373464357e+00,2.840031469051397028e+00,3.702180355682298973e+00
3.950514122925102178e+00,4.677557454415111060e+00,6.190940551888879817e+00,6.712878835028708302e+00,2.794684542100907443e+00,6.629379276081710515e+00
3.791080967099126564e+00,4.306496797403769783e+00,7.567989802751101891e+00,8.645223526312214801e+00,3.647287119736256855e+00,4.490092474590083427e+00
3.572705201879027292e+00,7.342986656263004619e+00,7.125662640513514390e+00,8.309714863362696491e+00,2.068420861887187545e+00,5.681617653707869309e+00
2.668665920452066853e+00,2.744118064529954992e+00,5.303086775715297740e+00,4.453021745355121297e+00,7.515978406443553084e-01,3.680429570285945751e+00
3.062228804459215858e+00,2.421438101002550081e+00,5.036829722150792499e+00,2.061484455561252815e+00,1.414317372396542316e+00,3.373464925250531543e+00
2.705324691765775391e+00,7.513285104808908876e-01,5.144663822275556520e+00,1.986553981299189697e+00,4.140220608654122003e+00,2.097111679748813184e+00
2.127405275523360118e+00,1.288139098302716778e+00,5.967187102458481718e+00,5.290419734216675884e+00,5.266664316065008400e+00,6.634795235721185236e+00
2.476116952832399409e+00,5.838828221975290944e+00,7.110210055188834311e+00,6.196401500974017651e+00,3.346481244755053819e+00,5.863695462965436533e+00
0.000000000000000000e+00,0.000000000000000000e+00,0.000000000000000000e+00,0.000000000000000000e+00,0.000000000000000000e+00,0.000000000000000000e+00
5.230063282352418241e+00,2.699053956689156486e+00,4.073837896834111127e+00,2.766359615296558161e+00,6.420723158983068224e-01,5.129808949309134114e+00
6.093683699842895152e+00,3.735896983455859299e+00,5.311188947628089352e+00,5.523507641602796170e+00,2.244012753928656956e+00,5.299278202419728245e+00
4.003180620957222935e+00,5.830588866272155890e+00,4.729972863692743168e+00,5.802356784327992401e+00,3.459674232034890551e-01,5.053835816286963656e+00
3.070330406458202432e+00,1.580143861782287829e+00,3.453026403794229537e+00,2.375571968464258887e+00,6.217145029908186515e-01,3.664823747146733979e+00
5.591959224973312104e+00,3.298302254902719000e+00,6.247635939743902966e+00,4.894131089805288326e+00,3.104113370735370303e+00,4.984441967433424381e+00
3.112471819060646183e+00,5.008945977114350967e+00,5.746149450199699693e+00,4.070105683280327291e+00,1.409974261154991471e+00,6.530274522848760199e+00
4.436826859118427890e+00,4.178533120264058098e+00,4.986186774299033786e+00,5.003093891899847101e+00,1.457652926685838013e+00,5.063354709706239909e+00
2.034135039259658662e+00,6.906369980722351087e-01,2.328454233472195156e+00,1.503069825750235733e+00,1.213298219203013506e+00,1.375388038342441277e+00
2.005463345238389650e+00,2.019275178471473531e+00,6.054409295273508462e-01,1.252840496303801565e+00,2.868326677200568220e+00,3.198223677585061875e+00
5.043704531026145244e-01,2.077022392374317405e+00,2.121193183664860094e+00,5.660916805434208499e-01,4.085137823377674948e+00,2.470975708603177612e+00
0.000000000000000000e+00,0.000000000000000000e+00,0.000000000000000000e+00,0.000000000000000000e+00,0.000000000000000000e+00,0.000000000000000000e+00
0.000000000000000000e+00,0.000000000000000000e+00,0.000000000000000000e+00,0.000000000000000000e+00,0.000000000000000000e+00,0.000000000000000000e+00
7.098334547726210531e-01,3.251892411460678645e+00,4.356175884889635697e+00,6.075027767367872755e+00,7.378712817078732833e+00,5.290696141967571542e+00
1.789139173267642713e+00,2.174480695682849074e+00,6.928341119260061909e+00,5.764501625739259616e+00,6.696790635903623112e+00,3.816118672996591243e+00
2.663353259145337937e-01,4.510993867640163302e+00,6.173970284178133205e+00,5.255285907308678617e+00,4.449379547935679469e+00,5.015628834909912293e+00
1.835837060299543300e+00,2.648632945368275315e+00,4.750012087786281256e+00,4.299130347697601273e+00,2.350223869233715401e+00,3.460237063986925321e+00
2.492418407982283757e+00,3.230198794613884594e+00,4.933034601451733892e+00,3.188886902491474995e+00,2.713988667024057833e+00,3.680001957705685278e+00
4.154336588468053648e+00,2.135823190828041174e+00,3.039951300049131167e+00,2.211240696297446018e+00,2.435936544477182331e+00,3.790221852313273132e+00
2.790293667081763296e+00,2.368397392862808815e-01,4.113272586848512269e+00,5.463662077632219116e+00,3.912657064745551416e+00,4.244454011341613153e+00
4.871452195458951806e-01,3.541514060718857770e+00,5.694358566697324875e+00,4.377478324938196330e+00,3.639796088705761434e+00,4.782971901108596491e+00
2.785186457236022761e+00,4.732715354442586175e+00,3.766550830373774694e+00,5.243672724116139605e+00,2.839076482806350388e+00,3.843752018971354989e+00
2.064077961050291954e+00,2.554226636289399721e+00,4.764623858188623551e+00,5.034109451584400041e+00,3.804638790782934876e+00,4.372405283643041152e+00
3.138057061753067423e+00,5.523646420227008136e+00,6.114520278114173202e+00,5.130868792353809660e+00,2.671530218822600666e+00,4.430365653355635480e+00
4.131705480960306431e+00,4.212037597879463746e+00,5.251044363992830810e+00,4.919958884612347205e+00,8.694754810573019910e-01,3.881565229586927401e+00
6.098438678608129493e+00,3.398085090596597801e+00,7.737328764238522893e+00,6.948175990460915941e+00,3.467511104521398657e+00,5.340628368007024562e+00
1.108452630516957971e+00,3.238041398643780600e+00,3.610403174470831367e+00,5.678824359498455543e+00,1.475101284877266883e+00,5.300025643532644715e+00
4.152194038757813566e+00,5.593625715878882687e+00,7.751288100843273021e+00,8.550026111454940292e+00,4.217111100476859775e+00,7.140521233326573736e+00
1.794123219698533056e+00,2.872609228605705667e+00,3.022197655641460479e+00,1.869744748690523650e+00,5.536897717346089820e-02,1.413214308296392385e+00
2.068244773617905707e+00,2.886653705832426198e+00,4.121431594904649387e+00,1.977946007757954483e+00,2.989610754150817229e+00,4.527577096872895446e+00
2.537806088993357800e+00,5.263758501967879866e+00,4.421363270106605903e+00,5.107209463568169738e+00,4.121125533821558662e+00,6.570564741179879320e+00
5.646356040075963811e-01,3.021579599889936407e+00,1.552315496022329100e+00,2.561399111008660245e+00,6.164747721373116107e-01,2.556030045952892404e+00
2.179667850356291847e+00,4.279515931198801582e+00,4.868229289558852813e+00,4.343185104161445764e+00,3.725559277666720792e+00,2.404562172564517208e+00
3.082262677389773220e+00,1.026112848652252385e+00,5.675273685691043291e+00,4.888744307686319956e+00,6.205502671991846242e+00,4.364662837584162070e+00
1.088700430990505730e-01,3.281840050635056460e+00,4.782952593379455664e+00,3.684152837714817608e+00,3.056350527233547609e+00,4.250177298625792410e+00
3.213711920306494108e+00,2.834324371963077738e+00,4.791650744853601651e+00,4.057684779334308267e+00,3.644917063174432759e+00,3.656315735343337980e+00
2.213691743365454823e+00,2.821025321261207086e+00,4.336440943875156329e+00,2.255555880009474379e+00,2.871655487013807573e+00,1.351834978074165416e+00
3.745828644430833965e+00,3.816303242896322168e+00,4.915329105083126038e+00,5.516328461176852826e+00,4.205947310573740161e+00,5.348737401093993427e+00
2.872256505961320983e+00,2.439822421591538948e+00,4.134868429305530668e+00,3.918371334911849413e+00,3.048543668734352785e+00,4.037980696873031405e+00
1.889534260758490625e+00,1.584159726581424898e+00,5.574823017538591330e+00,2.622272496757132920e+00,4.342720508461098916e+00,3.806765128754186822e+00
8.751203378339607042e-01,4.725788991513915072e+00,7.578729907409070599e+00,2.787143023882725057e+00,4.946917068705939613e+00,4.448735323229517036e+00
1.408976078601502646e+00,1.763137893293068803e+00,3.692465118021806880e+00,2.212915965189239387e+00,1.556511643798333955e+00,3.670935765472844725e+00
1.035109464482018904e+00,2.372276876735777140e+00,4.948847188308385547e+00,5.771457381181130941e-01,2.770648331260407993e+00,3.033028493001329373e+00
2.345209668448025031e+00,1.918804246546390591e+00,5.779504441692757233e+00,3.356215578582068204e+00,4.618954570495678702e+00,5.513072752355108186e+00
2.382004244993119357e+00,1.878231976711562501e+00,4.364705024477414597e+00,4.548792003250664351e+00,3.880318578038454369e+00,3.512740269753516387e+00
1.283719345156170588e+00,1.778165523906467094e+00,3.786234795160765554e+00,1.768661810361216613e+00,3.422247206719705392e+00,2.284416854240140182e+00
1.610266274616277693e+00,6.734178518228848276e-01,4.797569107554664036e+00,3.557958962270237002e+00,4.840461945044732595e+00,4.816679188337271711e+00
0.000000000000000000e+00,0.000000000000000000e+00,0.000000000000000000e+00,0.000000000000000000e+00,0.000000000000000000e+00,0.000000000000000000e+00
0.000000000000000000e+00,0.000000000000000000e+00,0.000000000000000000e+00,0.000000000000000000e+00,0.000000000000000000e+00,0.000000000000000000e+00
2.587698585774010240e+00,2.924324307071401119e+00,2.894105825383543884e+00,1.834711520175048349e+00,7.621169065226290229e+00,3.031656802903331283e+00
1.408962032732521408e+00,1.591679295533025229e+00,4.673297320091866602e+00,3.808858436694210869e+00,5.480584834501353697e+00,4.548479080828898624e+00
8.831124704893404953e-01,4.854849584318597699e+00,5.595019668422659187e+00,5.049817702257875851e+00,5.031992048653187943e+00,5.425442974855359424e+00
1.247452952120192915e+00,4.923119612086227725e+00,4.987178586123911295e+00,3.015097491273571961e+00,1.657219610105852947e+00,3.393435507312436261e+00
4.409492469477074295e+00,1.072115176284192950e+00,6.399199913582672039e+00,5.481790741294251923e+00,4.541758354513021345e+00,4.968519896435239502e+00
1.515748289807579141e+00,2.869153558486753575e+00,4.202271663288629000e+00,4.376182461452187589e+00,1.134864085961845959e+00,3.136407962189184495e+00
6.714869508039620349e-01,1.612733506301296638e+00,3.931092118969593763e+00,4.101433913357123373e+00,3.980046808968387584e+00,3.315701709418789722e+00
1.819413743551296925e+00,4.480597170159588138e+00,3.503818641246706722e+00,6.295205154396593450e+00,3.172248025069556832e+00,5.300889425905026542e+00
2.913866135843658167e+00,2.707473977994704128e+00,2.773853052865218771e+00,5.452480896561427315e+00,3.229448428367859947e+00,2.997231196113194773e+00
4.593732042198127807e+00,4.580915632226540524e+00,4.613437940413503746e+00,7.349505051421832746e+00,4.898876922880096352e+00,4.792517385501853688e+00
9.299697196106673225e-01,4.543025616082578821e+00,4.876601197701444512e+00,5.979747139166059711e+00,5.265688332278530837e+00,4.168867930980776570e+00
0.000000000000000000e+00,0.000000000000000000e+00,0.000000000000000000e+00,0.000000000000000000e+00,0.000000000000000000e+00,0.000000000000000000e+00
1.298047384411785909e+00,3.127208221619994344e+00,3.591915291937712862e+00,4.605240107250438086e+00,5.859178804111206951e+00,2.415855843082590937e+00
8.871503188192833012e-01,3.976465948004095363e+00,3.573753507554409126e+00,3.594598662903298436e+00,5.834923995186269252e+00,5.063527975361276745e+00
2.567952310608789368e+00,5.865293312590348584e+00,4.292718705221230557e+00,4.838556179691455128e+00,5.710644672366736785e+00,4.899156495001351530e+00
1.735351317633746282e+00,5.231616170993930837e+00,5.735957187350410713e+00,5.412943766485732056e+00,2.763925553635282917e+00,5.184896969920613330e+00
1.454177089307467030e+00,4.536965319492386683e+00,5.247826011249798306e+00,4.827928744979468334e+00,2.048098600087123522e+00,4.975521383006251241e+00
1.529476238118118836e+00,2.582174520240102744e+00,5.452839653025755240e+00,2.240331579936408968e+00,1.713487157617888723e+00,2.279857067656715142e+00
2.436524095977935289e+00,1.707330339783532880e+00,4.610387516976302003e+00,2.755965861343571355e+00,3.382211711046018809e+00,3.965086495691070745e+00
5.134293624272194823e-01,2.175191948395242658e+00,4.241442329103016107e+00,1.438277873312338695e+00,2.497087635476983980e+00,2.666968595298377043e+00
4.358480698148468058e+00,2.268731414617601416e+00,4.545461974159512586e+00,2.931381890786571187e+00,2.344607910631419045e+00,4.638120561424434740e+00
2.111439762181219759e+00,1.802136525349812501e+00,4.763206508038060782e+00,3.256154663922289139e+00,3.310839205971957799e+00,3.392753194755383284e+00
2.409274686318362058e+00,2.658451049962413215e+00,3.365928699126087942e+00,4.744912833713429201e+00,4.665669183301807799e+00,3.605708840072303634e+00
8.018304704054470822e-01,1.961250414900149286e+00,2.540884713762061153e+00,2.863759073014937151e+00,5.114618679160758852e+00,1.359168652617206430e+00
1.599497658866705363e+00,3.041030371063043081e+00,4.682578455013696406e+00,6.224787366648003584e+00,6.806459560883533655e+00,3.966059326420720232e+00
2.511139761106173651e-02,1.669611721833868856e+00,4.603361085651149764e+00,3.483987500810975746e+00,5.607951287240314997e+00,3.127860586528913078e+00
2.199342574569615572e+00,4.321001406063401440e+00,5.339636008493075181e+00,3.867451244937822441e+00,5.424922757825603625e+00,4.310036296441146497e+00
2.776712991211712556e+00,7.095739695768896738e-01,4.127088151208820221e+00,3.703557846235279172e+00,3.699025375516930225e+00,3.272684717691467071e+00
1.338717462620472309e+00,2.872939331401685337e+00,2.953229136647780528e+00,3.369559113866577249e+00,3.441736059592712671e+00,4.564120210970554758e+00
2.313661705739708641e+00,2.242379513786800338e+00,5.556997442138180254e+00,4.200154955748817365e+00,3.715029714600250443e+00,1.897836990450255001e+00
3.128096865764228518e+00,4.805528354882497410e+00,6.084043521170943158e+00,5.348269061217768794e+00,5.580439310061571234e+00,5.635517047508375121e+00
0.000000000000000000e+00,0.000000000000000000e+00,0.000000000000000000e+00,0.000000000000000000e+00,0.000000000000000000e+00,0.000000000000000000e+00
1.412657239312999913e+00,3.554053863654710987e+00,3.107339915744045555e+00,4.218914518536805325e+00,4.314811591160144566e+00,4.027095441904966044e+00
2.284703911357980566e+00,5.383069892041188353e+00,8.127667574003124784e+00,6.743310993480079674e+00,6.299275073526527713e+00,4.812988537760014118e+00
1.763328102771444694e+00,4.025811890185989839e+00,6.608151798533800303e+00,5.970984720315671623e+00,2.842354904974565777e+00,4.633258326155129225e+00
1.458168505735349507e+00,9.115223713169267050e-01,2.790935623262933873e+00,1.984014415744544735e+00,1.450608122809305289e+00,2.586022051033673996e+00
1.884542040310008826e+00,2.106295606347989402e+00,3.169072737946805773e+00,7.846218924508505665e-01,4.454932764312857785e+00,2.585801294514064708e+00
2.625324079914441278e+00,2.583221014580835195e+00,2.432521851068313978e+00,1.810743426221908425e+00,3.564159832113277915e+00,4.241424302811060976e+00
3.091408917979650894e+00,2.721082009539282698e+00,2.441365870051535047e+00,2.890553929699020586e+00,3.786067406765437848e+00,4.114975233922942621e+00
0.000000000000000000e+00,0.000000000000000000e+00,0.000000000000000000e+00,0.000000000000000000e+00,0.000000000000000000e+00,0.000000000000000000e+00
3.354689347917800823e-01,1.697334229674377859e+00,3.855078831297196640e+00,2.700085552423094448e+00,4.184614105176551746e+00,3.602422992584001893e+00
0.000000000000000000e+00,0.000000000000000000e+00,0.000000000000000000e+00,0.000000000000000000e+00,0.000000000000000000e+00,0.000000000000000000e+00
1.415716153354232620e+00,1.436411850601405416e+00,3.391301394019162085e+00,2.474425450844908170e+00,3.083442213040443747e+00,3.405592178185480989e+00
3.744248265652978525e-01,1.935847139888647650e+00,4.585116897886369891e+00,2.373907349172582837e+00,4.990148350472331629e+00,3.379633721707153704e+00
0.000000000000000000e+00,0.000000000000000000e+00,0.000000000000000000e+00,0.000000000000000000e+00,0.000000000000000000e+00,0.000000000000000000e+00
0.000000000000000000e+00,0.000000000000000000e+00,0.000000000000000000e+00,0.000000000000000000e+00,0.000000000000000000e+00,0.000000000000000000e+00
0.000000000000000000e+00,0.000000000000000000e+00,0.000000000000000000e+00,0.000000000000000000e+00,0.000000000000000000e+00,0.000000000000000000e+00
0.000000000000000000e+00,0.000000000000000000e+00,0.000000000000000000e+00,0.000000000000000000e+00,0.000000000000000000e+00,0.000000000000000000e+00
5.197030277310912272e-01,1.819291904711315633e+00,2.858908855102223701e+00,3.962293893026196834e+00,8.086310071341060279e+00,3.375562937072305036e+00
9.712052736145175835e-01,3.921347356494860659e+00,4.224394962592246117e+00,5.383797072908313552e+00,6.924966246010864523e+00,4.675105522015852166e+00
1.765287467691980527e+00,4.173896854038045667e+00,5.007662315731668201e+00,5.851356032855544065e+00,6.859950591015864241e+00,4.226745759963048243e+00
