VR1,VR2,VR3,VR4,VR5,VR6
2.098947990191452284e+00,3.066538224839348015e+00,5.093397660655377912e+00,4.089054069704397776e+00,3.165552740599183235e+00,4.100856886954119318e+00
2.198013140927559395e+00,2.989442395618862935e+00,4.902650332403922562e+00,4.088370236823467785e+00,3.145262158802691665e+00,4.289496580600836495e+00
2.352423148980483880e+00,2.969612779850512307e+00,5.063751279453274634e+00,3.879804510462551370e+00,3.021089254628444021e+00,4.261673061518543193e+00
2.412531067675049101e+00,3.071517880581728033e+00,4.948658264370286552e+00,4.008954920990381865e+00,3.111708239017070277e+00,4.441849492331538585e+00
2.281512376412170529e+00,3.096192477444218660e+00,4.742476637297513342e+00,4.282276235483132965e+00,3.463741464978263185e+00,4.196335918634026108e+00
2.186078422137505139e+00,2.780393837619203445e+00,5.021354155831463828e+00,4.265654100686492534e+00,3.206279080000477677e+00,4.230982566053491212e+00
2.112610072344352830e+00,3.006875771324251545e+00,4.878116750880863606e+00,3.938704636229974021e+00,3.224700404929224273e+00,4.044081034865784297e+00
2.313630573638857157e+00,2.948051646721586483e+00,4.780734460595219559e+00,4.130315418804612726e+00,3.105573474331206452e+00,4.344133733228842331e+00
2.242743134281715456e+00,2.784254514792837920e+00,5.209388831715463297e+00,4.218807813389773287e+00,3.259582205447627778e+00,4.224418233093460096e+00
2.336294059508553733e+00,2.928382076641321330e+00,5.038059666038011919e+00,3.976936955906081650e+00,3.176959326847747178e+00,4.235096286692315637e+00
2.536439923950300823e+00,3.039598979099290776e+00,5.034458811626869590e+00,3.989247599571534852e+00,3.098102195968338357e+00,4.167304600835095130e+00
2.577706357847324270e+00,3.350095023115913673e+00,4.853598971314650790e+00,4.231962202246175586e+00,3.366571032657148965e+00,4.387953910961029713e+00
2.263462824233910986e+00,2.932271949727920379e+00,4.910245764426659498e+00,4.181586399029908918e+00,3.483073910219351532e+00,4.341652943410998944e+00
2.110227962510279998e+00,2.746465320908851204e+00,5.306050678371561524e+00,4.055628268082217325e+00,3.194178131131802711e+00,4.204628179792759823e+00
2.175936177652224579e+00,2.940811676554221599e+00,5.178841570716734566e+00,4.165283804111558297e+00,3.199367562740490278e+00,4.133727734328368264e+00
2.145092750497667566e+00,3.016025179206967888e+00,5.098833260806805434e+00,4.001106473933457863e+00,3.139614529527906761e+00,4.334495995322164674e+00
2.138811243821149954e+00,3.110254047794188903e+00,5.166806014480985532e+00,4.168377265999609449e+00,3.387510184279309389e+00,4.165836478754403771e+00
2.139307229602060545e+00,2.969241037445997211e+00,5.261211708142957022e+00,3.935917403588752528e+00,3.198855965581569372e+00,4.245270261447251059e+00
2.339560400790220207e+00,3.196670369124964051e+00,5.033688806328417975e+00,4.198764368598938646e+00,3.399071348561625072e+00,4.276614116607909466e+00
2.219133912354946059e+00,3.027971742474312666e+00,4.949084032597314220e+00,3.768073550021684426e+00,2.994442263109968305e+00,4.382430053258181246e+00
2.387091271402423498e+00,3.041417872756142948e+00,4.822753960959534680e+00,4.011090827269874204e+00,3.382795454429635473e+00,4.233414048130747176e+00
2.484929547023421836e+00,2.829327996205509788e+00,4.974397914156604372e+00,4.224136128207845786e+00,3.542440486812119538e+00,3.883640595370167592e+00
2.589622887660961492e+00,2.637362694666020690e+00,4.886637659698933156e+00,4.038798229811450646e+00,3.217703569655747220e+00,4.256554866496682799e+00
2.585198372710780124e+00,2.858014950494121909e+00,4.891667257942438063e+00,3.922545290466766144e+00,3.190696666531080083e+00,4.194698721106405515e+00
2.733975399902267789e+00,3.096145701870064215e+00,4.954575271276446813e+00,3.904217434807474518e+00,2.940973609383938925e+00,4.143347870198847538e+00
2.700488542864089681e+00,3.339341095075167853e+00,4.810304459190929194e+00,3.863441092753295170e+00,3.376870147636294117e+00,4.199342722553147667e+00
2.583427321280940880e+00,3.082447040674087368e+00,4.907177604262943582e+00,3.918067650417332182e+00,3.061684715898070674e+00,4.155320587416396094e+00
2.594025995279550134e+00,3.053932711794758337e+00,4.736112361873286325e+00,3.901241423959388666e+00,3.175405448173013845e+00,4.199900418276850012e+00
2.490649534641271146e+00,3.029697112957522975e+00,4.638494479817199867e+00,4.009169144049991473e+00,3.545382779851612653e+00,4.105192995919940913e+00
2.509070057918841190e+00,2.827560451526083263e+00,4.635607243862100546e+00,4.026866383194835031e+00,3.304593619720405329e+00,4.163667839265262849e+00
2.594717894485021770e+00,2.746480023382811275e+00,4.888274816279112756e+00,3.945051437901630376e+00,2.930400766932830692e+00,4.257717900400803224e+00
2.670118915654647651e+00,2.894338965409186670e+00,5.090334911036269894e+00,3.934623820914109338e+00,2.837292078953260521e+00,4.044795923959694228e+00
2.465722421976542122e+00,2.785905152409190233e+00,5.180811337979045028e+00,3.988424293318586500e+00,3.078586354113641566e+00,4.305026082353455408e+00
2.333568572156202947e+00,3.180839622834245262e+00,5.236531444084188358e+00,4.000722470019383969e+00,3.250765372847910228e+00,4.393736160068469232e+00
2.402473301679791895e+00,3.048745346057906591e+00,5.200204652235906444e+00,3.910419562324663367e+00,3.265303609431757792e+00,3.922277000958601878e+00
2.444701272567594508e+00,2.987186619942764132e+00,5.020944002317623500e+00,4.036292063406639485e+00,3.240693742941969102e+00,4.270315114635766740e+00
2.530728218289766573e+00,3.063537523121069750e+00,5.038153945919725096e+00,4.116781694122559898e+00,3.113038607306329641e+00,4.221684748623292904e+00
2.558977090709960489e+00,3.008895549447237805e+00,5.084806558760967654e+00,4.090144559255535661e+00,2.886765084784430169e+00,4.263841144355925650e+00
2.462628009722686251e+00,3.167273121747301357e+00,4.831109434422658389e+00,4.060370753905318431e+00,3.118600341503163342e+00,4.232934843617657705e+00
2.399822826348441573e+00,3.156808843042880675e+00,4.986032393923991890e+00,4.263750004233871849e+00,3.352140537013119648e+00,4.119829195425001700e+00
2.250044339893315204e+00,2.976262445896287634e+00,4.943750959728536287e+00,4.036265237996429001e+00,3.229686279681830641e+00,4.308406170474718522e+00
2.308457386103120346e+00,2.986917254686469292e+00,5.125469544449709147e+00,4.153799068185055177e+00,3.242964506421481818e+00,4.233929474009689109e+00
2.459188742673717343e+00,3.280841606719619996e+00,5.275872124607392522e+00,4.147318663176383424e+00,3.143198353407644419e+00,4.220409874332976763e+00
2.397464061584698491e+00,3.300054954748412150e+00,5.150033233257292231e+00,3.985585581203206385e+00,3.423991095597048506e+00,4.090066686282109565e+00
2.458696857648257961e+00,2.974628290462148605e+00,4.832276582879329041e+00,4.027017091941441862e+00,3.393831824126893437e+00,4.344779724555336564e+00
2.581782831440635029e+00,3.012089504274894303e+00,5.183792264236657843e+00,4.107676313083765685e+00,3.116152697416753270e+00,3.975182564520973294e+00
2.545600640798365788e+00,3.093504488014074294e+00,5.231003078578472909e+00,4.075086764673240047e+00,3.134612445618491616e+00,4.109356866106095296e+00
2.372983933897247599e+00,3.230591862653748869e+00,5.124110928701241185e+00,3.997021829547164451e+00,3.262955766685895043e+00,4.136845946437622601e+00
2.487439879439002244e+00,2.961305665068082238e+00,5.009935951626655282e+00,4.137546259303095830e+00,3.159308687109108948e+00,4.247966254669850450e+00
2.299809985023841374e+00,3.122560502043238095e+00,4.890397271308621008e+00,4.041562060060141626e+00,3.323690972260287868e+00,4.391892527405669711e+00
2.221672193964926656e+00,2.961896929216599972e+00,4.918335043498766268e+00,4.078929562937890552e+00,3.222454099819663575e+00,3.995207692846345804e+00
2.143680252179890111e+00,2.957315319784667551e+00,4.930126280215819889e+00,4.235087549497452031e+00,3.102850539968877275e+00,4.420577737115620742e+00
2.148115480993558535e+00,2.943225874390952956e+00,5.092482194342371038e+00,4.161270043906079685e+00,3.265849961227431208e+00,4.228535367033596337e+00
2.123305493041395930e+00,2.985316782843024264e+00,4.962280911904011660e+00,4.128782535916255547e+00,3.260263254832136859e+00,4.158768198937786487e+00
2.031339095058194211e+00,3.022570077840931013e+00,5.009202677313824736e+00,4.280889786187513479e+00,3.286706979155477715e+00,4.298661634723866420e+00
2.202290430262417331e+00,3.107225294459296627e+00,4.908705014967064351e+00,4.162242904060296844e+00,3.178539429954397200e+00,4.137375008762512074e+00
2.411676560251419854e+00,2.932762570963433735e+00,5.039536412739845872e+00,4.240639695215286054e+00,3.163125907442485563e+00,4.024455906671128069e+00
2.325391049929722342e+00,2.775803432056579201e+00,5.042147057117869480e+00,3.873516857253806123e+00,3.280536784998585809e+00,3.965427624975164544e+00
2.643483501469577668e+00,3.040491546505442955e+00,5.038534905602596758e+00,3.942027781975840917e+00,3.083823309938835688e+00,4.260461357573124275e+00
2.505714599489453409e+00,3.102936850993217810e+00,4.855072411736822247e+00,4.034426209576876587e+00,2.927799359611668706e+00,4.369127739166522417e+00
2.608493135403973540e+00,3.207278861535959980e+00,5.096690884280127065e+00,3.845095717943753044e+00,3.254924285915247406e+00,4.310803011042147581e+00
2.579194533845485804e+00,3.035650730443437695e+00,5.086476273432939621e+00,4.035986746418182669e+00,3.144914617628079334e+00,4.183595559323824098e+00
2.604724543603774478e+00,3.143943325563526958e+00,5.164022039335528724e+00,3.871962312974167375e+00,3.122913906665888195e+00,4.161173017631342397e+00
2.600575901550290503e+00,3.291998241749222842e+00,5.053940508798631548e+00,4.147407996508865935e+00,3.477691445456804420e+00,4.252140199138346510e+00
2.390659853752099995e+00,3.236349631738491439e+00,4.790773774174274635e+00,4.280880240068936970e+00,3.447628617107029836e+00,4.190880846925663761e+00
2.358921687080294483e+00,2.999605890825779220e+00,4.746940037566418802e+00,3.853365885841740557e+00,3.127354157230829212e+00,4.309766681158038182e+00
2.308928289682889545e+00,2.935093514654779412e+00,4.768388695606601502e+00,3.993148080614412176e+00,3.120498260583896233e+00,4.301412085419269893e+00
2.375822212636549580e+00,3.085415184090531948e+00,4.810356141264167995e+00,4.201176775422283072e+00,3.109384543444926319e+00,4.268878442317514121e+00
2.313210481730804791e+00,3.187905969474025270e+00,5.029982196071485667e+00,3.868172466954396871e+00,3.164078463351557513e+00,4.236599217959436281e+00
2.459209961954571533e+00,3.287093521828732712e+00,5.094700447986181047e+00,4.141061282823502054e+00,3.086189075506052149e+00,4.426416751096865276e+00
2.288294763774631591e+00,3.336107328661626070e+00,5.147467369135949156e+00,4.152562223985659884e+00,3.342182498973366833e+00,4.206761362373438118e+00
2.247917804910389172e+00,3.370414954830474485e+00,5.181860089198912611e+00,3.872939346263221783e+00,3.308187205684730792e+00,4.477992305448101895e+00
2.727920879838234391e+00,3.269520932518625855e+00,5.124684917215120095e+00,3.973872284614754058e+00,3.219135552773018105e+00,4.179955445945481962e+00
2.712542757830217255e+00,3.137755520133606701e+00,4.983672595198799016e+00,3.950559052696198226e+00,3.278447555263234392e+00,4.329939087018290778e+00
2.739563213133521025e+00,3.220637853338901291e+00,5.014314405419662002e+00,3.878812452203850736e+00,3.102912306825921451e+00,3.937760509663892794e+00
