VR1,VR2,VR3,VR4,VR5,VR6
2.411356628998025720e+00,2.852075943168257854e+00,5.129194950291605437e+00,4.089710677454175602e+00,3.383761697946502167e+00,4.275092202750427006e+00
2.560212720434740685e+00,2.825572099803383974e+00,4.922116311121759402e+00,4.249233357898115848e+00,3.108283090987000730e+00,4.131529758358708726e+00
2.710070703552751592e+00,3.247940070796091039e+00,5.025657970471996805e+00,4.228596578658422089e+00,3.356326353319672329e+00,4.266124461651876310e+00
2.682155241582062200e+00,3.158723731695157078e+00,4.843700535905919757e+00,4.121632023095514796e+00,3.234757804361106270e+00,4.144142333788887633e+00
2.543168275916796617e+00,3.140760112202083398e+00,4.818107890493859458e+00,4.111634284403144157e+00,3.199260595459429979e+00,4.235020206118240260e+00
2.621539931786605937e+00,2.971655502780254920e+00,5.054128441486060552e+00,3.968827221766426216e+00,3.219244500791092367e+00,4.179574884903868970e+00
2.635238276697625892e+00,2.849672917942177364e+00,4.964858994376622370e+00,4.213881241755530915e+00,3.185972122812083196e+00,4.134021882263511749e+00
2.501927072038585553e+00,3.264733426116031456e+00,5.045762588835378537e+00,4.319212485033674831e+00,3.323981952669882389e+00,4.361715289222619418e+00
2.491131061524509693e+00,3.228364515757940811e+00,5.179846537341521007e+00,4.101548058556507392e+00,3.378191588156175929e+00,4.253508696356056440e+00
2.344636864698574907e+00,3.222226915428210159e+00,4.955439318620438627e+00,4.486123526890445135e+00,3.422049768389928026e+00,4.211663018612518350e+00
2.431614177933807852e+00,2.637461578430077225e+00,5.114206472942090187e+00,3.788760667935261672e+00,3.656432500757124782e+00,4.251736345930003047e+00
2.670633974776686514e+00,3.263876348593794052e+00,4.861365500438382448e+00,4.291850264146238381e+00,3.374554227938014961e+00,4.215829896059953619e+00
2.660367418827791042e+00,3.204827717751160154e+00,5.233021833931494449e+00,4.257141877906530425e+00,3.414163440492707924e+00,4.303990579120309690e+00
2.509286632511261050e+00,3.175891813850011847e+00,5.268536432056164287e+00,4.352143593973039515e+00,3.091391291248092532e+00,4.219686333254045962e+00
2.518035534365814065e+00,2.991749586309727871e+00,4.844550175561588290e+00,4.273476259033585301e+00,3.261327851949666012e+00,4.075007183829385760e+00
2.597296197010865004e+00,2.925584863877410235e+00,4.917643655401723102e+00,4.057483262724058903e+00,3.421880765570842087e+00,4.132599264910718162e+00
2.401036680303303861e+00,2.856346234078559920e+00,4.682979156619623495e+00,4.089118715390709369e+00,3.332823142205724842e+00,4.257390698679147434e+00
2.194975735019359053e+00,3.019990065026767923e+00,5.081546971123451328e+00,4.223413177685154452e+00,3.047353479830991585e+00,4.348654800740571424e+00
2.247989789299916108e+00,2.806917354138132037e+00,5.151025406410116858e+00,3.870508898346374682e+00,3.341540958343747203e+00,4.147217079286958707e+00
2.146276602551486778e+00,2.803348942045706949e+00,4.729118043986717979e+00,3.966112132714353145e+00,3.169844526442858523e+00,3.961933103662175881e+00
2.154170502990351732e+00,2.879388146196685039e+00,4.993658256987484556e+00,4.074476519543369868e+00,3.174833425652915153e+00,4.132482752758349420e+00
2.089153381492383055e+00,3.151992671230775755e+00,4.983713172922139556e+00,3.930860538543601734e+00,3.068130705492928989e+00,4.107614308630293642e+00
2.150935619842555546e+00,2.844250515943525848e+00,5.139715271146211961e+00,3.811487085880374437e+00,3.188421464577855247e+00,4.105143397609128719e+00
2.208095258523461890e+00,2.936919593960565233e+00,4.811418981359492975e+00,3.803193916315064094e+00,3.020811837608972095e+00,4.085998443934650837e+00
2.480888670979597865e+00,3.012324974360049534e+00,4.974771267598237401e+00,3.738030369352819626e+00,3.108075932773334937e+00,4.139705422761407405e+00
2.485474063546184720e+00,3.111615796778070209e+00,4.618934757603472718e+00,3.969062408533838848e+00,2.989152183959573605e+00,4.192952848732234727e+00
2.672379227206104879e+00,3.346896211653359821e+00,4.933175309350964710e+00,3.918856339685726109e+00,3.109898546670393227e+00,4.247042144518783147e+00
2.286365114596656589e+00,2.940358862566636144e+00,5.174624578986262158e+00,4.523063110239244899e+00,3.033769344168245397e+00,4.189950225516649418e+00
2.196104308819208928e+00,2.958645999692861128e+00,5.344221167080182688e+00,3.910488363233911357e+00,3.478885628407117903e+00,4.211368901248856211e+00
2.234139046880036172e+00,2.967179028080886294e+00,4.746762214176476924e+00,4.125292305430860118e+00,3.211601138658420673e+00,4.094567302340586856e+00
2.224676362786845996e+00,2.964241051369719493e+00,5.063334535977755735e+00,3.910624047284659177e+00,3.240919228003183772e+00,4.213235537420138677e+00
2.216460278400319783e+00,3.176674136501197232e+00,4.963213477168338272e+00,3.995896757135158239e+00,3.130139859601277941e+00,4.401585267597957873e+00
2.331732937187886101e+00,2.985646328313473319e+00,5.004682346511229341e+00,3.740540005624786168e+00,3.356555743936677771e+00,4.318281558856259750e+00
2.268425751322710404e+00,2.823186241202462199e+00,4.694007090148862638e+00,3.877448042247644278e+00,3.006664514730814197e+00,4.290328491937981603e+00
2.265059682169405786e+00,2.772904239319017083e+00,5.068613247505322050e+00,3.856155478235853362e+00,3.220328819103936091e+00,4.281290082286639098e+00
2.521891799462889772e+00,3.178510894890917537e+00,4.728548760555447927e+00,4.173823582747317573e+00,3.034557599789786675e+00,4.261068770739907308e+00
2.463341720127242951e+00,3.205678449210215941e+00,5.365421637726651483e+00,3.964080610231147883e+00,3.002989084304680034e+00,4.292538020920928510e+00
2.541310762987890381e+00,3.076121809353109970e+00,4.715729998821704960e+00,4.023226708650271988e+00,3.208284713830218848e+00,4.133348433619452145e+00
2.516026305854419665e+00,2.892778870984221040e+00,5.018577888968123624e+00,4.079465420250233620e+00,2.936882391159431727e+00,4.194161397999011776e+00
2.178707107689946909e+00,2.870052259939090966e+00,4.936110733914404136e+00,4.150340859757183587e+00,3.092125990842955918e+00,4.079135021167894948e+00
2.301162765784874775e+00,2.970802259236444698e+00,4.797192980105022819e+00,4.089652132269343099e+00,3.169920717174894431e+00,4.219521133872410346e+00
2.353018722394486062e+00,2.875192631289110068e+00,4.940962144852331761e+00,3.855665045197151031e+00,3.087541857737038598e+00,4.047389176787221210e+00
2.383485280814074514e+00,3.256295868544000438e+00,4.725705451587567829e+00,4.023281776220791528e+00,3.101609909710627111e+00,3.955291558800337892e+00
2.058548120084438438e+00,2.780103306945724828e+00,4.930318976228369010e+00,3.983106083262051733e+00,3.239202468472626162e+00,4.021617675434647765e+00
2.225582651076638108e+00,2.730049765865054212e+00,4.882544797771702250e+00,3.794295342061063003e+00,3.205545026414266641e+00,4.117445061429695130e+00
2.334102171024995620e+00,2.814054659669849912e+00,4.817893737835523993e+00,3.985849803012866399e+00,3.116539384234956245e+00,4.089012759750644932e+00
2.448291428728858410e+00,3.054450533334937656e+00,4.740544575182870091e+00,4.173696961234990788e+00,3.016188183479139528e+00,4.041963790218919605e+00
2.479044840348994416e+00,3.057461491393134612e+00,5.104946832814387214e+00,3.859068436868184904e+00,3.164038403653671505e+00,4.116653475828418784e+00
2.684540404678809722e+00,3.110990665488184259e+00,4.718129899934600857e+00,4.076164708989897356e+00,3.435688458334887674e+00,4.248615376305695079e+00
2.793460233106035417e+00,3.119148979669507771e+00,5.026040148224529602e+00,4.289664276155079392e+00,3.476762715556874106e+00,4.204265410003828585e+00
2.807067771513910959e+00,3.287371853974662805e+00,5.336316339255942509e+00,4.352490228126980831e+00,3.579748281337927995e+00,4.159811441706679602e+00
2.650225967141195849e+00,3.191521154625474921e+00,5.199458062024932659e+00,4.712344705652991905e+00,3.474157550078703860e+00,4.177777010422952131e+00
2.403324882020279052e+00,3.046837115308263844e+00,5.331250397258985529e+00,4.146893779410161684e+00,3.678941641202592816e+00,4.204114248628379791e+00
2.268865117764694794e+00,2.974969949431248040e+00,5.221387011915708420e+00,3.921929622409415117e+00,3.434742766265117098e+00,4.161581363519740506e+00
2.411241875630585341e+00,3.060779211325054927e+00,5.014329296969353145e+00,4.142731220805515591e+00,3.278991218469212043e+00,4.256847289779902788e+00
2.668724908463388168e+00,3.110395426038659483e+00,4.887907292585477848e+00,3.985114065790036353e+00,3.185769426141876082e+00,4.487689319777287800e+00
2.507058352614452090e+00,3.107098838821004794e+00,5.149798807952936208e+00,4.023217675604076504e+00,3.198184256344636101e+00,4.154388287064959329e+00
2.552295211556153909e+00,3.076499378578899879e+00,5.178356447490338965e+00,3.981927976711213457e+00,3.148600354295443715e+00,4.445158222861461006e+00
2.453649825149963881e+00,2.999829841989758439e+00,5.029868846650003000e+00,4.025170313963856827e+00,3.369512031059381574e+00,4.257215993455703007e+00
2.618731807200739947e+00,3.135489674393602488e+00,5.156846148484881986e+00,4.295228808273971133e+00,3.094050830564414767e+00,4.421880749961457191e+00
2.396016535892388166e+00,2.899048156019236266e+00,5.207766384981392882e+00,4.057073381885130559e+00,3.251619495084684619e+00,4.388541291546712131e+00
2.414341436000192243e+00,3.156887290679514013e+00,5.223675072664876851e+00,4.292980328291307046e+00,3.286285928426548431e+00,4.267603898218813363e+00
2.407352458920272831e+00,3.178446802161271734e+00,5.432215291422611614e+00,4.063322982051162491e+00,3.205568084430449716e+00,4.240083620249833984e+00
2.164704635563533319e+00,2.846210779657044831e+00,5.100157887327016581e+00,4.043977782704106794e+00,3.281098584649905892e+00,4.178135341558962601e+00
2.294874831298410189e+00,3.325316398691719577e+00,4.957510889889134020e+00,4.126876716723536731e+00,3.139758451932089134e+00,4.362006835336140753e+00
2.145499731470167148e+00,2.737679870793101156e+00,5.007067613474984746e+00,3.961572715119078492e+00,2.966673033917597735e+00,4.386036748621292780e+00
2.119854606938662567e+00,3.010790777770572912e+00,5.274836826765358921e+00,3.911182243637997047e+00,3.070687660542120057e+00,4.544921389181749483e+00
2.052559136246628668e+00,2.886268151167588947e+00,5.049312642312822952e+00,3.918899762540070331e+00,3.144519448561260866e+00,4.423233567901039720e+00
2.063216178496570130e+00,2.720314717218047296e+00,5.046015423409111911e+00,4.004414366025625505e+00,3.471230060548329721e+00,4.446688116346218855e+00
2.546888174466248600e+00,2.978056720304152805e+00,4.963058353347423513e+00,4.008722136725815233e+00,3.188838957312390754e+00,4.389033802604554779e+00
2.239549646959373419e+00,2.914760613633860409e+00,4.946095653944778903e+00,4.176228345278262033e+00,3.196205347256172224e+00,4.242168631484343422e+00
2.376455822478400037e+00,3.165560658700721675e+00,4.936239495044475234e+00,4.109904867952399066e+00,3.351859074712498554e+00,4.256408616837573433e+00
2.367843440966276081e+00,2.862518718094698489e+00,5.264036096618820437e+00,4.030788987553107106e+00,3.387880355335197269e+00,4.318894335419735775e+00
2.496883982692070347e+00,3.277379605740023738e+00,4.942164023096538905e+00,4.004905849456174671e+00,3.394478497564556108e+00,4.290047443350042400e+00
2.498115899919352234e+00,2.968857158684696351e+00,4.902254743371028844e+00,4.230186824801400292e+00,3.253625676848842296e+00,4.223087459015220091e+00
