VR1,VR2,VR3,VR4,VR5,VR6
1.676200452480516967e+00,1.608424727662610687e+00,4.233977159846212146e+00,5.219547442458814857e+00,4.201766758174161787e+00,4.259006560612525583e+00
1.397796866041012942e+00,5.288661133736969333e-01,6.127432704942586739e+00,6.070366014184974901e+00,3.306168531434636293e+00,3.865231868770048429e+00
1.488880794784444239e+00,3.522809743136886329e+00,4.963872734683311805e+00,6.649833532128814007e+00,2.296338922995544873e+00,4.702513040920341503e+00
2.717130751838598091e+00,3.195328601012281666e+00,4.408611219172698270e+00,5.910647909555004631e+00,5.713515862567168924e-01,3.417712966506969430e+00
0.000000000000000000e+00,0.000000000000000000e+00,0.000000000000000000e+00,0.000000000000000000e+00,0.000000000000000000e+00,0.000000000000000000e+00
1.822780127759351387e+00,3.741175459017352267e+00,4.904908570428432313e+00,6.693957057280901068e+00,2.727758057957381244e+00,3.048731323579186636e+00
1.646903471248305717e+00,1.550305736927910516e-01,4.382035030804125597e+00,6.318537716967902895e+00,2.509819337923632432e+00,2.927830713304410803e+00
2.213112816005984751e+00,3.380696797508966345e+00,3.483441481835954256e+00,6.411831173906664461e+00,1.759066882956261235e+00,3.917869690881740308e+00
1.897601763489671800e+00,1.490555657404289081e+00,1.602993865646362259e+00,6.410828312858452449e+00,2.094881569518466158e+00,1.100854181882327421e+00
4.604513084497050546e-01,3.357086340745743858e+00,1.835150480930148653e+00,6.323276767804394183e+00,1.450548241500570601e+00,3.831003579835202011e+00
2.138310605106019224e+00,1.587296668330496319e+00,3.650822820355745790e+00,8.871440666555152177e+00,8.808798750049171566e-01,4.732137278892590615e+00
2.387927625807910736e+00,6.974999896927406517e+00,2.992305628977847576e+00,7.508539751657487216e+00,1.540332576536244336e+00,4.073662832247682886e+00
4.071816062373416756e+00,4.107374651848468616e+00,3.589228809753496119e+00,4.028227337177440859e+00,3.060372804752326648e+00,4.330242916083917315e+00
3.823542893994051006e+00,3.535449312240981801e+00,4.916470218556290739e+00,1.902514372899431372e+00,3.850843339938527343e+00,3.262777282949590685e+00
2.587745852760760634e+00,2.581814926119326614e+00,3.615110510509857100e+00,2.791927937436128992e+00,5.063864754093704512e+00,5.885869887902957842e+00
3.752937372402897154e+00,2.942054756299200324e+00,3.805434511577967083e+00,3.891970259089950090e+00,2.919861648421592459e+00,3.475257435013747731e+00
0.000000000000000000e+00,0.000000000000000000e+00,0.000000000000000000e+00,0.000000000000000000e+00,0.000000000000000000e+00,0.000000000000000000e+00
5.024609867885416747e-01,3.552357429771110908e+00,4.467034905069652950e+00,3.408731249758747861e+00,5.787667702820916915e+00,4.165307225597393526e+00
1.154004382785891458e-01,5.118832286201401516e+00,3.552709801395427469e+00,4.063462664700296045e+00,4.488226234207366439e+00,4.318490989494845778e+00
9.234683607156635166e-01,1.793636047789308741e+00,4.412729755181689306e+00,4.569152338089598864e+00,4.977145126807766218e+00,4.199612776308280893e+00
2.193824466015799057e+00,4.339569338731599224e+00,5.442361271779110332e+00,3.996613021817239098e+00,6.021753497014334933e+00,4.906754215643861272e+00
2.466465612624735737e+00,3.750893262337399392e+00,4.495474699945607000e+00,2.355833517966681168e+00,3.730831380742102077e+00,7.305340805345073463e+00
1.664080310551276032e+00,2.081405323493240367e+00,3.694735270238754588e+00,1.483274004590792394e+00,4.708187884344568808e+00,3.642641416990338055e+00
1.290132101588634450e+00,2.098406239915445504e+00,7.163003849216859287e+00,1.216247140051721853e+00,5.220769033685993321e+00,2.510789492568286096e+00
3.307573758799998931e+00,1.404275920834075375e+00,7.408736313965255782e+00,1.585439254747544879e-01,5.097012006347172886e+00,3.360985701191721020e+00
4.812677653544733758e+00,2.537917969394370310e+00,4.675455272627614178e+00,1.775880698431095084e+00,4.676161135709233641e+00,4.959177445858364841e+00
8.586812916696602294e-01,1.877006311997339916e+00,3.763934345934566217e+00,3.538447631250409842e+00,4.223138769748286059e+00,5.113822295788874150e+00
1.141321542937126399e+00,4.480007293629281406e+00,1.897226180425266584e+00,1.743998599401391125e+00,4.973385921276959110e+00,3.480424896295958526e+00
9.636751115584307747e-01,3.609698350786363363e+00,2.694766433883111212e+00,4.288942825430366312e+00,3.061348094648875140e+00,3.111743670911047310e+00
1.396764118081965211e+00,3.230167301303612959e+00,5.115787591710334148e+00,6.836101084066177336e+00,7.563164023507700229e-01,4.626777907328128769e+00
1.760690678430189227e+00,4.246993149790581512e+00,5.391573584846662825e+00,5.412485424750340002e+00,1.422149929108145638e+00,4.489187105546124101e+00
0.000000000000000000e+00,0.000000000000000000e+00,0.000000000000000000e+00,0.000000000000000000e+00,0.000000000000000000e+00,0.000000000000000000e+00
1.202714346391900779e+00,5.615385069901722481e+00,6.012158110839505909e+00,7.972201516731613147e+00,4.730110931840063593e-01,2.378882017784126557e+00
0.000000000000000000e+00,0.000000000000000000e+00,0.000000000000000000e+00,0.000000000000000000e+00,0.000000000000000000e+00,0.000000000000000000e+00
0.000000000000000000e+00,0.000000000000000000e+00,0.000000000000000000e+00,0.000000000000000000e+00,0.000000000000000000e+00,0.000000000000000000e+00
0.000000000000000000e+00,0.000000000000000000e+00,0.000000000000000000e+00,0.000000000000000000e+00,0.000000000000000000e+00,0.000000000000000000e+00
0.000000000000000000e+00,0.000000000000000000e+00,0.000000000000000000e+00,0.000000000000000000e+00,0.000000000000000000e+00,0.000000000000000000e+00
0.000000000000000000e+00,0.000000000000000000e+00,0.000000000000000000e+00,0.000000000000000000e+00,0.000000000000000000e+00,0.000000000000000000e+00
0.000000000000000000e+00,0.000000000000000000e+00,0.000000000000000000e+00,0.000000000000000000e+00,0.000000000000000000e+00,0.000000000000000000e+00
0.000000000000000000e+00,0.000000000000000000e+00,0.000000000000000000e+00,0.000000000000000000e+00,0.000000000000000000e+00,0.000000000000000000e+00
0.000000000000000000e+00,0.000000000000000000e+00,0.000000000000000000e+00,0.000000000000000000e+00,0.000000000000000000e+00,0.000000000000000000e+00
0.000000000000000000e+00,0.000000000000000000e+00,0.000000000000000000e+00,0.000000000000000000e+00,0.000000000000000000e+00,0.000000000000000000e+00
0.000000000000000000e+00,0.000000000000000000e+00,0.000000000000000000e+00,0.000000000000000000e+00,0.000000000000000000e+00,0.000000000000000000e+00
0.000000000000000000e+00,0.000000000000000000e+00,0.000000000000000000e+00,0.000000000000000000e+00,0.000000000000000000e+00,0.000000000000000000e+00
0.000000000000000000e+00,0.000000000000000000e+00,0.000000000000000000e+00,0.000000000000000000e+00,0.000000000000000000e+00,0.000000000000000000e+00
3.505138145311783582e+00,5.221159392987372527e+00,2.849487228744420175e+00,5.235183119435109944e+00,4.699311437630009358e-01,4.091057744554897013e+00
0.000000000000000000e+00,0.000000000000000000e+00,0.000000000000000000e+00,0.000000000000000000e+00,0.000000000000000000e+00,0.000000000000000000e+00
0.000000000000000000e+00,0.000000000000000000e+00,0.000000000000000000e+00,0.000000000000000000e+00,0.000000000000000000e+00,0.000000000000000000e+00
4.760324488080378558e+00,3.751161946687325610e+00,6.429354308151442154e+00,6.273021651854467251e+00,7.456719784412171315e-01,5.253020973474363586e+00
0.000000000000000000e+00,0.000000000000000000e+00,0.000000000000000000e+00,0.000000000000000000e+00,0.000000000000000000e+00,0.000000000000000000e+00
2.241282024873002765e+00,6.028232922047161324e+00,7.819542925399915134e+00,5.768696484932204882e+00,2.092772367048563176e+00,3.571779925346595164e+00
3.841858022583363841e+00,2.348187116160326937e+00,5.754431400105037397e+00,3.897178559122099539e+00,3.648979814750545003e+00,5.262961923662482278e+00
1.868112563319219710e+00,4.882646126844628398e+00,4.814952917828264845e+00,6.697126469717316510e+00,2.781134552853915753e+00,6.027217374023623009e+00
3.571148062822787850e+00,2.405349171585619672e+00,6.883041615704714289e+00,6.272706564581788768e+00,3.564832375374011875e-01,3.732761321090654505e+00
0.000000000000000000e+00,0.000000000000000000e+00,0.000000000000000000e+00,0.000000000000000000e+00,0.000000000000000000e+00,0.000000000000000000e+00
3.106213883963468092e+00,2.597125070953963721e+00,4.980783252899825264e+00,5.991234658815138836e+00,1.581921071031980874e+00,5.527640355825287344e+00
4.181259385628758096e+00,2.988992857725573771e+00,5.316437101979358815e+00,5.720208110784319899e+00,2.403309969189848516e-01,5.650978691361185469e+00
1.372523059463007788e+00,3.263409381342830429e+00,5.466281748149572906e+00,3.777599505984992945e+00,1.466389457803112251e-01,5.526061767894605126e+00
1.999545009119388483e+00,2.407511901299606905e+00,5.162049131598493545e+00,4.519920014228667959e+00,2.978832191995904655e+00,4.221778452834498374e+00
2.655657257145227046e+00,4.043513765047858755e+00,5.209962413073887078e+00,3.148232715076977328e+00,2.140444028023281930e+00,2.969024916215581289e+00
1.424260269901872711e+00,3.424073873460316442e+00,6.463622120946732608e+00,1.782979965027151614e+00,2.633945656985893002e+00,3.346102427996060946e+00
1.237926631719242554e+00,2.443782610012911860e+00,3.735043015923413812e+00,8.905773553742442061e-01,6.451658745044099419e+00,2.854478904637262282e+00
0.000000000000000000e+00,0.000000000000000000e+00,0.000000000000000000e+00,0.000000000000000000e+00,0.000000000000000000e+00,0.000000000000000000e+00
2.244103892263066946e+00,1.288353878375379846e+00,6.064169066094095228e+00,8.364216782717122101e-01,4.232893700484251731e+00,3.160346592276941813e+00
1.650139099880401528e+00,3.675105403712459307e+00,5.211638692779942517e+00,3.189321083101062992e+00,6.122370958186913015e+00,6.478478251434093949e+00
1.064327605512016550e+00,1.120824903600373235e+00,7.393695413263463578e+00,3.676237511198742425e+00,6.194258226760847030e+00,2.352536610447859999e+00
2.677888045782724546e+00,3.063392558397969090e+00,3.653625286511759995e+00,4.061924594792758469e+00,5.551608756711026160e+00,4.333981922752819571e+00
3.388597490049003902e+00,4.785078644853092200e+00,4.107150240823115972e+00,2.516335922371138345e+00,4.378028031646474361e+00,5.698337605646572435e+00
1.469432085676914745e+00,1.828264935198620211e+00,2.871393783219826190e+00,2.984067529302918409e+00,4.993630093347745103e+00,5.615807484514191650e+00
1.102687042283338581e+00,4.139617007895637357e-01,4.842520359503424743e+00,2.630444834215377448e+00,5.106826941827531385e+00,5.422985848956449750e+00
3.018840448349549010e+00,2.226905998596236280e+00,5.543354824998939279e+00,3.345378963369507908e+00,5.930653095756107440e+00,4.438200851755826015e+00
1.853089595952124746e+00,3.585457754150919385e+00,5.124096950765047787e+00,4.048170152694138046e+00,4.974851214123741983e+00,4.535318358796639693e+00
1.765077934907021584e+00,5.566394016872077799e+00,5.585621316830049032e+00,2.902687133818930398e+00,3.603841864551920793e+00,2.207255958560707665e+00
2.622963528761164564e+00,3.697095956227154367e-01,6.651732265758176332e+00,1.348039105858816367e+00,6.543556778751689507e+00,2.499172122151002817e+00
2.907384172222844398e+00,2.216492807059735171e+00,8.676774202199258212e+00,2.049877009102568426e+00,4.776369623684576737e+00,4.039531775367024125e+00
3.982349541635416657e+00,2.101712879716724380e+00,8.396447133237350258e+00,2.287428474612015705e+00,4.677033407154351785e+00,4.854718838524799907e+00
4.353835726365988812e+00,1.714209695513984499e+00,5.675806349068572842e+00,2.417762816177555507e+00,4.993675680389516813e+00,2.795280068695452869e+00
8.641271873617752952e-01,4.009633320492814512e+00,3.861796246479415107e+00,2.745942703155654918e+00,4.055959504470009414e+00,5.531119589532643488e+00
1.698628169700992396e+00,2.883029057551017349e+00,3.988113819046276376e+00,1.752604013006541894e+00,4.345823284073372150e+00,4.020506658177966486e+00
1.130143489558194991e+00,1.800549539411159028e+00,5.042296582002550487e+00,4.318320748342475923e+00,4.654049337980113776e+00,6.640377369139258690e+00
1.811333310403788976e+00,3.137729336486069887e+00,7.710617047619931164e+00,5.204937969803333786e+00,3.113632862428253656e+00,5.993951552874353439e+00
4.934183774647678433e+00,1.427004902945979703e+00,5.675195153690079763e+00,5.759619628902565402e+00,2.985945781212265171e+00,4.816481908517227239e+00
3.640888099914210141e+00,4.714615172396070975e+00,6.270706332540576966e+00,3.264294538685382552e+00,4.257331697313709640e+00,6.145820408027795168e+00
2.154352414969387564e+00,2.766432795003439971e+00,5.013320593830417948e+00,4.827242259966282312e+00,4.457957090527922439e+00,5.626576951483732714e+00
5.462203978653947800e+00,4.968875126029336009e+00,3.829610475820875326e+00,5.075116031939392869e+00,2.637594778161064024e+00,4.840247127148858297e+00
7.580537888669298674e-01,3.664507302469857564e+00,4.183527727156481468e+00,2.119566691496149957e+00,2.659589457708503968e+00,4.111657063725109751e+00
2.516361543649547894e+00,3.050012450041545087e+00,3.489942137012837620e+00,1.922393067247484488e+00,4.699325756675048815e+00,3.470213947857939907e+00
7.438913482100093510e-01,2.773078262588853704e+00,4.805404617677792700e+00,1.939854928842863035e+00,6.470172481683359678e+00,3.755888285737888133e+00
1.519130273965258793e+00,4.367344130999382124e+00,1.763238218979878535e+00,3.892850956177025701e+00,5.502094532998409449e+00,3.806543717059605481e+00
3.410533743636947612e-01,3.642007333465949070e+00,3.724575797486733286e+00,1.616362341958433202e+00,8.963256147409300212e+00,4.416485355146015479e+00
7.549122890064772218e-01,3.377479724106463799e+00,4.652882541751486301e+00,1.153370112403708347e+00,7.609904731550627410e+00,6.475612418702896278e+00
3.839115211784247528e-01,2.972874710914436225e+00,5.321741510343072079e+00,4.421083332141675371e-01,9.133177558654068662e+00,4.098113183901228140e+00
0.000000000000000000e+00,0.000000000000000000e+00,0.000000000000000000e+00,0.000000000000000000e+00,0.000000000000000000e+00,0.000000000000000000e+00
1.051282940782385822e+00,3.308066015838208251e+00,6.142600248832968290e+00,1.827165115774840309e-01,7.567487052823405946e+00,4.876736706074857430e+00
7.872834800762393836e-01,1.206573433704851706e+00,8.877814769377692983e+00,2.686975320156205882e+00,5.253979164250089262e+00,4.579706060886091556e+00
6.095982788453456536e+00,3.209476207105599777e+00,5.951659195707528660e+00,2.791625615459998322e+00,5.404734008028555081e+00,4.122782881082516226e+00
1.619426057359762083e+00,3.224710534730807598e+00,8.211112964951546189e+00,2.087156424844668123e+00,4.254242007518549862e+00,2.527278218511789909e+00
2.304737036383665227e+00,2.791458130451768493e+00,7.888004753039592032e+00,2.983838233491485248e+00,4.534394775080079931e+00,6.876105860866757347e+00
2.795719141468962832e+00,4.414614467214319049e+00,8.457995484954587084e+00,4.241241109923361563e+00,3.767915172681689295e+00,5.720313369740592790e+00
3.513074041860623442e+00,2.465629718295826223e+00,8.138481597730232053e+00,3.321546628392286760e+00,3.051906180118792111e+00,3.916390617643273231e+00
4.284800869343865948e+00,5.533847828739135721e+00,4.099419049911288582e+00,3.103599222427069648e+00,2.823830332461830128e+00,3.514500042591074624e+00
4.674346327846063964e+00,4.995673651085393630e+00,6.372455077197796136e+00,4.558371604340672789e+00,1.663988127962132246e+00,3.631260625065762859e+00
5.767202467409859423e+00,1.921269244557626932e+00,5.166647081128972196e+00,5.489092209619627738e+00,1.930447946231254708e+00,3.321036903335814028e+00
4.578557570122336884e+00,2.882352368421198019e+00,2.661658414504552539e+00,2.848797391548644420e+00,2.579048851421410049e+00,5.320956916282296056e+00
4.216048288380082276e+00,3.477166665531917111e+00,2.048147937748993286e+00,3.344542656503410427e+00,1.484773115442513447e+00,3.020527966856779933e+00
1.217401934573007827e+00,1.603745861168394571e+00,2.366446247735066954e+00,4.396997360717662673e+00,1.488265356589431043e+00,1.208226325376800858e+00
1.864937839518617357e+00,1.412391202533140877e+00,2.810766867744515451e+00,4.461781135558299027e+00,9.715213402136768650e-02,3.399985943609457273e+00
0.000000000000000000e+00,0.000000000000000000e+00,0.000000000000000000e+00,0.000000000000000000e+00,0.000000000000000000e+00,0.000000000000000000e+00
2.342747939144794955e+00,4.026600239966228401e+00,4.080182722422412311e+00,7.339268745321116505e+00,7.287689631998848228e-01,1.560505119389816731e+00
3.522293731974091902e+00,4.382268685094997451e+00,3.129634223786330605e+00,8.822032985868464294e+00,5.040061722207336281e-01,3.990456775855946159e+00
0.000000000000000000e+00,0.000000000000000000e+00,0.000000000000000000e+00,0.000000000000000000e+00,0.000000000000000000e+00,0.000000000000000000e+00
0.000000000000000000e+00,0.000000000000000000e+00,0.000000000000000000e+00,0.000000000000000000e+00,0.000000000000000000e+00,0.000000000000000000e+00
0.000000000000000000e+00,0.000000000000000000e+00,0.000000000000000000e+00,0.000000000000000000e+00,0.000000000000000000e+00,0.000000000000000000e+00
2.899047395845919972e+00,4.140186288690614447e+00,5.079635212362923369e+00,7.014644542712038522e+00,6.953122467458237033e-01,2.995282822784127497e+00
3.324403364054535182e+00,3.529428097791444952e+00,5.306075854206524056e+00,5.165935869772808609e+00,2.394696290332202437e+00,4.732161168639231974e+00
0.000000000000000000e+00,0.000000000000000000e+00,0.000000000000000000e+00,0.000000000000000000e+00,0.000000000000000000e+00,0.000000000000000000e+00
3.414339629432565637e+00,5.416567172930554008e+00,7.591701067269553960e+00,6.272415133330047965e+00,6.700204355170011894e-01,5.940933828563155217e+00
4.686017266474161502e+00,4.191595774449121237e+00,6.820730863456740067e+00,7.346919897028100443e+00,1.169350730749611600e+00,3.656336467438724647e+00
4.054668408808907110e+00,2.740946760432877660e+00,6.480655453526361853e+00,5.079328837344172953e+00,3.113357833730441726e+00,5.294446548794822682e+00
3.400341484849656037e+00,4.351392242747930794e+00,5.363190613403107321e+00,5.229269913063979480e+00,2.219811660587350133e+00,4.044502320762121350e+00
3.141042924765359068e+00,3.586375428906924512e+00,8.012154707278131838e+00,6.499319098996771515e+00,3.112084448701582851e+00,4.708196605466309137e+00
6.108019519015789989e+00,4.115209776377771078e+00,8.609250446689493685e+00,4.170359653258789656e+00,3.362369709391364925e+00,7.252728013951919017e+00
2.099423137938056350e+00,4.139930432759616252e+00,1.057359306825986778e+01,4.999833156706947612e+00,2.561519435684762147e+00,6.585418499288509864e+00
4.020031348680818795e+00,4.396523751738600438e+00,1.183783526021190013e+01,2.973928964638163031e+00,4.077773673457313564e+00,6.470220568082293511e+00
4.607128402595654038e+00,2.625271857274717568e+00,8.855633422617723127e+00,1.615967970347788718e+00,5.163646322925586674e+00,5.274281891867213190e+00
5.185842083697339788e+00,3.584587516662512741e+00,7.238189069374874052e+00,1.621877433310666472e+00,3.070120431213477996e+00,3.954302607493653365e+00
1.717950066096441519e+00,1.104027829765154678e+00,7.482972751520057031e+00,2.235352821455476313e+00,4.538228318600893374e+00,6.076894770684171831e+00
2.061803787322265880e+00,2.315805364000219857e+00,6.792956821919855059e+00,2.810991002868580946e+00,5.027391219096928765e+00,5.727890826204511399e+00
3.589719173622850867e+00,2.521045535654977687e+00,6.513921494939843626e+00,1.866385505350427465e+00,3.981176373680749947e+00,5.976454503863021017e+00
3.209496692621933711e+00,3.695088016405369657e+00,6.024331876152942300e+00,2.715340667677163200e+00,3.299199383452044998e+00,5.758497802976403790e+00
1.814727580213267188e+00,3.937382224304332379e+00,4.933428600435677325e+00,4.108626855382476961e+00,2.936071053214170057e+00,3.547219375178356504e+00
3.523368009637626308e+00,4.912844256971776957e+00,4.115982691063574173e+00,4.021185239769892839e+00,2.733742793448437958e+00,3.501906227265370486e+00
3.700325890642885529e+00,2.719464499835884119e+00,4.457804312844723782e+00,3.639068152090621844e+00,2.967990182622520123e+00,4.227010121703180801e+00
3.024027025645324773e+00,3.950469688956355530e+00,3.455362269758942784e+00,2.933957956412723167e+00,4.536702174601670023e+00,2.461078496723873688e+00
1.750709486930338343e+00,1.739137448818556031e+00,5.418097988303182788e+00,3.487547453477949588e+00,4.150124193196587541e+00,4.082915482379671168e+00
4.487616153584749412e+00,2.235860162083118219e+00,5.196664185910606193e+00,6.541465704147199745e+00,2.557791676913348411e+00,4.458900022129975937e+00
2.247103209260454371e+00,2.424729889618371992e+00,7.298499228394844884e+00,5.481370329163183897e+00,1.071378876325077112e+00,4.454554059329543847e+00
3.247967658027438365e+00,5.316636157102837323e+00,8.261696213209235751e+00,7.788536251592828918e+00,9.903447634525126553e-01,3.759654088232646352e+00
4.815517131173681520e+00,4.058419262189436161e+00,6.434136219287092118e+00,6.149228588268968565e+00,1.212704469245654337e+00,3.888894145813092340e+00
3.858854004322814113e+00,3.093831241339477511e+00,4.610297360687598101e+00,4.957805421057575046e+00,1.280772172977830303e+00,3.125480731963123926e+00
1.877628221625803562e+00,2.463846749227844413e+00,5.385982243688161475e+00,5.001127034454025733e+00,2.052978624897856985e+00,4.567942036670549655e+00
2.927566741455543742e+00,9.486516586912818738e-01,7.286817068115318818e+00,4.777263101842595283e+00,3.732077309922402719e+00,4.915908125813129637e+00
1.978711979237391283e+00,3.697378567067678645e+00,4.799900563287103239e+00,4.737820245019216614e+00,4.219075615903587817e+00,4.939487538131871247e+00
2.686375434275313889e+00,2.372010620477897014e+00,5.270550611208903113e+00,3.828307531041735601e+00,1.145921409801331503e+00,3.216819697709504489e+00
2.687445081330751773e+00,4.071455228254567515e+00,6.464271186863957297e+00,4.572645462296919483e+00,3.105967549802073790e+00,3.763347197271893929e+00
3.470952129157858224e+00,2.551358349914104817e+00,8.017083551511275274e+00,3.444258419570813246e+00,2.303060695129323765e+00,5.059427288754981156e+00
0.000000000000000000e+00,0.000000000000000000e+00,0.000000000000000000e+00,0.000000000000000000e+00,0.000000000000000000e+00,0.000000000000000000e+00
4.129967019267846595e+00,2.920548650621538123e+00,8.054023129355670108e+00,4.919280343172300007e+00,1.131008889178054755e+00,3.608224410818561267e+00
3.844565711128847596e+00,2.815070046833452189e+00,6.316183666904687577e+00,3.493497229628579781e+00,3.590795263086760336e+00,6.781767743545549010e+00
2.890487811809576257e+00,3.135181235559941104e+00,3.888916981513467874e+00,2.037654858012324155e+00,4.668518184304902618e+00,5.040753254051672627e+00
