VR1,VR2,VR3,VR4,VR5,VR6
2.744599937184954541e+00,4.616164502949620996e+00,4.244261344825686066e+00,4.401722199428070859e+00,3.758578878670491452e+00,4.624995595043061236e+00
1.913083137593390326e+00,4.203194290096567087e+00,8.138926388599186268e+00,3.681471943054279272e+00,3.472041828360418414e+00,3.419140440719688367e+00
3.393739370265672850e+00,3.635058005415270355e+00,7.443551086515521220e+00,4.944838795143178700e+00,3.008569230015368134e+00,3.376856479662105226e+00
2.286574832263695622e+00,3.308350229009533905e+00,5.473034846810310938e+00,4.954310846121918743e+00,2.426557894652992875e+00,3.421140102710535480e+00
3.592109073291899435e+00,3.954325156106480943e+00,4.087248411780441515e+00,5.552868696386253689e+00,3.940616721872416406e+00,5.313201532687163997e+00
3.264302862265579641e+00,4.347117071023657964e+00,6.596806944061216704e+00,4.200978403576558051e+00,4.697093667791553351e+00,2.934101928600834963e+00
2.884852557939851181e+00,3.442794180680043503e+00,4.893438045482238152e+00,2.781386893343426259e+00,4.446179305033561846e+00,3.310338113764082824e+00
2.871479329484492027e+00,4.407911350971926545e+00,4.597200974943609353e+00,2.536777190733353393e+00,2.641570531094366014e+00,3.120886654016633344e+00
2.174142197747305882e+00,6.768898769316331610e+00,5.274587702333159989e+00,3.271466710571869108e+00,4.349568823908605886e+00,2.919212913217699601e+00
1.222214779775786075e+00,5.698330845054293547e+00,3.840334051162006102e+00,4.227807770194022652e+00,2.958424761634477207e+00,3.619497634150410370e+00
2.991916863705489149e+00,3.202713989580086462e+00,4.233667682618438732e+00,9.058417681472206162e-01,4.116988676815106274e+00,2.564412559947728987e+00
3.420772055877579376e+00,1.723604384332963146e+00,5.654096171357987366e+00,5.903599600416361781e+00,2.659477191090253267e+00,5.008370114551524033e+00
3.404066215164792020e+00,2.293657544750021149e+00,5.514034937525802427e+00,3.876172253069643858e+00,3.327694260376352631e+00,4.377022444153207736e+00
1.581412260374199352e+00,8.168571866976557239e-01,3.673181575815357647e+00,3.605584415348906280e+00,2.610452975369068174e+00,3.565926378862977586e+00
2.230671877066770836e+00,3.478528872085197232e+00,2.683560172227833718e+00,3.812405834934971871e+00,4.256790516230577914e+00,6.090300142951885931e+00
2.705392969423046079e+00,1.603691574940917297e+00,4.743870336178451552e+00,4.035962152962452976e+00,3.869872828957815258e+00,5.090440301119181221e+00
2.149781236365995163e-01,2.698442623166184884e+00,5.246801994414473924e+00,5.973904206275902240e+00,1.173389325404108341e-01,5.604319186697121147e+00
3.511083251848578168e+00,3.767524951777065478e+00,6.234619085497656421e+00,3.266705168763604838e+00,1.907190238423362327e+00,2.707136744980670251e+00
1.563102877939123392e+00,3.594172450102130156e+00,3.608129088251970984e+00,4.591900756582041332e+00,2.327877741566091174e+00,4.440146199707474040e+00
3.901317564994199572e+00,4.344953839286485042e+00,6.123418868807137372e+00,4.502194705179332068e+00,3.879982153061666938e+00,2.710040258604305308e+00
2.564517398461208408e+00,4.199460822638632962e+00,4.348883393387186658e+00,3.030401093022085490e+00,4.406355014228312328e+00,3.692749393496523425e+00
2.174396379738673613e+00,3.594254575965409426e+00,6.535274213367483931e+00,2.983284350817795971e+00,3.739729000395248804e+00,2.027091480371896903e+00
4.287393433332725934e+00,3.746614222480142864e+00,3.333461095351583303e+00,5.501891656567433841e+00,7.600501899194682665e-01,3.592725371838755954e+00
5.931976937167105390e+00,1.899137860701850533e+00,7.596613974683068093e+00,4.684341152226579652e+00,4.236970140503278692e+00,1.628265881419200589e+00
4.119097475918191975e+00,1.293705581341312305e+00,3.011961947037169907e+00,4.992360229048303566e+00,2.806747374070134970e+00,2.027493797437780021e+00
4.615125305154286650e+00,2.876098326196462995e+00,3.582178747892191151e+00,6.223315809892273620e+00,4.165769387890335906e+00,3.374988783931264447e+00
3.313591081493050705e+00,8.684595354014699176e-01,4.860862991161974733e+00,4.960182966550449990e+00,3.073743914549672773e+00,5.222607152547461773e+00
5.217711735045005739e+00,1.590657497862588476e+00,4.655307531205672866e+00,5.176621099719346475e+00,3.210128053537900872e+00,4.561319149717004251e+00
9.352086821234719682e-01,2.300830183686178643e+00,4.443766896991583337e+00,4.122374542834844391e+00,3.158126725407925495e+00,5.184421791060824347e+00
0.000000000000000000e+00,0.000000000000000000e+00,0.000000000000000000e+00,0.000000000000000000e+00,0.000000000000000000e+00,0.000000000000000000e+00
3.964572237805083610e+00,3.716918872887443381e+00,6.694307066850087473e+00,3.895201335116714070e+00,5.644652876254344420e+00,2.783364448446695505e+00
4.474347334731742620e+00,1.166992813778928273e+00,3.392129676213652800e+00,4.933160803553607643e+00,3.639887911372827745e+00,3.531362780495650888e+00
4.042399454428368344e+00,4.971802815968409561e+00,5.861767886415309547e+00,4.657216913574018236e+00,4.155239826102182121e+00,2.071420083769766940e+00
6.196080206790208322e+00,4.538373926316941365e+00,3.460942608461343273e+00,2.650995379714649491e+00,1.468123658029705680e+00,3.694700704762162946e+00
3.667248920026136894e+00,3.218799885506079761e+00,5.452275458518959894e+00,4.037234832038254950e+00,2.540492864762001091e+00,4.063455663531651219e+00
4.603339689080323538e+00,5.861593523925722415e+00,3.771650140088013359e+00,4.755466579126238713e+00,1.083689543727849980e+00,6.573302041042268229e+00
1.293067849900349175e+00,3.453239492995661131e+00,5.545513758907023139e+00,2.342855158449279607e+00,2.304857475821061819e+00,5.531280262564826522e+00
1.619991047487088665e+00,1.804855414693810056e+00,3.474628352633297723e+00,2.531075723176062997e+00,2.612549373804743613e+00,6.873566209079482903e+00
0.000000000000000000e+00,0.000000000000000000e+00,0.000000000000000000e+00,0.000000000000000000e+00,0.000000000000000000e+00,0.000000000000000000e+00
2.017342498240614734e+00,5.260041022779613940e+00,6.719106544210174725e+00,3.709982275003845587e+00,4.698148332646088221e+00,9.332902414266968094e-01
4.772026694650559620e+00,4.889656491104223512e+00,4.664333970461245649e+00,3.391997477968409669e+00,4.067757855513510989e+00,2.291314010118617350e+00
2.082712812371518396e+00,3.306542879589247530e+00,3.611661293295264752e+00,3.922201049115449312e+00,2.657507371324559386e+00,5.238065102467114542e+00
1.425490121263965904e+00,1.126116913345437176e+00,6.128993362794445510e+00,4.704144765290589447e+00,3.331989739471413969e+00,4.430196931628022305e+00
3.641080120564594402e+00,2.184834652456496773e+00,4.120934017630522916e+00,5.069655656612237493e+00,3.106722397712506023e+00,8.778164174883880122e+00
0.000000000000000000e+00,0.000000000000000000e+00,0.000000000000000000e+00,0.000000000000000000e+00,0.000000000000000000e+00,0.000000000000000000e+00
1.056910022219839540e+00,1.132607119779268423e+00,7.376993039087592408e+00,5.132645621526332746e+00,4.010089050556675971e+00,1.408776583862088039e+00
2.574684769996594014e+00,2.221520552926782077e+00,3.160385847085544153e+00,6.988526003294350808e+00,9.744956002864157973e-01,4.366591945271123265e+00
1.561688693849418552e+00,2.451785496641416984e+00,6.104240772148848748e+00,6.827214500460147661e+00,3.120691203214744025e+00,5.704883549276449806e+00
1.861143679378760130e+00,3.745705512828183537e+00,5.248382774988365362e+00,3.530940409358241716e+00,3.090510627786233311e+00,3.919958137857326275e+00
2.982952032724624836e+00,8.442858118989255978e-01,3.754864464673146607e+00,3.444488198922282862e+00,6.020368371320601319e-01,7.186086611917010813e+00
0.000000000000000000e+00,0.000000000000000000e+00,0.000000000000000000e+00,0.000000000000000000e+00,0.000000000000000000e+00,0.000000000000000000e+00
3.054591461486979576e+00,6.049879875641805960e-01,3.628233993261605672e+00,6.193901998213979354e+00,1.882830826617282405e+00,6.654177633721864105e+00
2.900031915014919193e+00,1.449415760293638389e+00,6.181013196232138185e+00,4.060600552866524993e+00,2.317342521962335589e+00,5.211994926533926709e+00
4.772504196308259061e+00,3.404681267308980352e+00,3.959385125323571231e+00,8.331924359765654486e-01,2.765271837916936981e+00,4.236366171608851872e+00
3.633483077759459778e+00,5.158875822256554500e-01,6.651630521503140159e+00,2.247908956669874669e+00,2.825549322695134258e+00,3.197606206944375806e+00
3.340115291787190799e+00,2.315447574188252311e+00,6.378553178705023363e+00,6.035354146284818810e+00,6.185711519236869904e+00,3.511750452787882892e-01
4.026410377426325127e+00,3.580319022448930966e+00,5.030599245721131929e+00,6.297624908645950370e+00,3.876867791521287465e+00,3.754646076527717646e+00
3.418108310904059977e+00,3.593277995123322910e+00,3.523658854759867509e+00,4.161298376981895863e+00,4.102756073119459224e+00,6.185963219440124838e+00
1.431854555716209898e+00,4.927899490297821927e+00,3.601530584836079907e+00,2.043959633298224610e+00,1.083784747501284063e+00,6.122784294037176167e+00
2.168661132863884511e+00,5.497226419300870859e+00,5.623834981204262284e+00,9.365768218432526382e-01,1.437614849199491340e+00,4.633581385032857547e+00
2.653819813410891459e+00,4.910407278788264662e+00,5.575545684028903715e+00,2.016637456114463323e+00,4.189276695613020074e+00,4.611686726142013804e+00
0.000000000000000000e+00,0.000000000000000000e+00,0.000000000000000000e+00,0.000000000000000000e+00,0.000000000000000000e+00,0.000000000000000000e+00
1.766643273356512500e+00,1.395275813856799996e+00,3.642804104176061486e+00,2.371529881736274437e+00,2.170926935121101575e+00,3.995396271382128717e+00
4.348562052160199087e+00,2.152681617227327759e+00,2.179037041716251455e+00,3.383711112657087128e+00,2.132546292551849021e+00,5.740788305662675839e+00
2.478596020352970886e+00,3.956447031296714822e+00,7.100565153395438145e+00,4.040788861252309516e+00,1.216740535180279137e+00,4.271665695900249027e+00
2.894141574953496665e+00,3.353826555804814369e+00,4.160595102302536930e+00,3.012199510328347429e+00,3.780977580081041012e+00,5.362125570866470348e+00
2.808408228701202880e+00,3.440638951558396386e+00,3.937701328803345113e+00,4.425318842556658083e-01,2.872918405127306674e+00,3.748325636270351424e+00
3.035493505032996531e+00,3.479502669862708508e+00,5.453925750295420372e+00,1.518657844713351857e+00,1.927441004743677411e+00,3.843339248956276766e+00
2.617156375645238953e+00,3.617938406276652863e+00,5.566752298770603957e+00,1.751178008959197285e+00,2.322646072761159530e+00,4.580364461016486644e+00
2.899050888579263408e+00,5.682718616260782341e+00,5.832959922172617162e+00,2.860812000940530009e+00,4.371648831191020435e+00,3.390959199400566337e+00
1.642238021626322597e+00,5.313320349885950478e+00,7.513943308460159898e+00,1.795445453110997569e+00,2.275215582940133707e+00,3.241815904348650523e+00
4.348947328944650081e+00,5.114743913915408058e+00,5.387646491184801434e+00,1.551915619341615926e+00,6.100928217147076893e-01,4.369989830188406366e+00
3.674238187110575815e+00,3.028971511658878679e+00,5.630291230557092241e+00,2.243593455200647124e+00,4.443004341014697545e+00,5.512176709830061583e+00
7.296395222931253421e-01,3.602482029126503615e+00,5.165590173404357444e+00,2.221786608054585166e+00,3.529315612043803174e+00,6.339420631334356848e+00
2.554307380362368818e+00,5.720865528078864948e+00,5.932541590738307669e+00,3.825157557438821243e+00,1.173100609040672815e+00,5.174057907775430287e+00
