VR1,VR2,VR3,VR4,VR5,VR6
2.405001886406073375e+00,3.032034671687185767e+00,5.043284753028292045e+00,4.072272121973789183e+00,3.218263369849946098e+00,4.226749512482685489e+00
2.384086754414451281e+00,3.009572349746931330e+00,5.028316358045025858e+00,4.048906049794450901e+00,3.234279630357895119e+00,4.225602968033083329e+00
2.369290731742237366e+00,3.035672819506000764e+00,5.022409073722389650e+00,4.043037810494455542e+00,3.226300218867285352e+00,4.244508034623450499e+00
2.371444817138223193e+00,3.028110486177765459e+00,5.047334649411438612e+00,4.048526953103342763e+00,3.200454653546030759e+00,4.213975359486641814e+00
2.408390879951327168e+00,3.014706530823373587e+00,5.012976092010501539e+00,4.029814900229135688e+00,3.222978005541327740e+00,4.256015226370110760e+00
2.429055408300666574e+00,3.029016622804889369e+00,5.016006952421963483e+00,4.032938393877364192e+00,3.213772120917066655e+00,4.229268146098752901e+00
2.433533506267123059e+00,3.029916533609895879e+00,4.992516394456472106e+00,4.051293440171636284e+00,3.223025868153416074e+00,4.221746232903464069e+00
2.409175909964540008e+00,3.031123100398700920e+00,5.012620885755205258e+00,4.083602761708342577e+00,3.176071219702420567e+00,4.199807373666614829e+00
2.421104763529078330e+00,3.040686862162417903e+00,5.030501799996479839e+00,4.072490556943343165e+00,3.208648905542706764e+00,4.226504403497913565e+00
2.405002463606916496e+00,3.025806292262777752e+00,5.034771896065010743e+00,4.058915431179734412e+00,3.224824060440781626e+00,4.229731584416603241e+00
2.400867091725672253e+00,3.010355708129143437e+00,5.010316029295318607e+00,4.047361617990287819e+00,3.231765234093519013e+00,4.226190824235811938e+00
2.409041968997688965e+00,3.011105493282671297e+00,5.013416276569125252e+00,4.072010486432491305e+00,3.208309850756777770e+00,4.234175052802745753e+00
2.410038726756619010e+00,3.029078250149676244e+00,5.021238290650774871e+00,4.046003663439065257e+00,3.202841969986281345e+00,4.244950045617871481e+00
2.399314948882408594e+00,3.021503720880954091e+00,5.058293050459208295e+00,4.034335965426531168e+00,3.208064344457859374e+00,4.202248316662371863e+00
2.416566723787377136e+00,3.007405671528347924e+00,5.041999345911387209e+00,4.038095709536621669e+00,3.231771556662610845e+00,4.247464970651871674e+00
2.406723139158549518e+00,3.023595134041686894e+00,5.025136193547082186e+00,4.041448678182027798e+00,3.216019197831832432e+00,4.236910755598429112e+00
2.416891569977630549e+00,3.025196357453834306e+00,5.005249307880432319e+00,4.048591610299913768e+00,3.206805921523316005e+00,4.223218197975942445e+00
2.412294523688299108e+00,2.998254666134221758e+00,5.013139753108094787e+00,4.035365317955774245e+00,3.212414271914366903e+00,4.244594651998921719e+00
2.438038431651884164e+00,3.015395750260121854e+00,4.984297847557942696e+00,4.042615035075916019e+00,3.183968951527983648e+00,4.226296706714150808e+00
2.403557178334794653e+00,3.003410912929670662e+00,4.999457072292348592e+00,4.037449607867481305e+00,3.203984624064882158e+00,4.215223479336372314e+00
2.397033921469321260e+00,3.016112364661572176e+00,4.970477804325894589e+00,4.066178542743746682e+00,3.218922654071919798e+00,4.207238787420145343e+00
2.414556679121582672e+00,3.018513363731746058e+00,4.998970888602237928e+00,4.046241509474072018e+00,3.192158259047142455e+00,4.212339652958124070e+00
2.402423879197150391e+00,3.017422081823935454e+00,4.992100564551154029e+00,4.034118897737918985e+00,3.193705148817274075e+00,4.250539975219746580e+00
2.400677660312640960e+00,3.008712654163987477e+00,5.006736112316533927e+00,4.047244962313811811e+00,3.189098036714387074e+00,4.220798844207045875e+00
2.401561023492349012e+00,3.010787007708295882e+00,4.982476684003309231e+00,4.049819383279506191e+00,3.206008580538027619e+00,4.225765728866636373e+00
2.399971932773891758e+00,3.037994639491264248e+00,4.976549821614243641e+00,4.043199512183334399e+00,3.202098616340092185e+00,4.234603930700323815e+00
2.409828497385513302e+00,2.998377476382069418e+00,4.974118766576651751e+00,4.042171347164846829e+00,3.218341089958927981e+00,4.225817087674623274e+00
2.411163193165079210e+00,2.981887866610931859e+00,4.991544400350655941e+00,4.037064358494622418e+00,3.212230117839458554e+00,4.223661240466864975e+00
2.410789205303322635e+00,3.017759934949457712e+00,4.981270514969009966e+00,4.032220665724657316e+00,3.200982343464307878e+00,4.222522028281646911e+00
2.408179931589472744e+00,3.012394973763946826e+00,4.984323576408657530e+00,4.057443988288174985e+00,3.199804372724386337e+00,4.222240878061038316e+00
2.427215321437807383e+00,3.022310030329385722e+00,5.001543643348739465e+00,4.049195971596807553e+00,3.178716339818512537e+00,4.214711310713801673e+00
2.425682174678230218e+00,3.036204550646677713e+00,5.017570966914646213e+00,4.042589394946264569e+00,3.182122995895759310e+00,4.235862607990833695e+00
2.402252988287427726e+00,3.033132195722789692e+00,5.043374493851356277e+00,4.043746825590119442e+00,3.203595961149950266e+00,4.241398523597270653e+00
2.415991753372205064e+00,3.026622878801480621e+00,5.029010034175096067e+00,4.047059716733458323e+00,3.201508808898986480e+00,4.227740030820051231e+00
2.393899633422199802e+00,3.002943228780270424e+00,5.024805877414054933e+00,4.037090990643767974e+00,3.221463072280468687e+00,4.245899779221518955e+00
2.389240070210521871e+00,3.015832491746243349e+00,5.019838432304777776e+00,4.020872823108311067e+00,3.208059634128220150e+00,4.247907877678612110e+00
2.384793835076234991e+00,3.023240578998923400e+00,5.004345200307249719e+00,4.021789688959596099e+00,3.208730624382742036e+00,4.243358934880958167e+00
2.388266583894528061e+00,3.015544870928929200e+00,4.992615937581912355e+00,4.020453684413626050e+00,3.218569643485468035e+00,4.235265168902794919e+00
2.384702843895272650e+00,3.015815846974070791e+00,4.991471464224873422e+00,4.027482499451796372e+00,3.201887730729409132e+00,4.217507996438353501e+00
2.400067151277881727e+00,3.009871082405342513e+00,4.988235151252895072e+00,4.030968021880913632e+00,3.198432608443338765e+00,4.224764314070300841e+00
2.393013145667878927e+00,3.022160232131865243e+00,4.988158900514615191e+00,4.058845060863490950e+00,3.209835758610161349e+00,4.225975285048507502e+00
2.413938640572192096e+00,3.035440523879652019e+00,5.010387666191031819e+00,4.083799164927439662e+00,3.203887809071552795e+00,4.215075654971750296e+00
2.422709879150920287e+00,3.014386996287767406e+00,5.014117897023885106e+00,4.073828974411088488e+00,3.209527585610347789e+00,4.248425940578954396e+00
2.404858953116574938e+00,3.045314717016144535e+00,4.993152650247143498e+00,4.042765667202678159e+00,3.201740651142099825e+00,4.232495795352517298e+00
2.418347299195826583e+00,3.032038659662447788e+00,4.998699468974508342e+00,4.055141282137509684e+00,3.191491977281608605e+00,4.216452030409786111e+00
2.413224728333896785e+00,3.014600728527479845e+00,5.013008265586323731e+00,4.043802349733527812e+00,3.193975366366394120e+00,4.231210703903817816e+00
2.401060378255600813e+00,3.021826821303669863e+00,5.023210282307767116e+00,4.057045633896433579e+00,3.189958064333748844e+00,4.212038571905196704e+00
2.390562740104038131e+00,3.022788233460374396e+00,5.022145370011760868e+00,4.056155937670129497e+00,3.206671412745333516e+00,4.232767156483914661e+00
2.402386755928146655e+00,3.039510344645384166e+00,5.028201173410573155e+00,4.072757394432932720e+00,3.214318433014472287e+00,4.215775995236723084e+00
2.412331944962152974e+00,3.043125317907878991e+00,5.036281868103599457e+00,4.066265505644175882e+00,3.209797056419125827e+00,4.215407352541180153e+00
