VR1,VR2,VR3,VR4,VR5,VR6
2.365897759245067622e+00,4.373066480455936045e+00,5.393894581329582216e+00,6.156907492647368585e+00,4.285936300537009913e+00,5.737575155462647736e+00
2.533715236328839993e+00,1.496922570528814056e+00,4.724615436964419324e+00,4.707575375589210687e+00,1.933155254408547519e+00,4.348779294384224059e+00
3.871430374472608626e-01,3.383523090120634347e+00,2.384629976919930616e+00,4.493424700672023597e+00,3.755931261518823394e+00,4.565876695536974950e+00
2.216655242941363291e+00,4.414743510064170096e+00,2.935072697778819073e+00,5.519160703431677639e+00,4.913018456484298468e+00,4.468933035094877937e+00
9.295016549014827323e-01,8.634915524802742048e-01,4.706330977219226774e+00,5.386051824203788918e+00,3.040289294890925476e+00,4.464492802828199380e+00
1.437733978373779697e+00,3.164808581078833338e+00,5.424902293696785449e+00,4.770331371865387027e+00,4.442419091825236421e+00,5.618269920618393698e+00
6.019986733011649882e+00,4.070252205417097535e+00,7.117487320987921251e+00,4.669200874923076228e+00,2.858194279221988765e+00,2.087968806938871769e+00
3.226455496213056495e+00,3.986687647686336433e+00,7.832983583300480390e+00,5.153308051592423666e+00,4.715466467190842614e+00,3.496198856604717520e+00
3.058444269552925920e+00,2.589907272238007874e+00,8.143213184434770824e+00,4.373541459719961111e+00,2.767148649338390776e+00,1.436392390544852571e+00
1.099200682431128007e+00,2.308341414950144888e+00,7.504871003946065322e+00,2.421746242343066235e+00,2.543058031213484504e+00,4.770878584928625266e+00
2.621431473964464409e+00,4.233221056642897828e+00,5.778196839283452846e+00,4.410610353295731478e+00,3.886895978963835319e+00,5.397562887817825228e+00
2.455244303197537725e+00,5.078418566832265668e+00,4.626189569749403319e+00,3.322565984502583447e+00,4.061519866171589221e+00,5.285615937062481784e+00
3.214853650272384122e+00,3.833866050366345757e+00,4.354614099955181672e+00,4.032392124191141569e+00,1.550517791640801946e-01,4.450028785884203586e+00
2.784421306264572848e+00,5.280356310879286141e+00,3.465236307692875606e+00,4.025163550408560553e+00,9.605940180643601778e-01,5.210289475786319180e+00
4.039199881513214407e+00,5.168540675789330407e+00,3.738651336692087490e+00,5.433269240945945988e+00,2.796630282738644446e+00,5.925772211903501230e+00
2.661597248534859794e+00,2.251219841056755211e+00,4.351081895230639596e+00,4.119176552218439369e+00,2.428315540911250459e+00,2.614423620227257050e+00
0.000000000000000000e+00,0.000000000000000000e+00,0.000000000000000000e+00,0.000000000000000000e+00,0.000000000000000000e+00,0.000000000000000000e+00
2.576775150062431408e-01,2.273426304396514830e+00,3.021762417752794416e+00,6.678419158986597992e+00,4.304240211037200226e+00,3.713571426065930936e+00
7.497306948043900299e-01,1.991533087601573548e-01,1.660234116156900974e+00,5.418665940402021874e+00,3.544739018901824412e+00,3.576515039326337853e+00
0.000000000000000000e+00,0.000000000000000000e+00,0.000000000000000000e+00,0.000000000000000000e+00,0.000000000000000000e+00,0.000000000000000000e+00
0.000000000000000000e+00,0.000000000000000000e+00,0.000000000000000000e+00,0.000000000000000000e+00,0.000000000000000000e+00,0.000000000000000000e+00
0.000000000000000000e+00,0.000000000000000000e+00,0.000000000000000000e+00,0.000000000000000000e+00,0.000000000000000000e+00,0.000000000000000000e+00
8.027300424808874180e-01,2.169498558195317450e+00,1.052166204678828709e+00,6.273548233212906666e+00,2.948074217557381971e+00,3.215244881951003109e+00
1.283566026269147287e+00,2.804724540885818573e+00,1.989928467675809998e-01,3.289439068050397097e+00,2.390254782316333593e+00,3.437862574156002271e+00
3.580996091209280419e+00,3.885381578161185789e+00,4.475413112704649699e+00,3.319560956182828537e+00,2.897898768593833552e+00,5.175269728249247692e+00
1.925118332793701148e+00,4.094811671873278769e+00,2.931734751210317569e+00,3.776369083686583750e+00,3.792852933276485761e+00,5.582249058759460425e+00
3.413969169696465134e+00,4.504137324848775492e+00,6.411582948664591441e+00,2.351134435250777255e+00,1.837879463051681705e+00,5.559164000777967019e+00
5.325488675778512260e+00,5.117131782624420921e+00,6.714955878120628441e+00,5.221382829522722702e+00,2.226833169703658299e+00,5.153351193461554125e+00
4.262244175987935257e+00,5.394097594184983357e+00,3.165692868827101769e+00,2.754331655721772520e+00,2.675531396422410779e+00,6.278513410927778260e+00
3.892791728862786904e+00,2.058064204270191322e+00,2.989599602970852921e+00,2.627215069658566549e+00,2.618414048311057840e+00,3.753770605868297139e+00
2.656508000009949910e+00,5.604491042610620255e+00,4.515600401363704108e+00,4.154165374110559306e+00,2.999012274648377385e+00,5.279969449892672806e+00
2.923365617777505143e+00,2.632348049429641179e+00,5.148508226809709321e+00,5.014981069079205156e+00,3.234086589595285943e+00,5.680081564718920006e+00
5.305503197109567637e+00,4.788298002249792518e+00,6.143557509893277313e+00,2.813075169311325396e+00,1.035693749231227923e+00,3.685274202554376988e+00
3.579939428864663320e+00,5.667319554388202008e+00,6.288981428741773350e+00,1.622498917840041521e+00,5.528669973509003910e-01,4.771420898349733264e+00
3.105391509742249312e+00,5.233752205718507966e+00,6.787497722637002795e+00,3.842509890622405333e+00,3.260574426792449465e+00,4.548603623151474373e+00
0.000000000000000000e+00,0.000000000000000000e+00,0.000000000000000000e+00,0.000000000000000000e+00,0.000000000000000000e+00,0.000000000000000000e+00
8.284149117476136581e+00,7.855245901764369876e+00,9.523961556477743784e+00,4.509911377926612452e+00,2.813015666236312384e+00,5.840359057920609054e+00
4.310979586759786208e+00,4.969084526008115787e+00,8.758023931323656086e+00,5.084474816674603659e+00,2.303312136349849215e+00,5.510620682609144616e+00
4.953299053487471681e+00,3.679875040885649540e+00,8.128459323817230242e+00,4.583284025232567949e+00,3.608809770702263719e+00,4.486896537420062891e+00
4.092205442213594502e+00,3.758851214336758062e+00,7.714004455296141316e+00,2.249276927598664155e+00,3.347477138576310907e+00,6.473333744825163549e+00
4.511198421639918799e+00,5.435204225675727585e+00,4.188095564253655034e+00,2.940587186748185644e+00,2.992214988516808560e+00,5.933859762818227246e+00
5.650063969579163015e+00,5.624904540297455569e+00,4.754082327817092946e+00,4.060330347449486510e+00,4.152572203962631825e+00,6.377272771275789509e+00
3.827641032639791163e+00,6.165287343693075073e+00,6.934408090371480426e+00,3.832757801482945759e+00,1.591948325762075234e+00,6.839903042509088316e+00
3.977905146340830367e+00,6.061341477290963731e+00,5.854752455450388027e+00,5.281524988814524590e+00,1.497934155991867966e+00,5.632332342098947287e+00
4.856676617022541720e+00,7.262371071278099777e+00,7.741587954099394153e+00,3.877485389776585301e+00,5.464701262349705324e+00,5.500220392360116506e+00
3.178991747990769223e+00,3.364299765422236188e+00,5.088449099848061152e+00,2.492782039565139662e+00,1.307539430010461468e+00,2.584570850680002696e+00
2.529131509698946623e+00,3.479963142169407053e+00,5.737608437247785353e+00,2.933681269574392569e+00,2.983417758654201890e+00,5.340623311369177451e+00
2.319459886834026818e+00,2.125840964673051836e+00,6.088881581505034113e+00,4.413581201347766658e+00,6.430282316839909917e+00,3.094383543995586461e+00
2.142099082141312838e+00,2.701399509010496303e+00,5.995381374270918329e+00,6.623759367472924708e+00,4.903203662988217637e+00,3.020070104564029911e+00
1.800714165682078871e+00,3.470659695716525217e+00,4.027642150677756661e+00,3.056644740029085483e+00,2.658006779824690469e+00,5.218937665933415460e+00
5.192813215949061423e-01,2.221898874265334722e+00,4.174633648034429712e+00,3.182003695164960178e+00,1.997626047631795521e+00,4.687899646295322853e+00
1.788630216625938241e+00,4.479255586691454738e+00,4.960184654212961952e+00,4.921501477822389781e+00,3.050057556538833925e+00,4.250751239539777515e+00
1.772664502798154018e+00,3.140831527778636278e+00,2.670381186012880548e+00,2.375418179492725379e+00,4.115931819758380961e+00,3.495340701369841874e+00
0.000000000000000000e+00,0.000000000000000000e+00,0.000000000000000000e+00,0.000000000000000000e+00,0.000000000000000000e+00,0.000000000000000000e+00
0.000000000000000000e+00,0.000000000000000000e+00,0.000000000000000000e+00,0.000000000000000000e+00,0.000000000000000000e+00,0.000000000000000000e+00
0.000000000000000000e+00,0.000000000000000000e+00,0.000000000000000000e+00,0.000000000000000000e+00,0.000000000000000000e+00,0.000000000000000000e+00
0.000000000000000000e+00,0.000000000000000000e+00,0.000000000000000000e+00,0.000000000000000000e+00,0.000000000000000000e+00,0.000000000000000000e+00
2.825072182862361725e+00,1.870852323722858479e+00,4.899512806141810728e+00,4.492295519562786943e+00,1.445859549031258906e+00,1.928366468130110256e+00
1.768174900072277289e+00,3.597331020731576068e+00,2.709544777924619563e+00,3.423648507588383794e+00,2.943293985575413885e+00,5.195212216715073161e+00
3.226851163028838787e+00,4.051695489506316861e+00,3.262807705182715790e+00,2.717606744203218128e+00,3.613571455495067752e+00,5.838605289457348135e+00
4.947185352241301182e+00,4.755115954522123545e+00,5.947274651429450110e+00,3.273818778389776973e+00,2.486424430670536090e+00,5.823356418192767947e+00
4.747097062413545565e+00,6.992849837627675313e+00,6.684837004795583404e+00,2.653697548810455054e+00,2.193974713665529208e+00,5.224533166251580596e+00
4.029904010525434899e+00,4.547584590576426500e+00,7.863408913314310134e+00,5.216564499580687908e+00,4.635006217793023353e+00,6.087429187292958233e+00
3.929249301766562841e+00,3.727865817159364603e+00,5.972305798442707037e+00,5.428896876574688335e+00,1.624799467479689064e+00,7.014979988664489241e+00
2.664770822391718141e+00,3.905224604496814855e+00,6.155108347512437739e+00,1.412862358655614159e+00,2.404464473786068091e+00,6.427452409006976453e+00
3.711525232569913957e+00,3.508370967256687845e+00,3.746975928830114544e+00,4.820941111506045651e+00,3.770132100756253823e+00,5.231824576286604689e+00
4.652582462984000244e+00,6.718251502144333642e+00,4.617915389169201745e+00,7.388651266012915997e+00,3.291029819289227554e+00,5.408151133250850506e+00
4.257316370540131345e+00,7.500398475279851596e+00,5.964216423920957411e+00,3.066417619973294428e+00,5.019032642730670624e+00,5.617282369141724629e+00
3.865534994297970428e+00,4.701525835205616843e+00,7.654202100370778084e+00,3.554971248660858230e+00,2.395924625672663844e+00,3.720018432809357289e+00
1.759563779356415392e+00,1.707724909416256764e+00,5.785262476197821968e+00,2.589761512025168244e+00,1.611922778798721811e+00,3.176532967729987611e+00
2.543110673047641157e+00,2.519913632684220417e+00,5.371139830605965670e+00,2.860647272429167387e+00,2.245671380642010995e+00,2.944469081084581052e+00
0.000000000000000000e+00,0.000000000000000000e+00,0.000000000000000000e+00,0.000000000000000000e+00,0.000000000000000000e+00,0.000000000000000000e+00
3.183169528810238624e+00,2.959942946448638423e+00,4.523835096309003490e+00,4.888256856299717512e+00,2.345820800774423898e+00,5.676765755902399846e+00
4.899922386101172478e+00,5.430095325911887372e+00,4.869734355790883207e+00,3.832435039506423280e+00,3.076318436201459505e-01,4.861125819626305855e+00
3.281384836787219150e+00,5.304449507092655836e+00,3.222139760157223698e+00,3.360261328543201920e+00,3.398110579495944528e+00,4.128128990294148259e+00
