VR1,VR2,VR3,VR4,VR5,VR6
1.498233042021152706e+00,4.904864601712413119e+00,3.881901864443083383e+00,3.396118403379710493e+00,3.733825560622409334e+00,3.999087701135533912e+00
5.068370821955042516e+00,3.800503179384472130e+00,4.059434051815646427e+00,4.730024051939296648e+00,3.188645201308955901e+00,6.017532749219653532e+00
2.878815134982474433e+00,2.542024252017728969e+00,4.537412915892528709e+00,4.644716917325908412e+00,3.624370817621764829e+00,3.193819519470967094e+00
2.075969137740840686e+00,4.293825822447161933e+00,3.726002358299814077e+00,4.840187448864663011e+00,3.594100314025915122e+00,2.055150078670993974e+00
5.078283153145853213e+00,3.569274879981653381e+00,5.195224762359972104e+00,2.823826767771933532e+00,2.905955530005515985e+00,3.902725643334982397e+00
7.173576429445325253e-01,3.573410346912634150e+00,4.608083778917128726e+00,3.728807842963710151e+00,3.023344438202198337e+00,3.369996421046205448e+00
1.056439471021424659e+00,3.007110647024969996e+00,1.143520864654573366e+00,4.081459536901022922e+00,4.003538099656127613e+00,3.872327572639572502e+00
3.407500503699116834e+00,3.855672280569389265e+00,2.447727991097965461e+00,3.017713351411893896e+00,3.273577051149171524e+00,4.533303869169783340e+00
3.448210849282611346e+00,4.658289948433980143e+00,2.768308709116446220e+00,3.014988201459578132e+00,2.491432535975405926e+00,4.251013043195517760e+00
9.086701586461387592e-01,1.766620038780137181e+00,1.870306086292767844e+00,4.719483382251365988e+00,3.873116727391967551e+00,3.614716458337726479e+00
3.671468873696066115e+00,3.789580066632654454e+00,4.159265786732812664e+00,2.399595102602607888e+00,3.499818911290680568e+00,2.064337838347571896e+00
1.864951935484308487e+00,2.935350925639468311e+00,4.205324864014445829e+00,2.429844294116046743e+00,3.197949455907206140e+00,4.084529824965684064e+00
2.517881732886408930e+00,4.004038989960565509e+00,6.671832086398901573e+00,4.560815255785918509e+00,4.085838235376597183e+00,5.789085193873879653e+00
3.597049483546437276e+00,3.743717220230439402e+00,5.506000532372600453e+00,6.064066400551958225e+00,3.944021426433002908e+00,4.005370569776855127e+00
3.561961161033402323e+00,4.714204422149224527e+00,5.456269994723523808e+00,3.624280388131424502e+00,4.499965498613890169e+00,5.273236558871623458e+00
2.095024429806698674e+00,1.525903843783846803e+00,6.402506680634587610e+00,9.129733124707075653e-01,4.353473864695654783e+00,2.718361026443506745e+00
3.867128059916598470e+00,1.412956976931503128e-01,4.628066724229917384e+00,2.085922199627648688e+00,5.566674508895934181e+00,4.560524237890033916e+00
2.347097742729022940e+00,2.350492037198400830e+00,4.695473193635615772e+00,3.011626366652603970e+00,4.355084459703807198e+00,2.081973614547787399e+00
2.047982409778346558e+00,4.200757116094231414e+00,6.111228763791093144e+00,2.880714552207528811e+00,3.736975704145436783e+00,4.344955177270883873e+00
2.731190939278671959e+00,2.337815550978573853e+00,6.250644007240150124e+00,3.189070907805626742e+00,3.979846914539963088e+00,3.378938583827217013e+00
8.316173692181476618e-01,1.840412310647563832e+00,3.967352159780754839e+00,3.986511312656957795e+00,3.963790264860010737e+00,3.936431969340945525e+00
2.710573659163920013e+00,5.690355457022084451e+00,4.269865959221449181e+00,5.154716736994784831e+00,3.205546427998485992e+00,3.891328955753556862e+00
4.274591125765332400e+00,4.554846600634858689e+00,2.815345082194909754e+00,4.527727117575572890e+00,2.669873129920565358e+00,4.161917042379051246e+00
3.560548633606668290e-01,3.717768964672336196e+00,6.431230587149965316e+00,4.092294710766948285e+00,4.706215373757631326e+00,3.313546476917080597e+00
2.297989034625761651e+00,4.744386086406462866e+00,3.533142573159417488e+00,3.363212632765875565e+00,3.688374096968122018e+00,3.522650105334279580e+00
1.840339129445417443e+00,1.874805904338320284e+00,1.784030932274017989e+00,3.380891355018399658e+00,6.450719444027267713e+00,5.270546773157073872e+00
2.677841693434332093e+00,4.731988044417887451e+00,6.762472810208906004e+00,2.694449555776532002e+00,5.150970536791791510e+00,3.349891282379209301e+00
3.952287420408946872e+00,1.898089420671048799e+00,7.352902903709022553e+00,6.384738567856208746e+00,3.330294262456953369e+00,4.772410134490554512e+00
9.881560434529514936e-01,2.865438224813185997e+00,6.739540830484531675e+00,4.573700893696222458e+00,3.486408474141477143e+00,6.695541234935475927e+00
1.396853967229164661e+00,3.158498190622103685e+00,9.105159480076105538e+00,2.197785063017273721e+00,5.397889534312450444e+00,3.864813882920764776e+00
2.408537271874306995e-01,1.937262495008541530e+00,8.840700546490349865e+00,2.792406286266721160e+00,7.036029568506287468e+00,3.374797588633146717e+00
3.750278079041494905e+00,1.303556301671199957e+00,5.272748454253421535e+00,3.784507919483840688e+00,4.586604985930426537e+00,4.585317674103701613e+00
4.096871928741667723e+00,3.640999195503445751e+00,6.300391280899252600e+00,3.252604168838447052e+00,4.224438200839095714e+00,2.931846777639287804e+00
9.605518657077982692e-01,4.024710200833846230e+00,4.861858598611215498e+00,4.525326109575666500e+00,2.527131611165901681e+00,4.553831722014856531e+00
1.662716610862687849e+00,2.943562527560335873e+00,1.007694601431022186e+00,5.120854804513793823e+00,2.495271957856821210e+00,4.101584790512982082e+00
4.005923527704738696e+00,5.440999113100216888e+00,3.366536893385321250e+00,5.664264699624090404e+00,3.181549338658069104e+00,3.386737376471468330e+00
2.246251079603235556e+00,3.466587186840820234e+00,3.484702041692893104e-01,8.163586929098645584e+00,2.235040144310675103e+00,2.975829780328137275e+00
3.777403004256307817e+00,4.465119049891170810e+00,4.076446474412476206e+00,5.005144583111349021e+00,1.123234335420490559e+00,2.958680546669976152e+00
2.114704503981898132e+00,2.366145577824079638e+00,4.954440964393862501e+00,4.865380623903981849e+00,2.262370953427944364e+00,3.273480452605397772e+00
2.917526306424362836e+00,2.417862652847465377e+00,5.860812745477506525e+00,2.336419664069352642e+00,3.188359354996325834e+00,2.916623196013727437e+00
3.466022543589190708e+00,3.666591103273634467e+00,6.219913602547483933e+00,1.524866676803238175e+00,3.021537100368676398e+00,4.398337930521281081e+00
3.693982213987030860e+00,1.928571966596904996e+00,5.702644509114912275e+00,2.881562817591095893e+00,4.947981352084837248e+00,6.787596581886428559e+00
2.934959226542579902e+00,1.812096226031688850e+00,6.125137511301652182e+00,2.523104525029707279e+00,4.467515054927897467e+00,4.685520616284990503e+00
1.397375027392350422e+00,1.375556663449622796e+00,6.186513243853942967e+00,1.313384955656792474e+00,5.282385626716072480e+00,4.632501167566754674e+00
1.118379301763034128e+00,3.395216141537263255e+00,6.444755662185494671e+00,2.985951400160271163e+00,3.274887523058021443e+00,2.643142714268596372e+00
9.767531806260958405e-01,3.581343305509441244e-01,8.438216556347343911e+00,3.519297772207802044e+00,4.438443846827052397e+00,3.895074136598167147e+00
1.837832305024020840e-01,2.831606059200323156e+00,8.936940749152970653e+00,2.357166780785772353e+00,4.462688366209998314e+00,6.271028246351560753e+00
1.002841016572719512e+00,1.232979223388614765e+00,5.815459803496279889e+00,1.619433137902229980e+00,1.791178541897807897e+00,4.402010977318418838e+00
2.976222422682494706e+00,2.509782569199046520e+00,4.085333044397738256e+00,1.916977082001414701e+00,1.300047203620852576e+00,5.357645021842674105e+00
1.709124422864468862e+00,3.948196762448139552e-01,4.148267780864587806e+00,2.003712962023660449e+00,2.440019732572443534e+00,4.736304183668602619e+00
4.321341047287017290e+00,3.940849577160234318e+00,4.874526530997615126e+00,1.632259156661952204e+00,2.345509299518947266e+00,4.647480559123809307e+00
1.524540436820326361e+00,3.309930309615918720e+00,3.849399929015854482e+00,7.522548183813642098e-01,3.775863741459919432e+00,5.722804691764430629e+00
4.527424233725929170e+00,1.943763966171624613e+00,5.110989347684292916e+00,2.322488299890836938e+00,4.083015646289633871e+00,2.745028989302879197e+00
1.605491412569806986e+00,2.737261253143044915e+00,4.276442923492891346e+00,3.281264333229975350e+00,3.843006683180726135e+00,3.986341024215444229e+00
0.000000000000000000e+00,0.000000000000000000e+00,0.000000000000000000e+00,0.000000000000000000e+00,0.000000000000000000e+00,0.000000000000000000e+00
0.000000000000000000e+00,0.000000000000000000e+00,0.000000000000000000e+00,0.000000000000000000e+00,0.000000000000000000e+00,0.000000000000000000e+00
3.651234119840186310e+00,4.718151380239472559e+00,3.895924459647237548e+00,3.192702447981173197e+00,1.874657424249931204e+00,5.872018378486231427e+00
0.000000000000000000e+00,0.000000000000000000e+00,0.000000000000000000e+00,0.000000000000000000e+00,0.000000000000000000e+00,0.000000000000000000e+00
3.057032685483689782e+00,1.458585123958884733e+00,6.713224617390122440e+00,1.904579004701389966e+00,1.030714993495792431e+00,4.643650590898326769e+00
2.131213017163139156e+00,3.130750290673037561e+00,3.947142916331170426e+00,3.679790709743372634e+00,4.455410155014980944e+00,5.580957346964789068e+00
3.495089194801579868e+00,2.763450199091710857e+00,3.878903702061281322e+00,3.766577879768328696e+00,2.051596011081322946e+00,3.848846337978026444e+00
9.474237247616310587e-01,5.011167350945286536e+00,1.723223831459795630e+00,2.484119213474972554e+00,3.192029733291579241e-01,3.428507352924316631e+00
6.690112801618308680e+00,2.558510770778549492e+00,5.651737333727506751e+00,2.652735179763772599e+00,7.964405423433813525e-01,3.632631964892323317e+00
0.000000000000000000e+00,0.000000000000000000e+00,0.000000000000000000e+00,0.000000000000000000e+00,0.000000000000000000e+00,0.000000000000000000e+00
3.425950887830834901e+00,3.906135028235940165e+00,7.880417388782229970e+00,4.996644570708987487e+00,4.132526041995857824e+00,1.544135626920592141e+00
1.805274088663491039e+00,2.196116414318963095e+00,7.240749814977970544e+00,7.225520593230353228e+00,3.487979408775832457e+00,5.437552864385841289e+00
1.652006506111299622e+00,5.321909512658375085e+00,9.836325195330642757e+00,4.752146250783812143e+00,5.745325174270903723e+00,4.924129350591575971e+00
0.000000000000000000e+00,0.000000000000000000e+00,0.000000000000000000e+00,0.000000000000000000e+00,0.000000000000000000e+00,0.000000000000000000e+00
1.570125478440603350e+00,4.911552835035815079e+00,3.523127839502670611e+00,4.545823970260907565e+00,2.518856056283214073e-01,4.700833449224637306e+00
1.445600254309266752e+00,2.647365905172460732e+00,3.108643276842827152e+00,7.340394016667190158e+00,3.471430467268070252e+00,7.502193112044207801e+00
1.409681502103306006e+00,4.290335427821245773e+00,1.682854635221525452e+00,5.001507965722034932e+00,2.607963502956911928e+00,3.491380788293393600e+00
3.142768560474723749e+00,3.514865247077397115e+00,1.647943892398157750e+00,6.080521761235371692e+00,3.058714386711466116e+00,4.254551797366458388e+00
5.124244693437953302e+00,3.027556011218885512e+00,1.886316781068425819e+00,4.539680254757761269e+00,1.790369750036898466e+00,3.489219795131234925e+00
3.034570647943850563e+00,1.587695916890740078e+00,1.882684297648453686e+00,4.487860762449932039e+00,2.942888945922985222e+00,3.323460856386110329e+00
2.326784361437159276e+00,4.686471125961043427e+00,3.591416336447745827e+00,3.324136123483323768e+00,1.768567077591498116e+00,4.259805419875320354e+00
