VR1,VR2,VR3,VR4,VR5,VR6
4.103283708631573212e+00,2.686871226818272174e+00,4.035820647153895102e+00,4.231985027667537480e+00,3.807392028529170247e+00,5.757001995655767423e+00
3.685606782602056875e+00,2.255966018972010989e+00,3.223640387929397999e+00,5.104252120044185048e+00,3.530760862671872946e+00,6.663495754898723256e+00
2.359242031794940964e+00,2.456010566994149436e+00,6.205782995573597915e+00,6.356836882122404830e+00,3.838965288053850955e+00,4.310542164883534255e+00
2.956915511113572759e+00,7.781119776228358376e+00,5.465902160580131230e+00,6.181439357670386769e+00,2.710283275476857323e+00,6.852594666170457316e+00
1.283447959899472579e+00,1.759437337210944197e+00,5.845289313753693428e+00,5.264003449706994076e+00,3.190829063844910607e+00,5.678926515163086997e+00
9.345149659761307070e-01,1.612272259008619812e+00,3.544322928007022089e+00,4.357654397117785017e+00,5.657436954399020834e+00,3.170835517088975486e+00
8.843621233233709411e-01,2.675826232531083093e+00,1.813096687207222946e+00,3.289929106323236319e+00,5.799097430291808131e+00,2.160861964775992572e+00
2.653534808690007019e+00,6.396527429372770968e+00,2.834375964375471568e+00,2.991136209869573293e+00,5.338203936151359130e+00,4.212335871241526419e+00
2.105249844772427714e+00,4.409976257657835852e+00,5.847086677195033388e+00,3.657171849120341989e+00,4.424542803134539959e+00,3.314842620624408820e+00
5.330148014332634077e-01,1.703148457096014923e+00,7.302684057110366389e+00,2.657363909478087649e+00,2.321915325047234635e+00,3.503815265932757050e+00
1.479574099948925969e+00,3.822976825848111382e+00,5.747739202212144960e+00,4.508461539108545857e+00,1.154683559316048935e+00,5.951629513974633134e+00
4.918689605380658136e+00,3.470132148670220573e+00,3.011000187174560860e+00,5.777948557278983266e+00,1.096784040312969832e+00,4.310881840520243813e+00
1.204703564442825225e+00,5.213519122451952370e+00,4.652807619213061407e+00,2.489817776159997997e+00,1.840693557440930661e+00,3.779891026855520586e+00
2.849036479165099944e+00,5.660481018698262368e+00,2.610088204220133878e+00,4.863349126654278543e+00,1.286929701692738348e+00,4.202584268519936828e+00
3.342358429935337050e+00,2.879910371161040317e+00,1.743995606912255525e+00,5.470926316051416549e+00,2.944155408812838104e+00,3.639089901653135950e+00
1.674016005879599422e+00,2.158500532375827952e+00,3.967362914643360217e+00,3.924866743093410104e+00,4.785998260079024291e+00,4.176553969486595186e+00
3.204688379582277147e+00,3.367844273782221620e+00,3.067655885884546407e+00,2.856595726164289584e+00,5.428410301883996425e+00,3.602797820881209478e+00
2.061455403785923401e+00,4.915805937474758025e+00,4.471812488899462146e+00,2.008721170010443480e+00,4.873234667910351092e+00,2.600757964007526013e+00
1.942346842951013564e+00,3.236826968741541410e+00,5.629182778104993901e+00,5.972286920737830407e+00,3.822159910529364879e+00,4.249045445855420766e+00
2.327025343573628557e+00,1.579671445186571654e+00,3.116719870001141146e+00,3.610871206192331151e+00,3.693936608959739409e+00,4.947105796856098081e+00
2.172628046297329085e+00,5.214640117961888421e-02,3.263179609199334141e+00,4.267148808425785589e+00,5.751900982452271549e+00,4.421727081302205598e+00
1.361826632393708048e+00,1.602918444130220221e+00,3.367543513325367943e+00,4.810348869983967823e+00,3.765007597284135699e+00,2.760295456031372385e+00
1.791883140568220512e+00,3.583630582580964230e+00,2.411722003023777816e+00,3.793676234757061838e+00,5.139920064768331187e+00,4.004869883903901417e+00
3.352020168502074071e+00,4.887211336983014576e+00,2.774554981993195391e+00,4.032069069278253259e+00,4.748282048698571955e+00,4.121771260365328260e+00
3.189736767478110302e+00,1.005314178193042807e+00,6.557414145907430658e+00,3.249554324104752645e+00,4.079167630885711660e+00,4.894391726321310365e+00
0.000000000000000000e+00,0.000000000000000000e+00,0.000000000000000000e+00,0.000000000000000000e+00,0.000000000000000000e+00,0.000000000000000000e+00
2.933638169125460049e+00,1.481443676914496743e+00,3.111548833771698774e+00,4.176213921650152372e+00,3.785443210136219427e+00,6.464762317986878060e+00
1.457339763327059501e+00,3.283399043228774961e+00,3.465781898913043779e+00,4.559327430075926557e+00,4.322862395560270521e+00,4.169403450609766359e+00
2.502536973279534394e-02,1.578162103336445021e+00,5.596743572619118368e-01,5.926461753747504169e+00,5.762961058791257862e+00,1.282745788283802479e+00
0.000000000000000000e+00,0.000000000000000000e+00,0.000000000000000000e+00,0.000000000000000000e+00,0.000000000000000000e+00,0.000000000000000000e+00
3.037090405460626474e+00,3.651886474275143346e+00,2.092390923518185453e+00,4.425540578357518129e+00,9.741371402226121745e+00,5.122949372848026428e+00
0.000000000000000000e+00,0.000000000000000000e+00,0.000000000000000000e+00,0.000000000000000000e+00,0.000000000000000000e+00,0.000000000000000000e+00
2.821208472654426203e+00,4.047971369725443580e+00,6.472451561210756488e+00,4.368351135868825175e+00,6.027871391176003790e+00,4.398359637051119542e+00
1.923003740562655217e+00,6.694440362668987454e-01,5.666999245181085776e+00,3.810201280474558860e+00,4.974666242048581211e+00,5.915311149684709946e+00
1.822808813408069772e+00,2.065373938738447990e+00,5.518675619268465837e+00,3.753315370831971975e+00,3.949211754433917143e+00,4.945800104078047710e+00
0.000000000000000000e+00,0.000000000000000000e+00,0.000000000000000000e+00,0.000000000000000000e+00,0.000000000000000000e+00,0.000000000000000000e+00
1.624188219783961884e+00,3.617869633385485173e+00,3.271092163331687175e+00,5.513600820778549405e+00,7.829910533043265453e+00,6.400928748631882215e+00
1.309445172596569895e+00,4.303826407572074686e+00,4.627434327126070279e+00,6.356172297810699590e+00,6.866010077266189171e+00,4.832224425851857852e+00
7.134334635011585490e-02,2.479847505471274971e+00,5.765733446958440922e+00,3.435820345439496215e+00,5.870470575789215495e+00,4.044647917506151380e+00
4.245379547835363532e+00,3.196151341424100512e+00,4.838712119079461083e+00,2.453331790750142183e+00,3.087565859854369599e+00,2.338771658723107105e+00
2.162123238639201084e+00,3.258919989988694255e+00,5.281046804119878146e+00,5.982600804969277597e+00,1.937339199269589862e+00,5.763897077913362921e+00
1.491616556826766526e+00,2.780768350157289959e+00,4.780516189123509285e+00,1.754964522283762651e+00,1.173927327286270916e+00,2.380249635114497053e+00
2.178974735302003918e+00,2.793600538040360792e+00,6.468591405296056251e+00,2.537307301724676112e+00,3.362248253255817332e+00,3.389376754875922604e+00
3.829270901864826104e+00,2.385450044135550840e+00,4.635651796692997095e+00,4.131679831636260403e+00,2.602376309827647116e+00,2.192864664098445271e+00
2.454889185794720596e+00,2.919901436388463889e+00,6.182539213489422814e+00,2.925946653833672251e+00,2.362975383458520096e+00,4.369490279656136344e+00
1.319039060100906324e+00,3.254146619980428756e+00,7.257343832148889007e+00,3.925395424785424137e+00,2.283120365566106980e+00,5.625268631748722825e+00
3.899963973218262492e+00,3.464665813312195031e+00,7.128252950335219218e+00,5.685370030849584921e+00,1.513773034654993355e+00,5.750355870591527641e+00
4.178188871331053988e+00,4.528402905883817553e+00,6.748611415433510174e+00,4.429276137248510992e+00,1.177075829840948717e+00,4.833780593295055716e+00
2.731318288165408781e+00,1.143827351615011034e+00,5.379916596604734202e+00,3.551345214350170032e+00,2.839215524502479049e+00,6.182333589951992003e+00
2.885806758258029792e+00,3.204644660833165570e+00,4.848975904529432945e+00,3.109055778640175127e+00,2.398098522970270707e+00,5.683846921783615613e+00
