VR1,VR2,VR3,VR4,VR5,VR6
2.076451163102827735e+00,1.162519140355321889e+00,4.662560609174667192e+00,4.661182910625440989e+00,2.987530830960044792e+00,4.056634216892859079e+00
3.421664038441253552e+00,3.484525765875694070e+00,4.192789584390739677e+00,4.303389009378921770e+00,1.789993553606272325e+00,4.469807361936037005e+00
3.461395600337590306e+00,3.397061377378372882e+00,2.136688628042531235e+00,2.737839519095693674e+00,3.318986877225984511e+00,4.533739462498510342e+00
0.000000000000000000e+00,0.000000000000000000e+00,0.000000000000000000e+00,0.000000000000000000e+00,0.000000000000000000e+00,0.000000000000000000e+00
1.752715932545234390e+00,6.262714721093482595e+00,5.025949313804980889e+00,3.398909210434839068e+00,2.321260782576359816e+00,5.225851280027951518e+00
1.315043382278217710e+00,2.179285800404400675e+00,7.370984569166127542e+00,5.743816221825370327e+00,4.068991144530832216e+00,5.898168374065754449e+00
0.000000000000000000e+00,0.000000000000000000e+00,0.000000000000000000e+00,0.000000000000000000e+00,0.000000000000000000e+00,0.000000000000000000e+00
4.298253358962055515e+00,2.583444784714104880e+00,5.958467341103095727e+00,5.368992925536377747e+00,4.479718525510572036e+00,5.744926980442386366e+00
1.405576404625996201e+00,2.132346287391233552e-01,4.755840767627915966e+00,6.377590723545420559e+00,3.333629958015481343e+00,6.993743684965834539e+00
1.689257916636735413e+00,1.994665361965985539e+00,4.640775512428692018e+00,4.957162690884787892e+00,1.006434785524032538e+00,5.578854900437448805e+00
3.475241202601656365e+00,3.995831690033440076e+00,6.296354853062460677e+00,3.705945132646640605e+00,5.473462244664389686e+00,7.022416694660433834e+00
1.969585381491838039e+00,5.268815016068563395e+00,7.782287516610340461e+00,7.437874087464768635e-01,4.322249267806750339e+00,4.594232367465195921e+00
2.422537882199887527e+00,5.989948802766891234e+00,5.385659580211586750e+00,1.494204116380968728e+00,3.432709353444673983e+00,2.741736877002789452e+00
3.750006284436629755e+00,5.352241513409711438e+00,3.781084154335461633e+00,2.045694056647250569e+00,1.210310595273225154e+00,2.629013487820070161e+00
3.137174242007211955e+00,4.392190887694175316e+00,6.231127756442194077e+00,2.318210936203133343e+00,3.348699166811033301e+00,1.833167989579758572e+00
6.429341920177389369e+00,3.669721596733933833e+00,2.623106173750739067e+00,1.172175482096716514e+00,2.571792837457637759e+00,1.799038904802328531e+00
2.502643630245612982e+00,2.190976637752139133e+00,5.436456491511032496e+00,3.396580960377200142e+00,2.502557018037514958e+00,3.622612398918651166e+00
3.571232077465996468e+00,3.078092557852371680e+00,6.769968439761033352e+00,4.793235700887893636e+00,2.182539258969644180e+00,4.417536281214391458e+00
2.595259589312716386e+00,1.630261425700075373e+00,4.080837797827796543e+00,6.022046901335214031e+00,3.226596174424417818e+00,3.564586425080747745e+00
3.218413887600312773e+00,1.291573215365046767e+00,6.344776127016677592e+00,5.882420729332542564e+00,4.795904610627816922e+00,1.985805654339136250e+00
2.208969294603770450e+00,3.258137394718976232e+00,4.272736133912734324e+00,5.563433328417186630e+00,3.193892659544312451e+00,5.180331551231612153e+00
2.816173857558268878e+00,5.936412738307357273e+00,3.255604749831554123e+00,3.144433168422534841e+00,3.647258437667817432e-01,4.885128611448736002e+00
3.759882035340240236e+00,3.751206726586604923e+00,3.412961765799288116e+00,4.876180250118842707e+00,4.420200161472775946e+00,4.194154697950225774e+00
2.444311189703850307e+00,2.060495690716618089e+00,6.899889496147080692e+00,4.469914320754456050e+00,4.354155373602729640e+00,4.762419521311620052e+00
2.235814162090563162e+00,3.485940207414231828e+00,4.434237816117626352e+00,4.451716160086929719e+00,3.523001670540252483e+00,4.555969246160374020e+00
1.551917767709519280e+00,4.156769655737933000e+00,4.186722909794072578e+00,4.082452811937271164e+00,5.297359435359350499e+00,6.919400946340109826e+00
2.456158224502328125e+00,5.057412532094005542e+00,5.627349825527704574e+00,2.376552115423543832e+00,2.254328785950739267e+00,4.272623055125278846e+00
2.046391335293303193e+00,3.530047929701939147e+00,6.771655892792498577e+00,3.765650636153743847e+00,4.453290695324380266e+00,5.464855934037002427e+00
7.156234712723055225e-01,3.670647740497107403e+00,3.329035333384796846e+00,3.041702997159962063e+00,1.163515852551478602e+00,4.524019038090202116e+00
4.553824129697067846e+00,2.777761634951224856e+00,6.827572814462646633e+00,3.494235467735216094e+00,3.555080850231515655e+00,1.954504847542616552e+00
4.158980640881738466e+00,5.035350020564237639e+00,3.976604198112005939e+00,2.972555509341503477e+00,2.662629889406496808e+00,3.149429635447948073e+00
5.488005953403614967e+00,5.714566312862151776e+00,4.481749215920663332e+00,9.156957017072127059e-01,3.603060592078630275e+00,3.227544619496685474e+00
3.418303311681762047e+00,7.086002377814249797e+00,4.597745596591120254e+00,1.362560140972484124e+00,3.083255994679171330e+00,6.067778620592159555e+00
4.105100682671300127e+00,5.718325220074691018e+00,5.730932264623405104e+00,1.419884826783768261e+00,7.115544009731662456e-01,4.159702681957354820e+00
4.961773713212020986e+00,5.373919975742456501e+00,6.033191513049298571e+00,2.872926994610147222e+00,4.421912665671772658e+00,4.319002448665910876e+00
2.759803933504481499e+00,6.221869312133280872e+00,4.572859902704076163e+00,2.217758020248642659e+00,5.538162518583910732e+00,3.428107385335994461e+00
2.587337183264004192e+00,7.609932978251251257e+00,3.760129945274506724e+00,1.301999220884426212e+00,1.956602126559642274e+00,4.429840321350566157e+00
2.600302487978492394e+00,5.983893013581864651e+00,4.164564413825120326e+00,1.381285239423954536e+00,1.832512408894402700e+00,1.984498279908171181e+00
3.922605267348996616e+00,4.820967912230903707e+00,5.341324597731432533e+00,1.709736579103493970e+00,5.127741483957186652e+00,2.207517210316621625e+00
3.999192530399436230e+00,4.223160291636606445e+00,4.255191760827822911e+00,1.263932139176263902e+00,1.654989436880647036e+00,2.677693116983091315e+00
3.528926570636367721e+00,3.847356681135492451e+00,5.501949410832928322e+00,2.545665133280563097e+00,4.475365924744151513e+00,2.523480357168123245e+00
4.561239089692621818e+00,4.552149729091189201e+00,5.565693531221727497e+00,3.959415754276638388e+00,4.085276980987162077e+00,2.649461816526751612e+00
4.101756891025245544e+00,3.726394128033297726e+00,7.861926880433260934e+00,2.913918234185210565e+00,6.715518260746977219e+00,3.058375910020637356e+00
7.952280190691489725e-01,5.355981354765257052e+00,3.229984512432894306e+00,5.140632234081889962e-01,8.801473401755122161e-01,2.705596114187017065e+00
4.293534678788549996e+00,5.710277699058647016e+00,5.691227059201265703e+00,3.011910578124356697e+00,4.149482765181573107e+00,3.280504554514431348e+00
3.905941976961165185e+00,6.420278611106702726e+00,2.401641332063300993e+00,2.313560718233281133e+00,2.118981620753218831e+00,1.498309468979357462e+00
4.907237806997200025e+00,3.464856892680219680e+00,5.724369914826173300e+00,3.808516703656483315e+00,4.894415273122570298e+00,1.116152704834097342e+00
1.476236676290390681e+00,3.336013864833037523e+00,5.626102374255188998e+00,4.207532339533345933e+00,1.375267165476431686e+00,1.310927808443097753e+00
5.082380071742767846e+00,4.895104681283398484e+00,7.904503962130110750e+00,2.881712586118733377e+00,4.164259861012685526e+00,1.519183432146522517e+00
2.106606184004713445e+00,3.780766225115379076e+00,5.565033911082081453e+00,1.929862029773723009e+00,2.263635546329636927e+00,1.637136264870561853e+00
