VR1,VR2,VR3,VR4,VR5,VR6
4.050388930197406090e+00,3.446536253352448398e+00,6.610875542062048638e+00,4.112802605895426566e+00,1.929777138849591234e+00,1.050915746076523050e+00
1.087468640705295364e+00,2.175325509309471439e+00,5.747874827212711146e+00,4.619894906213989572e+00,5.679312582067775672e+00,4.002840710281521552e+00
1.248048509571968223e+00,3.098262425363857542e+00,7.807709465004341709e+00,5.802430064819340316e+00,4.441050021693916605e+00,4.470074646056737322e+00
3.690071275192814859e+00,3.379443829041048009e+00,5.082520692160118259e+00,4.084412793692444588e+00,3.485251589851575016e+00,5.682067918288569608e+00
3.192001640376015192e+00,4.698532426246146088e+00,4.575467136952600988e+00,5.096884506027127060e+00,3.699175822417550386e+00,3.891987535353555128e+00
1.966972606991467698e+00,3.347840605727293362e+00,5.930801540725539667e+00,6.642328198244168647e+00,4.260073680420553899e+00,3.513352394018477654e+00
5.982678923747286603e-02,6.434385360161915202e+00,4.905975871063183114e+00,5.782216553985969121e+00,4.374725745430951385e+00,2.184696644954132516e+00
3.384073364915649140e+00,4.037238287897273459e-01,3.892230900530265103e+00,3.101008295085766697e+00,5.810254695228630695e+00,5.085079829875993163e+00
3.363912572119631683e-01,6.071876343295159018e+00,3.592345016583408768e+00,4.363535918955067316e+00,4.512845954444689056e+00,2.715424534017087943e+00
2.177549327383013544e+00,5.000726784700828986e+00,4.187829235691941321e+00,4.961075537886374676e+00,3.759034100175655535e+00,3.100425892723766452e+00
2.564901171411751779e+00,5.126788051001020641e+00,3.532520113054274713e+00,5.380581487781944006e+00,3.600427567778860194e+00,3.146000213092511544e+00
8.282754510514649393e-01,8.505036735362290656e+00,3.747620752204018135e+00,5.498486017204080589e+00,1.478720167528625007e+00,4.531223262199910451e-01
1.383272272476897768e+00,4.041135691096595650e+00,5.238919269188254013e+00,7.435946055635003660e+00,1.740181233766832314e+00,2.739162449108207387e+00
1.960602913454105423e+00,3.358868321243548394e+00,4.971760427122022818e+00,6.237758708279815600e+00,2.543179907726149658e+00,5.096034427975466130e+00
4.201300533103988322e+00,3.109596135930246419e+00,6.758427756622608307e+00,6.752407518945060971e+00,2.597779244262836684e-01,2.433948934582863544e+00
4.111241357012846542e+00,3.446472270868655041e+00,6.534336353441826617e+00,3.220882783185154086e+00,2.022856576994603639e+00,4.703392210277872465e+00
3.512170000166405792e-01,1.039507179126987868e+00,5.352583265559365699e+00,5.170728084177750539e+00,3.150837755519761529e+00,4.157130608472137112e+00
3.406080287603573620e+00,3.174680750754597991e+00,5.612869515665339648e+00,6.063540598648842206e+00,3.316135887742330368e+00,1.879522021527218367e+00
1.964233796575309832e+00,4.529555299036442051e+00,3.905609542449273608e+00,5.634095881051024435e+00,3.427270357955527924e+00,3.361140290319762691e+00
2.914214724741559959e+00,6.159068783658206314e+00,1.092369520235064062e+00,5.775930789897705253e+00,3.250512315286250509e+00,2.250376436414477155e+00
2.728008312321515305e+00,5.092860349515898832e+00,4.908350531169346276e+00,3.355248483885861166e+00,1.977298512740308434e+00,1.751021037481257370e+00
3.071098048473524411e+00,2.195582797698097721e+00,6.837657357749790776e+00,2.113508813855269342e+00,2.829574466474999994e+00,5.381968283980763879e+00
4.613086440072693861e+00,3.053050774429792114e+00,3.382369333523470800e+00,6.128410775567354918e+00,3.092314966654131858e+00,3.649741197485715016e+00
2.232906827328709820e+00,4.921827376919460484e+00,4.830012520927509101e+00,4.010249604153859337e+00,2.657411235149159445e+00,4.711655578149545498e+00
8.966938903796282112e-01,4.449938882269773188e+00,4.963574114822500327e+00,3.821121425387887349e+00,3.989044129085446588e+00,4.541857319963211737e+00
2.056087702536855133e+00,4.741102942327687586e+00,3.716769644405664152e+00,3.415940730516567658e+00,2.644015086636901213e+00,6.111585334494813893e+00
8.592418501610479264e-01,5.548641155024074401e+00,2.851009401024880319e+00,1.694511924843757456e+00,2.571230762471602649e+00,2.471066138043602756e+00
1.052393755017919874e+00,3.496490034867636432e+00,2.108346958758536616e+00,3.340936611625577868e+00,1.169650475835275483e+00,4.445470420291762537e+00
8.776465888898110634e-02,1.596298425551605948e+00,2.862857899970405740e+00,4.327489558182874951e+00,3.734687582978672094e+00,3.632786413590034513e+00
1.657784587542917354e+00,2.650665796218169667e+00,1.241539452769279350e+00,1.724101748125248523e+00,1.253075191688597601e+00,3.982135848645455223e+00
0.000000000000000000e+00,0.000000000000000000e+00,0.000000000000000000e+00,0.000000000000000000e+00,0.000000000000000000e+00,0.000000000000000000e+00
0.000000000000000000e+00,0.000000000000000000e+00,0.000000000000000000e+00,0.000000000000000000e+00,0.000000000000000000e+00,0.000000000000000000e+00
2.376509250692342867e+00,4.458234218381411651e+00,1.641841479847617080e+00,3.834078732791525113e+00,9.302649537863723062e-01,2.361856710918387225e+00
2.571729309611970216e+00,2.022799079879451511e-01,3.895800575908153984e+00,3.037329797676118659e+00,3.214872309908021641e+00,5.743726969438345265e+00
2.268869872795264531e+00,1.101030565949416173e+00,3.932465080517382638e+00,3.489783471557597494e+00,2.681000957176570498e+00,4.589205892293672484e+00
1.518522200760781704e+00,2.207407235004238188e+00,3.743991179024630522e+00,5.011328482894399805e+00,2.583710501980649887e+00,3.645435118358490989e+00
2.876184195545127054e+00,4.985636768599044366e+00,4.824599270194027234e+00,3.888729529893091730e+00,4.186306339428179868e+00,2.298113813375582737e+00
3.697606290634383175e+00,1.879088599498998091e+00,4.714713465646268808e+00,3.924651218721644685e+00,2.738296693665923875e+00,4.118529290487377814e+00
2.436701222477508644e-01,4.553737682620240257e+00,4.823524659451049246e+00,4.462766093739817030e+00,3.577602435173397488e+00,5.087723678307403574e+00
3.863491547245377689e+00,2.351546612562854133e+00,3.518033740815686095e+00,3.840445691838290987e+00,3.154785998204621134e+00,4.047525685131992290e+00
2.212281744190567778e+00,6.175405077697475598e+00,2.239995101598020621e+00,4.689384647121970673e+00,2.310758153174399254e+00,2.878586708576757580e+00
7.728110351409473999e-01,3.940410938981068423e+00,4.070881042641401493e+00,6.102464794897366929e+00,2.024269954557061268e+00,1.884438890381833431e+00
3.149118022854431764e+00,4.316331194982532260e+00,5.393643427028687931e+00,6.403245149308555817e+00,8.476861521061334059e-01,6.723995731541955401e+00
4.419729613831078652e+00,3.087918454881437125e+00,6.954019076587319326e+00,5.714128169791933054e+00,4.254822339644555029e+00,2.441011195960208546e+00
1.577520049640828592e+00,4.612319540319084865e+00,3.415923697899680089e+00,6.501725037306162136e+00,4.996209064123439347e+00,3.032079814004331020e+00
1.731118023396035044e+00,4.463669508270331043e+00,6.349648964049334765e+00,5.151652374333848705e+00,5.656405917124949667e+00,3.172322689798162454e+00
1.071369575738357893e+00,1.378266550029627169e+00,7.443894289193122127e+00,4.670618792942884845e+00,5.931586806111080357e+00,6.610627349019752685e+00
1.369794038317561746e+00,3.333126240222434422e+00,7.330655623660740083e+00,3.105859096653468931e+00,5.546898705555860509e+00,4.950928497706575726e+00
2.530681966236225211e+00,4.480997787265361687e-01,5.604752038321681340e+00,3.025209472241169095e+00,6.374355596013472791e+00,5.111928134561414261e+00
3.373742254840335963e+00,3.072601905578745907e+00,6.256161708255130627e+00,2.830745692663866997e+00,6.158994686625861803e+00,4.935009602960503727e+00
