VR1,VR2,VR3,VR4,VR5,VR6
1.327475643945609463e+00,2.155900877499433044e+00,3.566425520844149322e+00,4.857603092601814332e+00,2.027250156818919180e+00,5.644106905996851609e+00
3.136444634077871108e+00,3.788236170301348515e+00,5.127547375751223768e+00,4.946871598278127280e+00,2.707121335383179339e+00,6.189883879838317782e+00
2.983899968753906506e+00,2.329249188469098009e-01,5.814468255034491051e+00,1.040532198360179184e+00,5.833558964245860068e+00,8.024506119523696412e+00
1.599098499428304621e+00,3.416705435398463386e+00,5.737544806248724427e+00,5.399059629287597417e+00,5.490064230821985802e+00,6.407809229601751255e+00
2.550729499002500678e+00,1.263538636098243462e+00,7.166638519066877322e+00,4.918424901144035744e+00,2.634862928859806885e+00,6.957233972528998223e+00
2.395764432481399808e+00,3.729551848058787478e+00,5.252134970055803542e+00,4.543151957616939463e+00,1.531266996882486353e+00,6.894459607914022570e+00
2.253991284962355124e+00,1.856815286905534768e+00,5.493780698711788091e+00,3.362129580713184129e+00,2.603833102524852894e+00,5.214698676326039006e+00
0.000000000000000000e+00,0.000000000000000000e+00,0.000000000000000000e+00,0.000000000000000000e+00,0.000000000000000000e+00,0.000000000000000000e+00
2.256875028293312546e+00,2.638518248008827172e+00,6.038327060350928477e+00,3.616042589002034902e+00,3.970023506632602839e+00,4.756822695583557525e+00
1.977943039074733900e+00,7.717638791231862250e-01,4.755721459206279533e+00,2.017250771796793796e+00,3.955662866714201975e+00,4.380299064464556302e+00
0.000000000000000000e+00,0.000000000000000000e+00,0.000000000000000000e+00,0.000000000000000000e+00,0.000000000000000000e+00,0.000000000000000000e+00
0.000000000000000000e+00,0.000000000000000000e+00,0.000000000000000000e+00,0.000000000000000000e+00,0.000000000000000000e+00,0.000000000000000000e+00
0.000000000000000000e+00,0.000000000000000000e+00,0.000000000000000000e+00,0.000000000000000000e+00,0.000000000000000000e+00,0.000000000000000000e+00
5.011093953570276760e+00,2.707533494377622141e+00,4.743850942862573916e+00,4.274815937486566852e+00,2.493654323220431124e+00,5.424408255631885112e-01
3.527702158259723664e+00,3.331179889545112349e+00,4.777418124663400434e+00,3.566478913129502271e+00,2.153288273447186985e+00,2.486427616133581431e+00
2.483273345936622967e-01,3.176730371403982289e+00,6.136592285385628287e+00,5.120919648903750954e+00,2.471693418627025629e+00,4.263021710296089672e+00
1.621596837187737838e+00,2.118881678098552435e+00,7.409937371084680535e+00,2.004613588489560172e+00,3.753412686116331720e+00,4.100040378392322715e+00
0.000000000000000000e+00,0.000000000000000000e+00,0.000000000000000000e+00,0.000000000000000000e+00,0.000000000000000000e+00,0.000000000000000000e+00
1.494894867364484847e+00,1.463971943461584990e+00,5.966650621029687684e+00,5.010466450759137658e+00,2.411117832661179072e+00,5.126674702366242009e+00
8.653746994773185985e-01,3.193232906745113731e+00,4.981355336138546974e+00,2.679678491326888512e+00,4.160116436860904265e+00,5.835576226518128351e+00
1.071124736906537755e+00,4.668708620963467837e+00,3.825826173230086447e+00,5.939339090926678111e+00,3.900399749880508526e+00,5.133608021303430746e+00
4.889962994195947488e+00,2.621840181712836504e+00,6.400100772070340227e+00,1.749867184531943121e+00,5.568976007949872020e+00,3.439728059378952540e+00
2.685559537197119706e+00,8.516193070772373197e-01,6.987117330152001315e+00,3.297348144238809731e+00,4.168796423236710069e+00,4.614661085854931066e+00
2.409258665291143409e+00,5.202946455460684128e-01,4.826770842926701555e+00,2.496230293284869006e-01,6.744321678438335965e+00,5.597325099394304004e+00
1.889052915355511786e+00,3.027242704014877717e+00,3.517024325479411573e+00,4.979231457110753212e+00,4.215749014123066019e+00,5.006220463709702528e+00
3.114784534618892931e+00,1.068699594188269097e+00,7.507891180047915114e+00,2.892377705080428463e+00,5.887475108690046532e+00,5.525024827554140927e+00
3.676604730424433143e+00,4.354770598430882877e+00,3.683271104679569419e+00,3.831161917901510172e+00,5.349758831170869477e+00,7.721733216786371479e+00
1.715733583143612906e+00,3.239300260424822664e+00,5.642351896740041006e+00,5.177604686506158238e+00,3.849651893935984948e+00,6.667313032726415400e+00
1.240825598437881983e+00,4.951224381108462858e+00,6.228093600313089340e+00,4.874097710563464858e+00,3.292325137292848147e+00,4.322144247531760186e+00
4.049783398508057353e+00,2.570707209073960886e+00,4.476727811236925092e+00,4.305247348147068998e+00,4.391737907086764814e+00,2.943132536640750807e+00
4.695840662194813220e+00,2.101308385760568331e+00,5.148780968647407086e+00,3.975265746107395248e+00,2.475526667929843327e+00,2.436933732881987336e+00
1.574178847599648767e+00,2.099228359001931388e+00,5.418250255746536403e+00,5.365737675711638843e+00,1.490081580265958383e+00,3.358844016433073509e+00
0.000000000000000000e+00,0.000000000000000000e+00,0.000000000000000000e+00,0.000000000000000000e+00,0.000000000000000000e+00,0.000000000000000000e+00
0.000000000000000000e+00,0.000000000000000000e+00,0.000000000000000000e+00,0.000000000000000000e+00,0.000000000000000000e+00,0.000000000000000000e+00
8.752509381893587292e-01,5.683103814511870411e+00,3.228217892764187802e+00,3.910279528523363801e+00,1.969940028256992992e+00,4.473131265989163552e+00
1.501246301219802071e+00,5.538254715704837849e+00,3.296527870003600036e+00,4.122969026284949656e+00,3.318985538511305400e+00,1.771204443342896173e+00
0.000000000000000000e+00,0.000000000000000000e+00,0.000000000000000000e+00,0.000000000000000000e+00,0.000000000000000000e+00,0.000000000000000000e+00
0.000000000000000000e+00,0.000000000000000000e+00,0.000000000000000000e+00,0.000000000000000000e+00,0.000000000000000000e+00,0.000000000000000000e+00
3.577251660211480555e+00,1.327798010395239148e+00,5.894958061761295554e+00,3.984841303604091056e+00,2.713884356827014344e+00,3.849211504789202820e-01
1.009560246754358737e+00,2.025113143342337274e+00,5.283035150768808030e+00,2.611394995993788548e+00,4.193498124368678859e+00,3.742729208688740705e+00
2.238661113559587079e+00,2.882921482568975513e+00,5.641357995835453387e+00,4.733505400604964386e+00,4.017120964212140599e+00,5.357426260500011139e+00
2.487351454462922273e+00,3.401812855046339124e+00,4.431797803223846088e+00,5.673763507068308343e+00,2.694827461298141991e+00,4.885100813863195057e+00
5.212388151139162318e+00,4.013781774284646886e+00,5.099585261564203442e+00,4.626385943972421089e+00,2.158921410013066033e+00,2.926580138039594381e+00
1.267257039746283453e-01,5.154216244244294032e+00,5.855850782939332255e+00,7.324132906282803113e+00,3.895629002312990252e+00,1.768144864737540178e+00
2.187278079880856652e+00,2.494250507210637124e+00,5.006334481706375072e+00,2.993115300729440431e+00,4.901186396302301240e+00,5.081892621359562767e-01
3.566708746274364294e+00,1.773641956165836753e+00,4.441019095366911529e+00,3.215421685592694701e+00,2.007224419001510718e+00,1.254448103977359175e+00
3.563761691640682905e+00,1.826989727310392331e+00,5.092143098020343928e+00,3.582582020920758836e+00,1.795547586818654562e+00,2.740106883521652215e+00
4.726315719706962071e+00,3.695289493667289538e+00,5.695050434719274079e+00,2.593417026755494348e+00,2.576927078113660841e+00,4.657690939309480527e+00
3.079020312231100398e+00,1.420986348189494874e+00,6.513886258503439386e+00,4.355239126358556589e+00,2.138944968222131759e+00,4.702478684222068495e+00
4.489424096313261892e+00,3.264107767272423910e+00,6.213384377298763361e+00,3.444720522794725959e+00,3.374304679268937956e+00,5.594427042512360337e+00
