VR1,VR2,VR3,VR4,VR5,VR6
1.751001155833870726e+00,3.497144806447473719e+00,3.769568461653284963e+00,3.866418416783862444e+00,2.496921748902724669e+00,4.897188318479288149e+00
5.798905863797885196e-01,1.776971775861925229e+00,4.837840665179779620e+00,4.285890592036258440e+00,1.222208268154474808e+00,3.140135012424489780e+00
1.832835843956809097e+00,4.139862335225795498e+00,5.157341527423194627e+00,4.669299792823896844e+00,2.734352067885115201e+00,5.562291405315093584e+00
8.216692719733234007e-01,2.906847438466122036e+00,2.551617016708394026e+00,2.386232012840375560e+00,3.928876735780027385e+00,4.227753952119649661e+00
9.432369540694010013e-01,3.798326095441276529e+00,3.483534109823026803e+00,4.047728715961904200e+00,4.656500929517651599e+00,3.364880860160742504e+00
1.960633347881216126e+00,4.477115851510387934e+00,5.288377366734406060e+00,4.435257256047771435e+00,4.037147602162115767e+00,4.172270903917817186e+00
3.247968358765843000e+00,2.082263289924130234e+00,3.559642159383733961e+00,6.441908265417874091e+00,4.685372980865283310e+00,2.694590746559576644e+00
1.860324872286075681e+00,2.746304199698224924e+00,3.031998165899291386e+00,4.147291568371197279e+00,5.155011799142866558e+00,2.919887721522804291e+00
1.536614965760179308e+00,1.323905568843859903e+00,5.037375963230855014e+00,3.301562417247064563e+00,2.667215990394057101e+00,4.337076272527042420e+00
3.766693737071876491e+00,4.597966755355007429e-01,6.740386471065923146e+00,5.137511700828722994e+00,4.053862169138225724e+00,5.089310532940190868e+00
2.308978910910815863e+00,9.935332469656210641e-01,7.220932996901074041e+00,4.477417224072992141e+00,3.605064797994077530e+00,4.706369406585668713e+00
3.901942698469906823e+00,5.235309245764958597e-01,6.798266518522455115e+00,4.078435946393338618e+00,3.173430580720723704e+00,5.796418327221854128e+00
0.000000000000000000e+00,0.000000000000000000e+00,0.000000000000000000e+00,0.000000000000000000e+00,0.000000000000000000e+00,0.000000000000000000e+00
8.852618755647554405e-01,5.992259188386701574e-01,4.469262083163139110e+00,4.682020344267330714e+00,2.812842355540856598e+00,4.495576014848946755e+00
2.667323478359118205e+00,1.039405566100372047e+00,5.746438383743638134e+00,4.925424718398821788e+00,3.387690026188159287e+00,5.174611347289472363e+00
1.790055886483088443e+00,2.244341268498279529e+00,4.910232792578777428e+00,6.002884941168185051e-01,6.800452699327284023e-01,2.589307160899009919e+00
3.068021391557249178e+00,4.215859941316922210e+00,3.730478889825453948e+00,4.729248209989211915e+00,4.947305825673742774e+00,3.187896718363958826e+00
2.983437040040844312e+00,4.189310105213465363e+00,3.118475864373143835e+00,4.832239939343627277e+00,4.035995435896500005e+00,4.215286591369834746e+00
1.982754025251679764e+00,4.134261732381339982e+00,2.519834597931962072e+00,4.478488349712734795e+00,3.339083611946498387e+00,3.558057697281618026e+00
2.333447676637700585e+00,2.882843511231115041e+00,4.063491780286701882e+00,5.052225079700020771e+00,3.668946302772344126e+00,4.985798223423928199e+00
1.888457082605169646e+00,2.793863845244939359e+00,3.282411905029169574e+00,3.008843580461996847e+00,1.430001604103973811e+00,3.542799819765166891e+00
1.852762324107094516e+00,5.126445131122656207e+00,1.779248249852331210e+00,6.014189887473762042e+00,4.375639684880836100e+00,6.795232567126896939e+00
0.000000000000000000e+00,0.000000000000000000e+00,0.000000000000000000e+00,0.000000000000000000e+00,0.000000000000000000e+00,0.000000000000000000e+00
2.544302343364025720e+00,2.521815657045366255e+00,3.865677961753941183e+00,5.530266647566510763e+00,4.727984648397918654e+00,4.477293189504941040e+00
3.337239564406698999e+00,2.060601829541066188e+00,5.466296218839251431e+00,3.734926950996023010e+00,1.864301054792860235e+00,2.615073998217718021e+00
3.052631939684496309e+00,2.976344811119281175e+00,3.097697104212074226e+00,3.014569518620709765e+00,4.648659121799589400e+00,2.551037551686512472e+00
2.967319363540420696e+00,3.245589064545288505e+00,3.544974704696035150e+00,3.170174317481995629e+00,2.264176374078285203e+00,7.055861788392250311e-01
5.997714894092926130e+00,2.187284164162154987e+00,4.432117539974243847e+00,2.455833587303437149e+00,1.741653520282374190e+00,4.143823555240867762e+00
4.441914263605585944e+00,1.077948214039577746e+00,2.219085423102895138e+00,5.884063936845947751e+00,2.616665678190345456e+00,3.798896515859267797e+00
2.671714002729329351e+00,2.589475592067569387e+00,3.666265400719843637e+00,3.570369337270860921e+00,2.926336063210956961e+00,3.238311983736950062e+00
1.006095458918057517e+00,1.367907319630716545e+00,3.845836396940118362e+00,4.875878467576084674e+00,2.404151570726071885e+00,3.814035200263970360e+00
2.074455622763369700e+00,4.378672737930005887e+00,2.988556480859570375e+00,4.729889011911807550e+00,2.347096308144805743e+00,3.297900128592647029e+00
2.643449795788327616e+00,2.980149996357963182e+00,4.751175987331998307e+00,2.655979932069657323e+00,2.864695861576031621e+00,3.338247411677699006e+00
2.380907744252555247e+00,5.248310324742032407e+00,3.309266131710744574e+00,6.371907584417241921e+00,4.906335498356667379e+00,3.569274311314019066e+00
2.635965114776765539e+00,4.684678628983135695e+00,4.159755535221684397e+00,4.060761919353911509e+00,3.389768201128320335e+00,3.408022866546601470e+00
4.576964550959352174e+00,4.281657519837512638e+00,4.283947077321706765e+00,3.601143926358349567e+00,2.087570180545534004e+00,2.904320033957640490e+00
4.394894876350793567e+00,4.061039238721560807e+00,6.225319714342568034e+00,3.921809340137047517e+00,6.154449400615792598e+00,6.002970740020511897e+00
8.766569087918725245e-01,3.987255010316866688e+00,6.211227735726268406e+00,4.205993223325040553e+00,1.985194111950129292e+00,5.667632499990580719e+00
1.118350597183570105e+00,4.826160585132953429e+00,2.915743146445586298e+00,2.915679221022168033e+00,9.033623176771641283e-01,3.216635309468373283e+00
4.206303607500239572e+00,1.114163887183423185e+00,6.480072524351747631e-01,2.651286631051514853e+00,1.401774155564930791e+00,1.764563820719047271e-01
0.000000000000000000e+00,0.000000000000000000e+00,0.000000000000000000e+00,0.000000000000000000e+00,0.000000000000000000e+00,0.000000000000000000e+00
0.000000000000000000e+00,0.000000000000000000e+00,0.000000000000000000e+00,0.000000000000000000e+00,0.000000000000000000e+00,0.000000000000000000e+00
4.116004820319271396e+00,7.156848374718376427e-01,9.885062701090115311e+00,4.680292676584498324e+00,5.592153290482437811e+00,6.478577467946983859e+00
3.890792460693476063e+00,2.283253021346387523e+00,6.288242561099988137e+00,5.297024298150060595e+00,3.111513901208999400e+00,3.037976073801872623e+00
1.845377230743259211e+00,2.822736380068060935e+00,5.766110695064150526e+00,5.910695771921161246e+00,2.560930651476633457e+00,4.939369014717469142e+00
2.230546746411242509e+00,3.423845023837397861e+00,7.956250013165368173e+00,1.998488256750419634e+00,2.808139142246770081e+00,4.727031225291691285e+00
2.493483955781554240e+00,3.263736230632505730e+00,8.213207114331325442e+00,5.111123199835672537e+00,5.141884473014659562e+00,5.658507064424084021e+00
1.253106420522343445e+00,2.741245603622175508e+00,1.100796126726833890e+01,4.251202257205753732e+00,3.196328601209420306e+00,7.945277046080599703e+00
3.445946784467492918e-01,5.008820055029832297e-01,6.944187460954953650e+00,3.116396562662050229e+00,4.208329722321245470e+00,4.700004622134567711e+00
1.609774040550239205e+00,1.328650533392316424e+00,6.510445510636906796e+00,3.459336441438344956e+00,2.265460901335919264e+00,5.833676790800894629e+00
1.422175399619585168e+00,9.982145816997318732e-01,6.066628013161326827e+00,4.545788753382477232e+00,3.956594979682475532e+00,4.050908962321632778e+00
3.926529576880934513e+00,1.785826489511422199e+00,9.950895892228565742e+00,4.726813393667452345e+00,4.495893152028449080e+00,4.930120952912182553e+00
1.564067891712004332e+00,2.432306621785699896e+00,8.855519141955728202e+00,2.767596467296253415e+00,2.706104845203641585e+00,6.105327819208861584e+00
0.000000000000000000e+00,0.000000000000000000e+00,0.000000000000000000e+00,0.000000000000000000e+00,0.000000000000000000e+00,0.000000000000000000e+00
0.000000000000000000e+00,0.000000000000000000e+00,0.000000000000000000e+00,0.000000000000000000e+00,0.000000000000000000e+00,0.000000000000000000e+00
5.286385769851992933e+00,8.552113394250429046e-01,5.405196887166652253e+00,3.603984101940219897e+00,2.925315398325655902e+00,5.750321807421290288e+00
4.528209570705374887e+00,1.753921908055918077e+00,4.428683391821562232e+00,3.873444969849169084e+00,2.488665706454494142e+00,3.088514893563480967e+00
3.658997622015788931e+00,3.647856903961236963e+00,4.177180461197947281e+00,3.856468911034903524e+00,2.834926880730797016e+00,3.889715062635163090e+00
1.616591544754099719e+00,3.946782068920366093e+00,3.267484625103620033e+00,3.119782706482369328e+00,2.557385673669744008e+00,3.527188373838912039e+00
2.478662934651918004e+00,5.339057598582989783e+00,5.351367212979811328e+00,3.121892412022316599e+00,3.821422121015469742e-01,3.300111429345421232e+00
2.867655951634447309e+00,4.691525810418395892e+00,6.306281532265332501e+00,3.124112924439580219e+00,3.710295722719163969e+00,4.852827207590018510e+00
1.748681990226877758e+00,3.101045584044377357e+00,7.253335143724854106e+00,4.380672836230494305e+00,2.995572405111496028e+00,3.543646855248904437e+00
2.004655208356729723e+00,2.773235347161357556e+00,5.802365268619885441e+00,3.237065563513539246e+00,7.013537969394210592e+00,7.014925821313406473e+00
0.000000000000000000e+00,0.000000000000000000e+00,0.000000000000000000e+00,0.000000000000000000e+00,0.000000000000000000e+00,0.000000000000000000e+00
0.000000000000000000e+00,0.000000000000000000e+00,0.000000000000000000e+00,0.000000000000000000e+00,0.000000000000000000e+00,0.000000000000000000e+00
0.000000000000000000e+00,0.000000000000000000e+00,0.000000000000000000e+00,0.000000000000000000e+00,0.000000000000000000e+00,0.000000000000000000e+00
1.894535847509066340e+00,1.571277533105043700e+00,3.989025506709886315e+00,2.240576480819131966e+00,3.177648670882744497e+00,3.405261943480054398e+00
2.288740972721352129e+00,6.746600527182113893e-01,6.155141548580091992e+00,6.180701392318683318e+00,4.783211380336028107e+00,5.476435881162401209e+00
3.038976672409233082e+00,2.528653453860481903e+00,4.861516197789948812e+00,1.435634243465373938e+00,4.505622029579670951e+00,3.496585744588358580e+00
3.533870857615021510e+00,3.169764156077514716e+00,1.883188385018883970e+00,4.420266282204101671e+00,2.695007187299526930e+00,2.915573759258817343e+00
1.282205083622116604e+00,3.661594875860396670e+00,3.167638255453479434e+00,4.324797683854349373e+00,3.531756928949180363e+00,3.183635479378792876e+00
1.457681862618278590e+00,6.338791792561986327e+00,2.991544906778056401e+00,3.456602147484317378e+00,9.171371478209748851e-01,1.341117178154751510e+00
4.767650639777086141e+00,4.895709241822848945e+00,2.582308204791210038e+00,1.598564862828856459e+00,2.226355497297807684e+00,3.981729224097387387e+00
2.102190206058611288e+00,3.524539207580234645e+00,2.972475285783896304e+00,4.871878239558307122e+00,2.837823954339638632e+00,3.336418912473443132e+00
2.985057659145916364e+00,5.011559781438734262e+00,5.096302652481151441e+00,2.596528187429163026e+00,3.988336879681543934e+00,5.216491532686836408e+00
2.434917357326585652e+00,4.229680181229225511e+00,2.122530926575929566e+00,4.674411824853280883e+00,5.050676263681431521e+00,2.368099357814425598e+00
1.136840980541396817e+00,3.405692350495944876e+00,3.097312632416802547e+00,5.411543035709403426e+00,4.002374793077134285e+00,4.988950761922273713e+00
0.000000000000000000e+00,0.000000000000000000e+00,0.000000000000000000e+00,0.000000000000000000e+00,0.000000000000000000e+00,0.000000000000000000e+00
0.000000000000000000e+00,0.000000000000000000e+00,0.000000000000000000e+00,0.000000000000000000e+00,0.000000000000000000e+00,0.000000000000000000e+00
2.102257321675129020e+00,1.542877820134661127e+00,7.669808217751223012e+00,4.843824321717572268e+00,3.560655049983233233e+00,5.097143571575618815e+00
4.232988878169330338e-01,3.961393583527096141e+00,5.779275122493075401e+00,4.418087851457323190e+00,3.292108787546760063e+00,3.027153845082986905e+00
2.221770936939334806e+00,2.406624922974946124e+00,6.965623191965685024e+00,9.207019840359422780e-01,1.536381502887490536e+00,2.579203208765014743e+00
4.424264362869539724e+00,2.336517378801191924e+00,3.933799628433531481e+00,7.140071803136513573e+00,3.041533608438203196e+00,4.958631789353129093e+00
3.081656381958611579e+00,2.060782492045287295e+00,3.464743325422768638e+00,3.626146091664884885e+00,3.043668573714722214e+00,3.722576674325174029e+00
1.828050507852204465e+00,2.340128580888937382e+00,1.455288157214274847e+00,4.021132623162150921e+00,6.440966785209476519e-01,3.663805563974668278e+00
1.776453189964555257e+00,4.279002231996909877e+00,2.807068129223873498e+00,5.087730681640518782e+00,4.808249082690247533e+00,5.106326854760883549e+00
1.305502667323630295e+00,1.796182382392377708e+00,2.178517016398151540e+00,4.589330814949086346e+00,4.482651608631718965e+00,2.649161632085292428e+00
2.067278695952121659e+00,2.863182844805042038e+00,4.926814385821831621e+00,3.919858721951841929e+00,1.956635144901644585e+00,2.706682279738904739e+00
3.465540078896108156e+00,4.157733451769708211e+00,5.005347234944988344e+00,5.978649461796567977e+00,4.902468724773113351e+00,4.888649752740341192e+00
2.339350419097276479e+00,5.216164799188735657e+00,3.445789070186374481e+00,2.655380267472042366e+00,1.878178589982002933e+00,2.861756075533381960e+00
4.438094836556642164e+00,5.685729284612843770e+00,4.612421623250725133e+00,2.528284194783112948e+00,1.621547229630434073e+00,3.514750908378071692e+00
6.528200141628838438e+00,3.966549947997724423e+00,3.014265312492309778e+00,4.153313684391063632e+00,4.430935048235532747e+00,2.709659558109571709e+00
3.905518052290362085e+00,3.308682701749076749e+00,4.875227441221235303e+00,5.479612184782639339e+00,4.450557348221157561e+00,5.190959169961551822e+00
3.229969424184634619e+00,3.844291791382772772e+00,5.148264314738497660e+00,4.205797757946595716e+00,3.602425480552013060e+00,4.730609806334959089e+00
9.327498184819889016e-01,5.793709517498905726e+00,4.042298491175983166e+00,3.088072364272289150e+00,3.786444524426429759e+00,4.122827467758526154e+00
0.000000000000000000e+00,0.000000000000000000e+00,0.000000000000000000e+00,0.000000000000000000e+00,0.000000000000000000e+00,0.000000000000000000e+00
1.775700035239734964e+00,4.076546636286313863e+00,6.360773031048317705e+00,2.219205481706201688e+00,1.984562118058068370e+00,1.614625693789160543e+00
3.856804885369844449e+00,4.289766315368801486e+00,6.348447923560180506e+00,4.380942813812674252e+00,3.986107454428753805e+00,5.660870258651407028e+00
7.417425499079266515e-02,2.459565837622703199e+00,5.477804957999331315e+00,4.004166621666874093e+00,2.398040622081815343e+00,4.199776537364911633e+00
1.484949055490700554e+00,3.234328305274157600e+00,5.612004499443170147e+00,3.537998183032579291e+00,1.881014199966464018e+00,5.747097461025626686e+00
2.344806470596282555e+00,3.146859660305732387e+00,4.432481865620662376e+00,4.706119559471364511e+00,3.609651968447079806e+00,5.281378997470365988e+00
2.384383219816200494e+00,2.400719428928026922e+00,3.905871588082380885e+00,2.274935424097896508e+00,3.128937692443801044e+00,2.489036792927469044e+00
3.332396171716204503e+00,3.450676938651618730e+00,3.622460571616212377e+00,6.107715680092666410e+00,4.429109979026116584e+00,3.906729054046350846e+00
2.476916486124367545e+00,2.359328501852006266e+00,4.878035205797960572e+00,2.477645858170741011e+00,1.834612289579572897e+00,3.162605610466693751e+00
2.418597768749483734e+00,1.124526524593926657e+00,6.708951509641727817e+00,4.047131463690955222e+00,5.276780533045847044e+00,5.595094404800462939e+00
1.590795040591177933e+00,4.532857037911450782e-01,6.384270720744447125e+00,3.586743206978101117e+00,3.295231646769784639e+00,4.916260712995364379e+00
2.798502302280425624e+00,1.299091631485887133e+00,7.051341856493827720e+00,5.751099240535043400e+00,3.220988047104323293e+00,4.469036075174765088e+00
0.000000000000000000e+00,0.000000000000000000e+00,0.000000000000000000e+00,0.000000000000000000e+00,0.000000000000000000e+00,0.000000000000000000e+00
2.469816762137260202e+00,2.862031687291663573e+00,4.691967287417415200e+00,4.190554082294487337e+00,3.950771489780144474e+00,3.664919876554546985e+00
1.450868835289158998e+00,3.530197115474604797e+00,2.629333023675174630e+00,4.143533372068186615e+00,3.553996159977141023e+00,6.508772117523009548e+00
0.000000000000000000e+00,0.000000000000000000e+00,0.000000000000000000e+00,0.000000000000000000e+00,0.000000000000000000e+00,0.000000000000000000e+00
2.088653635053310254e+00,3.249205884365647279e+00,2.251080422503695555e+00,4.454877837780744088e+00,2.413053284215122218e+00,2.405195343899573679e+00
2.657998876268241162e+00,5.002712930677493119e+00,2.361769431244728157e+00,4.808804928546532409e+00,3.466515862206370535e+00,3.957540224926211714e+00
1.896260880410795435e+00,3.237676893470557538e+00,3.365242131672984360e+00,4.037640892493469025e+00,3.964793728605393142e+00,3.287973030099508254e+00
3.770124100323891447e+00,4.871248432935815664e+00,2.980494301126604739e+00,3.222248712457375763e+00,1.454176360023061054e+00,3.250990042648327805e+00
4.465755348616342602e+00,7.868077923123200534e+00,4.477621463790291578e+00,3.819363027597510118e+00,3.121622108579795274e+00,2.499389127773508523e+00
3.385849537220760652e+00,8.626824280361564234e+00,5.547378065155577076e-01,3.834230554163845284e+00,4.368228468572953993e+00,3.088129911795983951e+00
0.000000000000000000e+00,0.000000000000000000e+00,0.000000000000000000e+00,0.000000000000000000e+00,0.000000000000000000e+00,0.000000000000000000e+00
0.000000000000000000e+00,0.000000000000000000e+00,0.000000000000000000e+00,0.000000000000000000e+00,0.000000000000000000e+00,0.000000000000000000e+00
0.000000000000000000e+00,0.000000000000000000e+00,0.000000000000000000e+00,0.000000000000000000e+00,0.000000000000000000e+00,0.000000000000000000e+00
5.090954425869408162e+00,4.592271104837625018e+00,1.331788806527072211e-01,5.133049215644262198e+00,4.714707215019878106e+00,2.611565455026910954e+00
1.942033260632158420e+00,6.510743432058318625e+00,2.674092720083704577e+00,4.806114944367627650e+00,5.238896153978693349e+00,4.943578273711997539e+00
3.664799874930896095e+00,5.505903004047222993e+00,3.575814025800001517e-01,3.122761261707310609e+00,3.691415666900205839e+00,4.134829443833787366e+00
3.036762421440028170e+00,2.621671132675292171e+00,5.522737945018402428e+00,4.245227773628085899e+00,2.122162665384243585e+00,3.500696592766423532e+00
3.870404100575733697e+00,3.666648983012937180e+00,5.228345984166370641e+00,4.260943258599925620e+00,2.476525955736925244e+00,2.777917247933854306e+00
2.783093235482560157e+00,4.903985169968620106e+00,3.710976431747479154e+00,5.315567628485839080e+00,4.593410535703317699e+00,4.468851477877845646e+00
2.421839471883978412e+00,3.242468883471243402e+00,4.431574852052588831e+00,4.495794681998702913e+00,3.925407429843013496e+00,4.162172878105047324e+00
2.009443168995021178e+00,4.099493515201848126e+00,5.368012350968943025e+00,3.300376327786318953e+00,9.090206653942551895e-01,6.529280360860839849e+00
6.943357331505144447e-01,3.631545934360023153e+00,3.797546367039227100e+00,5.238721424203546917e+00,2.150873178863405677e+00,2.001870772852681224e+00
8.760470000910265398e-01,1.229242542299112895e+00,4.073972855933099879e+00,4.514130044516456053e+00,2.426132030559275954e+00,5.088366347067454498e+00
3.323517630332979422e+00,2.034926365793931602e+00,4.424299208549884455e+00,3.722472435943438462e+00,2.308109605686299748e+00,2.228497951855719972e+00
5.012513073063746383e+00,2.698471664515376123e+00,8.028890784978440109e+00,4.611896539840957487e+00,2.976239294161659554e+00,5.301606109510747622e+00
4.913427508478199535e+00,3.066619777315368278e+00,6.565371269233876816e+00,3.551331297752940763e+00,3.303149061582269397e+00,3.201451233434382093e+00
4.754508434765230440e+00,3.565322622412255171e+00,5.930460109207491115e+00,5.150280404371631704e+00,4.948553734351575528e+00,4.351228807380698171e+00
3.917687563848616605e+00,2.502934719757260229e+00,6.138448641318677623e+00,4.120091093346738731e+00,3.795202345001371214e+00,5.226909691574689099e+00
3.553377324383320435e+00,1.238675382082000898e+00,4.884263332624389164e+00,3.244343810777547965e+00,3.024513563567286401e+00,3.132899534330012337e+00
3.523803844785806660e+00,1.279630377987632128e+00,4.574511303507651228e+00,5.930540312781542589e+00,4.473670701348611445e+00,4.822303134824631243e+00
1.923227878073247687e+00,9.396008455822917327e-01,8.383153145364236281e+00,3.345473018871524928e+00,2.582707727235580286e+00,5.114176551458495368e+00
1.278847297622629942e+00,2.041872347814754463e+00,8.743174042260596579e+00,5.116796959980895565e+00,3.609624639259119139e+00,6.307887517121788967e+00
2.059885292457019013e+00,1.967137273199526248e+00,1.045301022813909597e+01,1.129071124484656519e+00,3.453751865116501563e+00,6.777254188660502443e+00
1.324785265206735563e+00,1.892871064595230912e+00,7.908974140416975551e+00,1.986803734200714544e+00,2.484452407128199702e+00,6.089574936800612903e+00
1.529490367353610880e+00,2.551737377630898251e+00,6.872878501170335497e+00,5.305823998676528319e+00,5.117991485957739783e+00,5.697085749733434845e+00
1.751156157224337040e+00,2.443419096041703042e+00,1.164014041241817665e+01,5.613878872454889368e+00,4.464228440341074133e+00,7.319843254901121199e+00
2.279089523329775879e-01,2.631616054220162759e+00,1.116452163406450282e+01,2.983290525739269228e+00,3.534309597168777906e+00,8.666559613848372479e+00
3.193108679187418808e+00,5.252303590909470188e+00,8.839683902081324263e+00,5.564968266657313478e+00,5.679918269058223501e+00,5.758538178336080726e+00
1.846376457169641938e+00,2.438281454369906065e+00,7.275935330068008966e+00,5.452328823414730685e+00,3.094234358883432900e+00,4.471756221487982685e+00
1.093367023603259991e+00,2.058237579023673991e+00,4.936061359398381754e+00,2.639019128852720275e+00,1.678802314460433376e+00,3.744760119458867553e+00
2.201963838070262192e+00,1.795395525364615441e+00,3.060023319220631866e+00,5.621289967772955087e+00,5.340398328630445057e+00,5.724744387784058475e+00
4.210789893079969204e+00,1.355703969377562101e+00,5.345870887854774267e+00,3.010992586395493387e+00,6.822741080527490176e-01,4.135105838524825828e+00
4.566911539878470983e+00,2.622195150444455614e+00,5.208105857776632597e+00,5.004374114559149156e+00,2.638030004564167363e+00,3.629973358171558750e+00
