VR1,VR2,VR3,VR4,VR5,VR6
2.618840325642242117e+00,2.736279901965752881e+00,4.747205883877271049e+00,3.491356282798618871e+00,3.072176343638987284e+00,1.800080577484117317e+00
2.310084228909802029e+00,4.559391718701321317e+00,2.446871248373840402e+00,3.171390384920691918e+00,3.994062388977916545e+00,2.582567552136241229e+00
5.173316342063428053e+00,7.209871450755985123e+00,4.284604112550844945e+00,1.856436215095093267e+00,3.421989927298777712e+00,3.585613354931984631e-01
4.719300716400203655e+00,5.627978231746043392e+00,5.175703173190107975e+00,2.858501222288955645e+00,4.107632099447124929e+00,1.558638452341681635e+00
3.351270518216503902e+00,6.314062400067331993e+00,4.282371157506362991e+00,3.126877354478618365e+00,3.826930529631884514e+00,2.742638164530438072e+00
0.000000000000000000e+00,0.000000000000000000e+00,0.000000000000000000e+00,0.000000000000000000e+00,0.000000000000000000e+00,0.000000000000000000e+00
0.000000000000000000e+00,0.000000000000000000e+00,0.000000000000000000e+00,0.000000000000000000e+00,0.000000000000000000e+00,0.000000000000000000e+00
3.557048292212174889e+00,5.106130323078986066e+00,3.557059051741507272e+00,2.234700654083594529e-01,2.706345455309345560e+00,1.464587883310247474e+00
5.724648786541811418e+00,4.491026827583681325e+00,7.171073839146189677e+00,9.881731353164968645e-01,3.500785348657064588e+00,2.838739219567900651e+00
1.953917436555595799e+00,5.078770097766396319e+00,4.325966948285165259e+00,2.577452187047561516e+00,2.747763859803511011e+00,3.377139655614647129e+00
3.987521661285979402e+00,3.467163095719569377e+00,4.282633464137121315e+00,3.153806104822962197e+00,2.533637252362497261e+00,1.477608153784609524e+00
4.157554601570586428e+00,4.613084221092128345e+00,5.117980805180128989e+00,2.510500134348109480e+00,3.860418283330658173e+00,5.348734015327369917e-01
3.231592657849064132e+00,2.704411759712662899e+00,4.543002660843939111e+00,2.742924370650754007e+00,3.652527274366264898e+00,1.691706888821675747e+00
1.942896654575464455e+00,4.770358204253494883e+00,4.990961127008710640e+00,1.514742207481869052e+00,2.574450324869715701e+00,2.719940722848746439e+00
2.481600124374949701e+00,3.891207967377101173e+00,4.009728769113637625e+00,1.947693860805844945e+00,4.416920709976629666e+00,1.883530585916445510e+00
2.837940355524256386e+00,3.699656454947923834e+00,3.249762210817309427e+00,9.903488527080201997e-01,3.740393402778986243e+00,1.545749272843621291e+00
0.000000000000000000e+00,0.000000000000000000e+00,0.000000000000000000e+00,0.000000000000000000e+00,0.000000000000000000e+00,0.000000000000000000e+00
0.000000000000000000e+00,0.000000000000000000e+00,0.000000000000000000e+00,0.000000000000000000e+00,0.000000000000000000e+00,0.000000000000000000e+00
0.000000000000000000e+00,0.000000000000000000e+00,0.000000000000000000e+00,0.000000000000000000e+00,0.000000000000000000e+00,0.000000000000000000e+00
0.000000000000000000e+00,0.000000000000000000e+00,0.000000000000000000e+00,0.000000000000000000e+00,0.000000000000000000e+00,0.000000000000000000e+00
0.000000000000000000e+00,0.000000000000000000e+00,0.000000000000000000e+00,0.000000000000000000e+00,0.000000000000000000e+00,0.000000000000000000e+00
0.000000000000000000e+00,0.000000000000000000e+00,0.000000000000000000e+00,0.000000000000000000e+00,0.000000000000000000e+00,0.000000000000000000e+00
4.837952084087485005e+00,4.357069296131372838e+00,4.422318369390557891e+00,2.223082799424325184e+00,3.477325555248253597e+00,1.722686971538597955e+00
4.842942586962244889e+00,2.483964333788204470e+00,3.143031135627821548e+00,9.211587985151874491e-01,1.865073859845753468e+00,2.216980426481633515e+00
1.319163436637147857e+00,3.264298721314522034e+00,7.558493200644404553e+00,3.526479665485770187e+00,5.606702634212575198e+00,1.673621450256413290e+00
1.683285402376557993e+00,5.609340852284707246e+00,6.189983075893641384e+00,1.922229291673519747e+00,2.745799412533016515e+00,1.686789460493895554e+00
2.034177356582230978e+00,2.126706071132900000e+00,4.378142554559842914e+00,3.520122879353006162e+00,3.377342512692023124e+00,1.894734698928344230e+00
2.478673378267573391e+00,2.689555235813084089e+00,4.832030431961412020e+00,2.948021887964426213e+00,4.514298589233144199e+00,3.809387684581024391e+00
2.393843171746559140e+00,2.857807453332953607e+00,4.556743315983640130e+00,2.715248525653908729e+00,2.534877786166678248e+00,5.271563397995739919e+00
1.062918911219371543e+00,3.043314446619301616e+00,5.552868942557067200e+00,2.984125277297267065e+00,5.465037147753307067e+00,3.696591337816917733e+00
2.982545668560769858e+00,5.677696913366737874e+00,6.880685751706412390e+00,1.451997194507668176e+00,4.379579396554289517e+00,2.794614565809695250e+00
2.071361920744879459e+00,4.983091759282351596e+00,1.990762571957053417e+00,1.549621486953256966e+00,2.529427483708858837e+00,2.513799618283683479e+00
5.400260838845897027e+00,2.927702786758095144e+00,6.051536660155946379e+00,1.773735319574332170e+00,4.031964528440489026e+00,1.567185426349113619e+00
2.051738872942203251e+00,1.264995859810536638e+00,7.003509263551519481e+00,3.571660876177220167e+00,4.318867599937536994e+00,2.003996617920908108e+00
3.586201850208256658e+00,1.970084126912445832e+00,4.424480677661538408e+00,2.237779689633209834e+00,2.337594212136866467e+00,2.623519268224012269e+00
4.725941257682837460e+00,2.650342137132023268e+00,2.965097114481998641e+00,3.270412364644909697e+00,2.861735105888059572e+00,4.751985335242570940e+00
1.894490184551643308e+00,3.892008879806812871e+00,6.307646879302777343e+00,4.353729699466482472e+00,4.679665559010358855e+00,4.899905359289782325e+00
1.902858081417397429e+00,2.262002277330148026e+00,4.600800497782518761e+00,4.101968361236238536e+00,1.732216833041521742e+00,5.507357598823871214e+00
7.748704710674825247e-01,3.452827876501462612e+00,7.352735115497780249e+00,3.628035721696550642e+00,6.306497151986778960e+00,3.591540904232923825e+00
7.790602997406199659e-01,4.191637699489668023e+00,7.522360890882946904e+00,3.312593021512373337e+00,4.786511966973238330e+00,4.673904351202218699e+00
9.110657411070328671e-01,4.600023200797097367e+00,3.263189624226165986e+00,3.383516214408867739e+00,1.604713142525508562e+00,5.355861008801735323e+00
3.095997426462342883e+00,2.996498657077967032e+00,4.572156807275418622e+00,3.479096373322491331e+00,2.601617165045323254e+00,4.321196772006892672e+00
1.335797566757222166e+00,2.059172703823146655e+00,7.370586413258266134e+00,4.387073383564842111e+00,6.833229507981414486e+00,4.372765137366244836e+00
0.000000000000000000e+00,0.000000000000000000e+00,0.000000000000000000e+00,0.000000000000000000e+00,0.000000000000000000e+00,0.000000000000000000e+00
5.025483067021631278e+00,3.257399042972145775e+00,4.218209394936097034e+00,2.764030957614623141e+00,4.331774711665945077e+00,4.368317259032740374e+00
0.000000000000000000e+00,0.000000000000000000e+00,0.000000000000000000e+00,0.000000000000000000e+00,0.000000000000000000e+00,0.000000000000000000e+00
0.000000000000000000e+00,0.000000000000000000e+00,0.000000000000000000e+00,0.000000000000000000e+00,0.000000000000000000e+00,0.000000000000000000e+00
0.000000000000000000e+00,0.000000000000000000e+00,0.000000000000000000e+00,0.000000000000000000e+00,0.000000000000000000e+00,0.000000000000000000e+00
2.521897410732141687e+00,5.326556970991891404e+00,4.256928921827648260e+00,5.527074754989311778e-01,8.304629199040594045e-01,3.297552596376038814e-01
4.670490281106424391e+00,6.139133291818053451e+00,9.238442223847282975e-01,1.415620118812741524e+00,3.447748398139566017e+00,5.258792052221572533e-01
2.329438829170265901e+00,2.470204847952040428e+00,7.037757556378304358e+00,4.979272374790182809e+00,3.070399935002359193e+00,1.133603471447290456e+00
3.709584197759532298e+00,3.033866017124947412e+00,5.244911109740647781e+00,3.757741642417988359e+00,3.690133160887132835e+00,3.347726794049435295e+00
3.987003931732406414e+00,4.548430907410645929e+00,5.495617821599307007e+00,1.835104839843690439e+00,3.285598911007336032e+00,4.035148275835667597e+00
4.321305846229304137e+00,6.798130541114464798e+00,5.891930346706886645e+00,5.045999663232514365e-01,4.082296429773757396e+00,1.092081964788370385e+00
0.000000000000000000e+00,0.000000000000000000e+00,0.000000000000000000e+00,0.000000000000000000e+00,0.000000000000000000e+00,0.000000000000000000e+00
0.000000000000000000e+00,0.000000000000000000e+00,0.000000000000000000e+00,0.000000000000000000e+00,0.000000000000000000e+00,0.000000000000000000e+00
0.000000000000000000e+00,0.000000000000000000e+00,0.000000000000000000e+00,0.000000000000000000e+00,0.000000000000000000e+00,0.000000000000000000e+00
0.000000000000000000e+00,0.000000000000000000e+00,0.000000000000000000e+00,0.000000000000000000e+00,0.000000000000000000e+00,0.000000000000000000e+00
0.000000000000000000e+00,0.000000000000000000e+00,0.000000000000000000e+00,0.000000000000000000e+00,0.000000000000000000e+00,0.000000000000000000e+00
0.000000000000000000e+00,0.000000000000000000e+00,0.000000000000000000e+00,0.000000000000000000e+00,0.000000000000000000e+00,0.000000000000000000e+00
4.782479872759046735e+00,4.131352277933071804e+00,3.428260842372099049e+00,1.417085627993497354e+00,2.731119861426275275e+00,5.348198406272164362e-01
0.000000000000000000e+00,0.000000000000000000e+00,0.000000000000000000e+00,0.000000000000000000e+00,0.000000000000000000e+00,0.000000000000000000e+00
0.000000000000000000e+00,0.000000000000000000e+00,0.000000000000000000e+00,0.000000000000000000e+00,0.000000000000000000e+00,0.000000000000000000e+00
4.426699094110102095e+00,1.027326298811290783e+00,4.010271746633667256e+00,4.944860467533326087e+00,2.709498796701874213e+00,1.417899354767005349e+00
3.145129511103342157e+00,1.130597303338284565e+00,3.788126284973849067e+00,5.858622789350774518e+00,2.916062629678643603e+00,2.921480404386087137e+00
1.728971207614077299e+00,2.919273643150731345e+00,4.734868937345993345e+00,7.810521458951079410e+00,3.121304285012993063e+00,5.837769471562569201e+00
1.012521861344055862e+00,2.228122406824977197e+00,5.348148884301361150e+00,6.990207695114725617e+00,4.251945345410296007e+00,4.652206133784254405e+00
0.000000000000000000e+00,0.000000000000000000e+00,0.000000000000000000e+00,0.000000000000000000e+00,0.000000000000000000e+00,0.000000000000000000e+00
3.505605172284634641e+00,5.037723661652377949e-01,4.938159327520605046e+00,4.189054616717532653e+00,3.900296721997930760e+00,4.084351162053894591e+00
4.667647363005009709e+00,1.730534760481901024e+00,6.035345236637584598e+00,2.823710330709720218e+00,4.175673383184985710e+00,5.236098086538474305e+00
3.144892466876114234e+00,2.611806493938568785e+00,4.817884423989500675e+00,3.379033174535736705e+00,4.329088228284938111e+00,7.154167751112850304e+00
2.953755104822608502e+00,3.996800049051574710e+00,4.563174092969052964e+00,1.792155931357610310e+00,3.480516260198335043e+00,3.658738579136834979e+00
3.365673772380730178e+00,6.345860436223384582e+00,4.960301541676548354e+00,1.410082854030775934e+00,3.081732533931104800e+00,2.916783360083954335e+00
3.616005853174851126e+00,5.252557797510741366e+00,5.736558972454714578e+00,2.247292574500213913e+00,4.320511267150892287e+00,1.495517432243791411e+00
4.304071811941295955e+00,2.918016161914715134e+00,3.782018312324283649e+00,1.501842284184137455e+00,3.673401571164998991e+00,6.778170578378199806e-01
2.955766839427458326e+00,3.641682125585602670e+00,4.470041465086749710e+00,1.821911893810184591e+00,3.018129911073741400e+00,2.526458836614486003e+00
3.314344073566276805e+00,3.641779633630798152e+00,7.119441490462131483e+00,2.262404677474366466e+00,5.131887812077955857e+00,2.589098349090889428e+00
2.959306874083156735e+00,1.913034386273531950e+00,7.500902386263958554e+00,1.753138415145903295e+00,3.077103256257841313e+00,2.904450661022734081e+00
3.893659118983575862e+00,4.007591929221717031e+00,4.913202074777228923e+00,2.643602941873063550e+00,3.175302665424051263e+00,3.369322543014926730e+00
4.476401786356904111e+00,5.505917482116080564e+00,5.248106187192918881e+00,2.463712201086146081e+00,3.816418555863853257e+00,2.235356772160847605e+00
2.670522721426915602e+00,3.273681462688037946e+00,5.942428771066502691e+00,2.251010239341881380e+00,2.622647245634106561e+00,2.288418536383932889e+00
8.687315299625100184e-01,3.764537771540902522e+00,6.112018664125599798e+00,3.204131924844561219e+00,6.104549976562832825e+00,5.412701209472302821e+00
8.100361194146734611e-01,2.957560454691823715e+00,6.708669843132941679e+00,8.589700813128953172e-01,1.584948374604064902e-01,3.688362011723095080e+00
0.000000000000000000e+00,0.000000000000000000e+00,0.000000000000000000e+00,0.000000000000000000e+00,0.000000000000000000e+00,0.000000000000000000e+00
3.078045097863857826e+00,3.759592649745723492e+00,5.274349440289578084e+00,1.024342150427575149e+00,2.833873903545674811e+00,2.486896508406843509e+00
0.000000000000000000e+00,0.000000000000000000e+00,0.000000000000000000e+00,0.000000000000000000e+00,0.000000000000000000e+00,0.000000000000000000e+00
3.681497826003225171e+00,6.677781035121343578e+00,5.958151258806106298e+00,1.589387794050058922e+00,1.828297815146846528e+00,8.667036610335712155e-01
3.138504249835222026e+00,4.618967237821324900e+00,1.750997488565264160e+00,4.505241130825641704e+00,3.286358357372791694e+00,6.078546776395170603e-01
1.354115207971664958e+00,2.990601078948594616e+00,5.639621761578399450e+00,5.876784336916344387e+00,2.590222853187222452e+00,1.356610199143937212e+00
3.730020914263099563e+00,7.658270523572729971e-02,5.088630548587356195e+00,7.063213982879577912e+00,3.932601041605233938e+00,4.656164777697718193e+00
5.524169916200962760e-01,9.526474755204392686e-01,6.885317514048533205e+00,5.472205336911437179e+00,4.025573963108664444e+00,5.445246590645234086e+00
2.543747310247491455e+00,2.181012452814794944e+00,6.229660622313915042e+00,5.427850529891293796e+00,5.112652976061196064e+00,5.566389700329382961e+00
1.152755762656993310e+00,3.906770153637952880e+00,4.969048320752520453e+00,3.999587383749637404e+00,2.681674875640390532e+00,4.563570654237800284e+00
0.000000000000000000e+00,0.000000000000000000e+00,0.000000000000000000e+00,0.000000000000000000e+00,0.000000000000000000e+00,0.000000000000000000e+00
1.485112420169303782e+00,2.036336655560776254e+00,5.449502373762968865e+00,5.215339511807929540e+00,4.357440171722688937e+00,5.769654563089615884e+00
9.476469598917285353e-01,1.039098937443856618e+00,4.686929438105616796e+00,5.807510370228365026e+00,1.555181528741636399e+00,4.450176884827109269e+00
4.179671527335568015e+00,4.245431831093375408e+00,4.639714586724542400e+00,4.954279574567978628e+00,4.658401397922536269e+00,5.647565673372822559e+00
2.011566447460691798e+00,1.186751934577731982e+00,5.640567823975803918e+00,5.968311701872443642e+00,3.389777361809048095e+00,4.332381251217240603e+00
1.326970018043733379e+00,2.298668730986705544e+00,3.729850471541730883e+00,4.009650421275598120e+00,1.677853756838932453e+00,3.882134668114048726e+00
2.077126777431819171e+00,4.514384640309816454e+00,7.973905905165434405e+00,3.445170995571309014e+00,2.904369741448681541e+00,3.074973274325615069e+00
4.132498935759869596e+00,1.982643751386337083e+00,5.671541359471095944e+00,3.179799562486390396e+00,3.510340164818164688e+00,2.463955920580546799e+00
3.347692700195523230e+00,4.032162087499699510e+00,4.480652605310517345e+00,2.445929938854938257e+00,3.859113694440022613e+00,1.797932359827372206e+00
1.943163969308465022e+00,5.275149009549180867e+00,5.136228221150862971e+00,3.285530789433366294e+00,3.933251190049240620e-01,1.101271250059753903e+00
6.010974553134545317e+00,3.535026346798700203e+00,5.169167871615661269e+00,4.459292017977016798e+00,4.809783485354424570e+00,3.776105502002058856e+00
7.404432856656664175e-01,2.750351534309630086e+00,5.307479491547670847e+00,4.785365390566722610e+00,2.696077550889812713e+00,3.307250072362084570e+00
3.467082118668460389e+00,3.836548172668926338e+00,2.925728856151820434e+00,3.724367946415716002e+00,9.976104016621545334e-01,2.802408956010650432e+00
3.406882791019504975e+00,4.734513461832513315e+00,3.821462647060991813e+00,1.875395915759625165e+00,2.444345779326073220e+00,2.917505022312549379e+00
3.124412636747323724e+00,4.856577085023737972e+00,3.849948848701264303e+00,1.921046289663244089e+00,2.541012716078665079e+00,1.326357405709028825e+00
2.742405385649163030e+00,5.739795362009849633e+00,5.254479935896997134e+00,3.658478267500994363e+00,3.907612960427607085e+00,1.109118018538342909e+00
6.501789927326098173e-01,6.959862119224970556e+00,5.637635238754558742e+00,7.659181824623866319e-01,4.874020919650639883e+00,2.865879629950622842e+00
2.150943293534496092e+00,5.106772292922990175e+00,2.882806331554160550e+00,1.530000141213184950e+00,2.559815199602547331e+00,2.736049011010694532e+00
3.583592867606250287e+00,4.472306049731438193e+00,4.792145786800096730e+00,3.901996616497984682e+00,3.479947556943829845e+00,7.321637965088414468e-01
0.000000000000000000e+00,0.000000000000000000e+00,0.000000000000000000e+00,0.000000000000000000e+00,0.000000000000000000e+00,0.000000000000000000e+00
2.592873025483500626e+00,3.942447397321915403e+00,1.155941489112110254e+00,3.156893094930059984e+00,2.658608307852255326e+00,4.615067428047656684e-01
3.507420270197216361e+00,1.526668035346446572e+00,5.143039260214928632e+00,6.734291873114123916e+00,3.362704543997995899e+00,1.759848150045779214e+00
3.828188246136545736e+00,5.146366763196356331e+00,3.839818920773205857e+00,5.783209637171669470e+00,2.298862116266761291e+00,5.120457659923165039e+00
1.944774468291710301e+00,5.762333716657368043e+00,4.395453457495966276e+00,4.181568168507206806e+00,4.744351840014324750e+00,2.788759913117884182e+00
2.067953349705379029e+00,3.666485336876765810e+00,4.759891217369196070e+00,3.673824389881707120e+00,3.465575631368831289e+00,7.924944293649458515e-01
2.581659481858036287e-01,1.409429494187246945e+00,6.062438919938969661e+00,4.214036004847299566e+00,3.466574135970771575e+00,6.064801970519111407e-01
4.367974545081265703e+00,3.622698105103628663e+00,6.088784923157593454e+00,3.756770752505217636e+00,2.310325837131377291e+00,1.907143037671705788e+00
4.033337939635321945e+00,4.414124352033971022e+00,2.923410328507298761e+00,5.393854556007021905e+00,2.722345337775778251e+00,2.143144589530402655e+00
1.978028734747979467e+00,4.426606663575642031e+00,2.843140854265195028e+00,3.648901510158774286e+00,2.942724268721392811e+00,4.637660722342870301e+00
3.544198531484605397e+00,1.771678118396494472e+00,2.953913311858216595e+00,6.640733342616217172e+00,3.409937826064076916e+00,5.058174342712135285e+00
4.263991414541212777e-02,3.409347555078208192e+00,3.786084557034518738e+00,6.119583671161122673e+00,1.796374404799115476e+00,5.659092816662480097e+00
6.602941922953164955e-01,1.760787043490008363e+00,3.177366966425985151e+00,7.580849944385778194e+00,3.498919643603996654e+00,5.965405860652655434e+00
2.479860473483638472e+00,2.221513790427914969e+00,8.573551270915775291e+00,3.984575610021983127e+00,5.645304884272704271e+00,5.828932482705063478e+00
9.705706206638455846e-01,1.408187740864826010e+00,4.704704685907454831e+00,5.059435734601558821e+00,3.549379231709917093e+00,5.784695647948251640e+00
2.538855242993035333e+00,1.687702219196462572e+00,4.247818315466669326e+00,3.738097965531817835e+00,3.425089913784556295e+00,4.651120890530497931e+00
2.017059072685918331e+00,1.052814191490800910e+00,6.601695623650704725e+00,5.366584504072117845e+00,2.379064046584685066e+00,5.189505564138566562e+00
3.555521779342855737e+00,1.597180759930665106e+00,3.378584592317175783e+00,5.017733754974151417e+00,1.851196365575498382e+00,7.219604309806572751e+00
2.961932784061568569e+00,8.368223959829856895e-01,4.888317218278482201e+00,5.021968895946547384e+00,4.866684409234568243e+00,6.230581012057347046e+00
7.615947406229039984e-02,4.020004699924207614e+00,5.575365017728453054e+00,4.410640156979032334e+00,2.497630907790544974e+00,4.593882973148686766e+00
2.617572326332295418e+00,2.224138918337483339e+00,4.405573848718151275e+00,7.180414751298656029e+00,3.450529396577524111e+00,5.830310807556597474e+00
2.386135843680508017e-01,1.603089684803364445e+00,6.723389109808118214e+00,5.780741669804534411e+00,3.888481137808763144e+00,6.058022452705078109e+00
3.412369117351889081e+00,4.804578002885801169e+00,6.030448983412973973e+00,4.502553523764163401e+00,2.494585238057479337e+00,2.420068511292562174e+00
4.228187006179359386e+00,3.933014359616055167e+00,4.957491106628423516e+00,8.721495018067790816e-01,1.943187122486100149e+00,2.646769549155334467e+00
2.684073681660696487e+00,5.165791054171982033e+00,1.755758999304154244e+00,4.368969674852481333e+00,3.316598383487844970e+00,4.288247063763254374e+00
3.105930875939882263e+00,4.846354921773703417e+00,3.536228578112465826e+00,1.178290591643722074e+00,3.196657730631376371e+00,1.884135106985655561e+00
2.265983266057816081e+00,4.895215866431342100e+00,6.058512755947752737e+00,1.358857165902399355e+00,4.058045082616529520e+00,2.850204849403848328e+00
2.857955520399502181e+00,8.966028896169735418e+00,6.782208479699592729e+00,1.515272479721287091e+00,3.900916110483196420e+00,2.681792237811887247e+00
3.307988115278424512e+00,6.425929070497234719e+00,7.890745166065335603e+00,1.012368582298079467e+00,5.210765145989382674e+00,1.085046371559512668e+00
4.637974923902685731e+00,4.196103742978997353e+00,6.978989199385950748e+00,3.260478413303550482e+00,3.826787287867744247e+00,2.925791762343082691e+00
0.000000000000000000e+00,0.000000000000000000e+00,0.000000000000000000e+00,0.000000000000000000e+00,0.000000000000000000e+00,0.000000000000000000e+00
3.635488213798817370e+00,4.526595934514676678e+00,5.975624841471922188e+00,3.317915125646178076e+00,3.977077472247150247e+00,3.237013435810744966e+00
3.844165762710120671e+00,4.046259979721400057e+00,5.401405564085332678e+00,3.886641952072760642e+00,2.138178117813045453e+00,3.061466702771823645e+00
4.245577992533545952e+00,5.515090603146505011e+00,5.237930729012385100e+00,2.945308312848733845e+00,3.206228671739173475e+00,3.183751260615370171e+00
3.401875589025849855e+00,4.011975964518152971e+00,6.102636395394380742e+00,1.020994593546246776e+00,4.066901531802036729e+00,8.870794376840231976e-01
3.194984885620736570e+00,3.613698259713618022e+00,7.089313626502653065e+00,1.081947343607277290e+00,2.032892062491230778e+00,1.739586897273472044e+00
5.200635909625869857e+00,5.109657800798417249e+00,4.420431217294424897e+00,2.095990743736287243e+00,3.747326371097688735e+00,1.876795135592914665e+00
1.039068136083510119e+00,4.008430172102269040e+00,4.102938888526808547e+00,3.536732568543473398e+00,4.935169542623165206e+00,3.161847258999377352e+00
