VR,SS,ANX,INT
3.339423102731208459e+00,1.000000000000000000e+00,1.000000000000000000e+00,1.000000000000000000e+00
2.267419154437106066e+00,1.364635326613728772e+00,2.707078922861748005e+00,3.742893960833004297e+00
3.987219662900495010e+00,1.662170303293872387e+00,2.396155106637747778e+00,3.777237785785600099e+00
3.335548697915971417e+00,1.454360768044308694e+00,2.188170063184296410e+00,3.144608465237938688e+00
4.994519333407334116e+00,1.580436556282680316e+00,1.237213019425426497e+00,3.744919557095137019e+00
2.302084335209242383e+00,1.380931238764244728e+00,1.311960942041265010e+00,3.152798163723046443e+00
3.684645667596498253e+00,1.081990867814162760e+00,1.717007059826646032e+00,3.247993506775187278e+00
3.271265101003844489e+00,1.070121013501518448e+00,1.722571677308451621e+00,3.855373532931202440e+00
4.301337988601572349e+00,1.855476437208122498e+00,2.468235483912594397e+00,4.024629147488725245e+00
3.166154731164087632e+00,1.249001264400457556e+00,1.860961957324440696e+00,2.476213860935652544e+00
3.358093967596480489e+00,1.651966495520527545e+00,1.771346809338543382e+00,2.819770589353886692e+00
6.644461878103782304e-01,1.654603408953104093e+00,1.999840400077593339e+00,3.329953099343837319e+00
3.518149261405135508e+00,1.056233141172939094e+00,1.097323508269226977e+00,4.006305817589137064e+00
0.000000000000000000e+00,1.000000000000000000e+00,1.000000000000000000e+00,1.000000000000000000e+00
3.478125038584815254e+00,5.000000000000000000e+00,5.000000000000000000e+00,5.000000000000000000e+00
2.019230590182221619e+00,1.000000000000000000e+00,1.000000000000000000e+00,1.000000000000000000e+00
1.840168796908233428e+00,1.000000000000000000e+00,1.000000000000000000e+00,1.000000000000000000e+00
1.528148645015141138e+00,1.000000000000000000e+00,1.000000000000000000e+00,1.000000000000000000e+00
4.931569259150704099e+00,1.469304658304836142e+00,1.843362919816000867e+00,3.242564960795501161e+00
7.527642671303529376e-01,1.000000000000000000e+00,1.000000000000000000e+00,1.000000000000000000e+00
0.000000000000000000e+00,1.000000000000000000e+00,1.000000000000000000e+00,1.000000000000000000e+00
4.103133897405216501e+00,1.000000000000000000e+00,1.000000000000000000e+00,1.000000000000000000e+00
4.919078864399383022e+00,1.588092997073683899e+00,1.890333197504373786e+00,3.059402711250108098e+00
9.578166873898079636e-01,1.000000000000000000e+00,1.000000000000000000e+00,1.000000000000000000e+00
5.000000000000000000e+00,1.527945663784367136e+00,2.250830853690008126e+00,4.548897112872672288e+00
4.626530728477802334e+00,1.540007184903839477e+00,2.469359865993852043e+00,3.810652000272298778e+00
4.944533418620807197e+00,1.582857104133177817e+00,3.307694279795387438e+00,3.048435468149119476e+00
5.000000000000000000e+00,5.000000000000000000e+00,5.000000000000000000e+00,5.000000000000000000e+00
2.113858571150947885e+00,1.195890685226706829e+00,2.806371233461579795e+00,4.120721451613131414e+00
3.114331049781649874e+00,1.521486684551632607e+00,2.595358441449365117e+00,3.831596269448598324e+00
4.035835282751057740e+00,1.290464416674092618e+00,1.495328809709649098e+00,2.560509363963938689e+00
1.530053195353356488e+00,1.000000000000000000e+00,1.000000000000000000e+00,1.000000000000000000e+00
1.540999029233253825e+00,1.000000000000000000e+00,1.000000000000000000e+00,1.000000000000000000e+00
5.000000000000000000e+00,1.963837125542495343e+00,1.642298348666240804e+00,3.982312781045995731e+00
3.060016962093996984e+00,1.000000000000000000e+00,1.000000000000000000e+00,1.000000000000000000e+00
2.401139102448574647e+00,1.000000000000000000e+00,1.000000000000000000e+00,1.000000000000000000e+00
2.674828313186909057e+00,1.000000000000000000e+00,1.000000000000000000e+00,1.000000000000000000e+00
4.834094396119613890e+00,1.128297642386535182e+00,1.088531664042710956e+00,3.986038417854037341e+00
3.182466263075275137e+00,1.000000000000000000e+00,1.000000000000000000e+00,1.000000000000000000e+00
3.239921218058221086e+00,1.000000000000000000e+00,1.000000000000000000e+00,1.000000000000000000e+00
2.827281051400106104e+00,1.000000000000000000e+00,1.000000000000000000e+00,1.000000000000000000e+00
5.000000000000000000e+00,1.241150695881755972e+00,3.141551384851056561e+00,4.308711115560559080e+00
4.136424267902817142e+00,1.217338668555057790e+00,1.821475863121272187e+00,3.574252599413413112e+00
2.744927540230291729e+00,1.000000000000000000e+00,1.000000000000000000e+00,1.000000000000000000e+00
2.165383597441939312e+00,1.000000000000000000e+00,1.000000000000000000e+00,1.000000000000000000e+00
3.311588277076624287e+00,1.546933755574348535e+00,1.251369029080763529e+00,4.089373785830743735e+00
5.000000000000000000e+00,1.942834878724414960e+00,2.035080342116485141e+00,3.816731154349806143e+00
4.067174939745278550e+00,1.352682872340654985e+00,1.358022667603688838e+00,4.340775986319012958e+00
2.838660387896296822e+00,1.000000000000000000e+00,1.000000000000000000e+00,1.000000000000000000e+00
4.999130158576740257e+00,1.679803763471494182e+00,1.683541896808872451e+00,4.127138096540866385e+00
4.821131074920234738e+00,1.568739353584148066e+00,2.043756354819726173e+00,3.947479129182380753e+00
3.316505196313415560e+00,1.000000000000000000e+00,1.000000000000000000e+00,1.000000000000000000e+00
2.004306642406420202e+00,1.000000000000000000e+00,1.000000000000000000e+00,1.000000000000000000e+00
4.299692499673651191e+00,1.235831927673206598e+00,1.273865459259168276e+00,4.969486488507188326e+00
1.454948811783626006e+00,1.000000000000000000e+00,1.000000000000000000e+00,1.000000000000000000e+00
3.579595528102163193e+00,1.000000000000000000e+00,1.000000000000000000e+00,1.000000000000000000e+00
3.374620453133847509e+00,1.000000000000000000e+00,1.000000000000000000e+00,1.000000000000000000e+00
3.813141070474534544e+00,1.000000000000000000e+00,1.000000000000000000e+00,1.000000000000000000e+00
4.136593014063244311e+00,1.076937246441050267e+00,1.677282107587615201e+00,3.726418614840063981e+00
3.596311134025787837e+00,1.145427672587679302e+00,1.478068806406577673e+00,3.004572596001172879e+00
1.674905922751849685e+00,1.048232539858672263e+00,1.875417698664323396e+00,3.574096070566787020e+00
2.541169788913437699e+00,1.000000000000000000e+00,1.000000000000000000e+00,1.000000000000000000e+00
2.734319818533403446e+00,1.000000000000000000e+00,1.000000000000000000e+00,1.000000000000000000e+00
2.262559949017754590e+00,1.000000000000000000e+00,1.000000000000000000e+00,1.000000000000000000e+00
1.488868541332932782e+00,1.000000000000000000e+00,1.000000000000000000e+00,1.000000000000000000e+00
4.061739766289604425e+00,1.063817678621506779e+00,1.335418986029779376e+00,3.689461959297452243e+00
1.956192748681935711e+00,1.013680274777493340e+00,1.445994052576490274e+00,3.521367876076515913e+00
4.283580888157120015e+00,1.425823695658845480e+00,2.870146833802273534e+00,3.460248867287528896e+00
1.148352899156026563e+00,1.000000000000000000e+00,1.000000000000000000e+00,1.000000000000000000e+00
4.941139617529115569e+00,1.313403286762639288e+00,2.164082847116418407e+00,4.430706741802280746e+00
4.120069472789283260e+00,1.580866296377004598e+00,2.001609244072986016e+00,3.811304955603860289e+00
4.231078859663058189e+00,1.528041905771857722e+00,1.570310168367333947e+00,3.871063751547887399e+00
3.484493693561164118e+00,1.225717549871627954e+00,1.571999819555297107e+00,3.038526400953919904e+00
3.408813828803392454e+00,1.752277876331546302e+00,1.940564573187840036e+00,3.349019526868627139e+00
4.240931394274503496e+00,1.419805556037291083e+00,2.034608077127558090e+00,3.423795577855774930e+00
