VR1,VR2,VR3,VR4,VR5,VR6
9.387732926031240321e-01,3.321333237960490514e+00,4.611087738556627791e+00,4.118218174667541476e+00,2.444529574895904833e+00,4.808214672960692937e+00
2.083711416233237745e+00,1.843061680585744044e+00,3.069317886492267888e+00,4.164105325302183580e+00,4.592720903964201185e+00,2.532216521531937659e+00
0.000000000000000000e+00,0.000000000000000000e+00,0.000000000000000000e+00,0.000000000000000000e+00,0.000000000000000000e+00,0.000000000000000000e+00
3.033552421269056332e+00,2.801260427306679457e+00,4.066294633694282901e+00,6.186053234152197433e+00,4.015826764749454547e+00,1.562329031678260094e-01
1.616720232847329797e+00,2.452379160988056306e+00,5.185377537209891585e+00,5.088497989678534061e+00,6.854255733648326299e+00,3.014953959388242399e+00
0.000000000000000000e+00,0.000000000000000000e+00,0.000000000000000000e+00,0.000000000000000000e+00,0.000000000000000000e+00,0.000000000000000000e+00
0.000000000000000000e+00,0.000000000000000000e+00,0.000000000000000000e+00,0.000000000000000000e+00,0.000000000000000000e+00,0.000000000000000000e+00
3.604304904028424961e+00,2.898938515020411444e+00,5.201097585875460894e+00,4.344319556570990670e+00,3.681926797678297447e+00,3.594724441148936300e+00
3.809774717767698604e+00,4.093939716928114869e+00,6.562393706520165182e+00,6.147972606044757704e+00,2.933206169120009310e+00,3.442312273158166569e+00
4.222959205484975165e-01,2.276892127630023133e+00,7.908230688200369229e+00,4.229715934648935693e+00,2.140324753833359406e+00,4.179656653767478858e+00
1.721607449072261264e+00,1.003210149922014960e+00,6.147012899844042977e+00,4.571725324659655421e+00,2.576503510038870459e+00,3.066580512708462436e+00
1.331526119623776871e+00,6.734021926594881968e-01,5.707059117015571559e+00,5.517273431268808537e+00,2.690049805075644507e+00,5.106487559607456816e+00
7.817780703661711961e-01,2.311143157633820167e+00,5.330326891485458241e+00,3.420707122528580779e+00,4.969021678464683234e+00,4.455509804701804910e+00
2.972255080238546121e+00,1.744988407345259063e+00,5.783000019277032777e+00,4.400894274861617106e+00,5.183603002420625216e+00,4.880262813117656862e+00
3.534870864209809227e-01,5.380138397747229462e-01,3.895799411217460761e+00,4.017855707346798866e+00,4.302591452598981903e+00,3.250360825638332063e+00
2.418329778507393168e+00,5.697447849211387805e-01,6.324756602134980810e+00,2.711147375613472743e+00,2.153562598762590596e+00,6.168967650535249092e+00
4.519694281818109616e+00,3.257504313681372832e+00,7.097455655073255265e+00,4.969455043911530367e+00,2.273713861896088151e+00,2.786401149160093738e+00
6.032255964400898840e+00,7.000561191017684592e+00,5.811335216324502007e+00,5.114395536613843163e+00,4.628938949374811429e+00,2.033200263107117323e+00
5.614202427134361351e+00,4.653078306485889826e+00,5.249987572948890957e+00,5.487805642562060271e+00,4.081643011369829210e+00,1.154680867886499485e+00
3.954011639044239690e+00,2.187334305835188175e+00,8.134278971787560764e+00,3.858285962103890743e+00,3.650010949308914121e+00,5.441212829605660772e+00
0.000000000000000000e+00,0.000000000000000000e+00,0.000000000000000000e+00,0.000000000000000000e+00,0.000000000000000000e+00,0.000000000000000000e+00
1.948226223750936015e+00,2.066454106748777608e+00,4.966421312692042456e+00,5.689523891685115409e+00,4.855462779070958135e+00,5.378573902533371864e+00
4.619418135364510292e-01,1.940259555557183324e+00,3.021210378547729558e+00,4.142767667517827768e+00,2.685212359128290593e+00,4.811632048915499560e+00
4.593552023309470655e-01,1.720156197137445497e+00,3.832129404734228473e+00,3.317938504307362368e+00,2.640352369879925831e+00,3.759230905857617877e+00
1.717626922930013178e+00,1.979939674947851280e+00,3.784980253997141997e+00,4.790499077489932311e+00,3.928218890954706222e+00,5.002727367739426612e+00
0.000000000000000000e+00,0.000000000000000000e+00,0.000000000000000000e+00,0.000000000000000000e+00,0.000000000000000000e+00,0.000000000000000000e+00
0.000000000000000000e+00,0.000000000000000000e+00,0.000000000000000000e+00,0.000000000000000000e+00,0.000000000000000000e+00,0.000000000000000000e+00
1.621812093004560529e+00,1.842087479014349771e+00,3.709551283026453650e+00,6.765183961816729763e+00,7.243594668076308807e+00,2.850888764136492171e+00
2.793157042750265440e+00,1.262950726882992702e+00,4.872165851919421975e+00,1.876975395889100895e+00,2.485261739799355940e+00,4.873210201709460954e+00
5.537343198183132031e+00,3.420956344549570094e+00,5.786020340558499342e+00,4.771585242215113709e+00,1.135258203985602066e+00,5.369770572722877944e+00
2.131646372063119355e+00,5.529504729825678311e+00,4.472760211223679505e+00,6.770042076776169537e+00,3.444214987828737584e+00,3.828295772308286882e+00
3.336090237146231985e-01,6.165831986010221755e+00,5.989085417734282046e+00,3.446630030177553206e+00,3.712683030996144495e+00,2.945697025781801592e+00
9.964095770211827130e-01,3.257958279925209144e+00,5.014508816832077720e+00,3.011912262274767382e+00,3.916191511343535936e+00,4.198603897332684021e+00
1.857707217823661772e+00,4.134399087178980636e+00,5.695480426397749874e+00,4.407889678040193715e+00,3.704341451689419529e+00,4.822621857144330448e+00
4.687193412006465110e-01,3.526048257260811170e+00,7.499892910380994593e+00,3.238687405011674514e+00,3.511794813136817961e+00,3.508726271075674141e+00
1.130567013425783696e+00,3.681140473389116430e+00,5.461864248354685536e+00,3.181713569006259235e+00,2.384534391261478259e+00,5.453022697355118353e+00
2.663827236254684205e+00,1.835407014733438480e+00,5.108075771933054732e+00,4.065907026985819961e+00,2.400457567020047644e+00,3.732706128316718441e+00
1.020852796010401464e+00,4.287098802433169098e+00,6.146620225878735688e+00,4.100855239305422728e+00,3.277212466377211530e+00,4.043830757893477568e+00
1.445248555540341595e+00,2.329719068509449986e+00,5.408936228700078175e+00,1.661455493921297322e+00,2.977137127393375327e+00,3.645684173692290919e+00
2.930478073420773821e+00,3.409206994827366000e+00,3.778071625650075038e+00,2.371993170172387977e+00,2.503714070076104914e+00,5.775283324842024335e+00
3.695240395266888189e+00,2.227045198392995751e+00,3.293435407491903444e+00,5.040840845716911822e+00,2.130977883860110111e+00,3.687462398457665991e+00
2.938576440533986478e+00,4.772044158588664153e+00,5.826673886845746608e+00,1.871531388134934915e+00,2.496372059272471411e+00,5.398944415270732655e+00
1.798740204091916706e+00,4.770350069109362323e+00,2.568463248022173850e+00,2.502934401442535428e+00,3.602877701736777460e+00,5.012428000034979014e+00
4.811078386411773433e-01,1.668668580218245712e+00,2.887786540682828473e+00,4.121805031298078070e+00,2.847162965916569810e+00,5.316285669349102960e+00
4.308573817286474039e-01,2.493563497116250360e+00,4.363747352434039328e+00,4.835731729364258769e+00,2.089122840507574352e+00,5.332678974516583459e+00
1.457954434121530918e+00,3.768921072951248341e+00,6.517485155353557325e+00,1.817840119601541016e+00,3.969331778037701319e+00,3.308792561894274620e+00
2.039961501618030582e+00,2.745442545275895263e+00,5.598981446984546473e+00,4.617855063231322887e+00,6.085200368502949431e+00,4.168065690671342693e+00
1.340168294532291693e+00,2.930331598250070169e+00,6.153523555677562484e+00,3.186420320411246010e+00,2.339096172797789919e+00,4.441640823201830734e+00
3.490850444421830012e+00,4.260808356761797810e+00,5.826248604101459172e+00,3.227785682787180477e+00,2.345628204228541680e+00,5.124636469286019569e+00
3.188276509917668200e+00,3.875054321330366314e+00,4.964344837781343500e+00,2.705868855016476004e+00,4.503014802578817921e+00,3.492188828749817286e+00
3.329772618509311055e+00,3.985301879944354031e+00,3.848566619100988184e+00,4.045444332060079695e+00,2.689891298376981155e+00,3.752240989208164290e+00
3.348126665282979531e+00,4.984493201270612239e+00,6.231767271223481508e+00,2.915600666186084489e+00,1.546036674476894301e+00,4.925812779055374513e+00
3.202248307931673921e+00,5.862421653936575439e+00,4.392386866788755562e+00,5.397153262702641285e+00,3.429602292211257897e+00,2.565506635928917145e+00
1.080947767415249672e+00,6.038773462219427124e+00,6.930553169690769622e+00,2.762398448216814462e+00,3.492327078134931373e+00,3.462883831318238848e+00
1.235892945949666810e+00,5.663326846609269438e+00,6.456957165825102152e+00,5.172991049447480449e+00,3.625849973385708580e+00,1.767933880143614189e+00
1.842165276620823633e+00,2.886170272657818003e+00,6.500653361587946932e+00,4.245014411072657090e+00,5.623889501014449621e+00,3.339653868052285368e+00
0.000000000000000000e+00,0.000000000000000000e+00,0.000000000000000000e+00,0.000000000000000000e+00,0.000000000000000000e+00,0.000000000000000000e+00
0.000000000000000000e+00,0.000000000000000000e+00,0.000000000000000000e+00,0.000000000000000000e+00,0.000000000000000000e+00,0.000000000000000000e+00
2.003512524363447955e+00,2.731807574090416857e-01,5.500231289965691772e+00,6.261911525763656172e+00,3.194977366262573337e+00,3.089815231212429847e+00
1.330286145089800476e+00,7.420014331971036547e-01,4.426518344828647145e+00,4.996087387465933283e+00,2.774895457097209306e+00,5.612797782816906000e+00
2.244128146554133174e+00,1.164443369894232250e+00,2.429834788901197307e+00,4.234966652555103295e+00,4.308802356710892845e+00,5.286655233378524166e+00
1.484445025650451999e+00,2.677823307376929307e+00,3.716961595148544628e+00,5.167313190858767058e+00,3.454306443670157822e+00,4.247331347701206461e+00
4.030850554082217485e+00,3.317377336573416713e+00,4.012923945526931213e+00,5.700383848010556420e+00,2.679755611569337503e+00,3.496870003495613055e+00
1.640823752836570337e+00,3.522065643793627299e+00,5.142091007455874774e+00,2.912361116714633269e+00,2.062619189622756366e+00,5.308158659055453477e+00
2.750704205252633372e+00,6.493329839538954928e+00,5.206429262974523020e+00,3.861934377950491104e+00,1.975331501401236256e+00,3.075359171138363656e+00
4.579988835073583786e+00,7.986927245345597726e+00,3.726438782222683876e+00,4.863495656136231915e+00,3.447862303636902936e+00,3.372898447782893605e+00
2.930351132416704196e+00,6.440614561649733005e+00,5.773566409460652693e+00,4.124993125932729043e+00,2.503219782180181596e+00,2.577735460537297296e+00
4.590579328691260841e+00,6.313625415789054784e+00,8.051703240174685305e+00,4.260967711412831704e+00,3.522752837059959230e+00,4.399366498704424089e+00
4.544634626432459967e+00,4.947134839983117871e+00,5.712283649153933496e+00,5.223688953293381232e+00,2.806400233333622207e+00,4.441369134094864890e+00
3.142290963335842680e+00,4.924065842104919710e+00,6.512949927690105945e+00,4.543113795335337102e+00,1.771986498819850153e+00,4.361100240188127586e+00
5.187902751770335996e+00,4.853825561635149555e+00,5.446276953762613893e+00,3.433359889459828285e+00,2.206937052052506232e+00,6.878129311507690247e+00
4.606966566225393578e+00,3.914232075694281665e+00,4.742409395963428587e+00,5.711286448908009739e+00,3.602473410075766047e+00,2.320330876849858726e+00
1.876239430560700638e+00,3.731154766132910083e+00,5.037768431430674099e+00,1.890837498086082480e+00,3.254178065058010993e+00,6.709971146976203116e+00
2.237603918698919170e+00,3.706858615726514650e+00,4.319333021126984029e+00,4.128368556729224537e+00,4.374106216006515169e+00,4.939862622752734467e+00
2.943527982219640293e-01,1.555194067048166096e+00,5.055232230733376575e+00,4.523526735709404889e+00,5.697021892360838891e+00,1.115253659638167250e+00
1.381232918447311997e+00,2.526155202527160526e+00,6.793262266934116056e+00,2.380992691633545988e+00,2.266969293319442524e+00,5.581839258227676126e+00
2.652206509249606547e+00,2.194737888029768769e+00,4.907376131279650444e+00,3.779748184331355176e+00,4.751687425412567833e+00,2.667493652831482542e+00
2.537558814329425871e-01,2.301997062474074429e+00,6.968298041372269935e+00,5.315702343225350290e+00,4.483188517019089936e+00,1.551681603451689373e+00
1.855961197320736389e+00,2.429351535993122813e+00,5.811245705279718621e+00,4.300638973070181947e+00,4.275500945094721672e+00,2.906003217370183300e+00
4.024379686831350611e+00,3.737081040189986325e+00,3.621981151961260803e+00,3.898522224510934553e+00,2.031202222671893765e+00,5.473952426686575556e+00
3.178758328909316422e+00,3.711954536302954910e+00,2.892891076811255680e+00,4.107431316730920656e+00,4.277705087472385870e+00,4.125184897625350899e+00
1.959922126253904384e+00,1.352367747273595544e+00,5.723705608741734174e+00,3.338419153162304642e+00,2.140299297986636873e+00,5.393626834549190896e+00
1.972063654150564949e+00,3.574810617700690862e+00,5.692787675012946025e+00,4.413085804414022206e+00,3.465308466579783531e+00,4.031877661744507790e+00
1.815431620359859943e+00,3.061089006318651773e+00,5.887435703261854059e+00,3.309025187517362632e+00,4.526649316920158483e+00,4.046031322249301176e+00
1.655302696811927321e+00,2.291198795346262695e+00,5.151202617497516734e+00,3.798532642614556032e+00,2.497406308356706184e+00,5.654637319644269411e+00
2.041711726947379013e+00,2.252540935625185536e+00,5.561753528172962646e+00,4.871295784121130623e+00,2.085310235296898185e+00,3.026603795643342920e+00
3.124012778479457353e+00,2.488008202170464145e+00,7.893007341800623244e+00,3.344516975379409729e+00,2.854821494630585654e+00,5.176197158500591478e+00
1.835112516177626052e+00,2.651903441609879675e+00,4.371825724333005425e+00,2.721559729790526738e+00,7.402893225786564280e-01,4.639223088181791965e+00
4.566756245909924239e+00,6.738934995652371640e+00,3.986758703033933315e+00,6.176010067824437400e+00,1.968609318233299987e+00,6.532523184165686558e+00
2.592001297650687430e+00,4.578244664340257231e+00,3.936464038574677637e+00,3.676886036026298488e+00,2.516059649124107622e+00,2.817392310810802769e+00
2.174562508436799213e+00,4.204711726709231989e+00,5.320495182659726652e+00,4.466304082350864846e+00,4.465190370372502215e+00,5.618545685947903934e+00
1.368772430392857675e+00,4.314719494598788785e-01,3.141415109186311838e+00,5.979579075273682598e+00,6.519800198631484633e+00,3.487221075973558015e+00
1.430330394657710613e+00,9.817657932305690061e-01,3.225277684927183586e+00,5.851519164952217800e+00,3.990715261692922233e+00,3.923054317118751300e+00
0.000000000000000000e+00,0.000000000000000000e+00,0.000000000000000000e+00,0.000000000000000000e+00,0.000000000000000000e+00,0.000000000000000000e+00
0.000000000000000000e+00,0.000000000000000000e+00,0.000000000000000000e+00,0.000000000000000000e+00,0.000000000000000000e+00,0.000000000000000000e+00
1.706914187211071354e+00,8.926059989655965587e-01,2.652605627974768510e+00,6.298619652148021331e+00,5.458457651752962825e+00,4.968712869194191306e+00
3.767849209624030138e+00,3.222303287353443402e+00,2.423496780919989657e+00,1.813710375611770509e+00,3.012678936032063604e+00,7.264536506361253920e+00
5.712231746926390130e+00,3.329824592123787674e+00,2.739063677512654227e+00,5.472573890339671010e+00,2.559764824070159150e+00,3.248558472374319273e+00
3.096111822429102656e+00,5.648219861416087895e+00,6.076839187732225867e+00,3.778570542281590949e+00,4.441124307064065135e+00,3.774582801879891480e+00
3.705961917484065005e+00,4.461538113209178036e+00,6.108028672879084020e+00,2.106393187128074107e+00,4.069667572901979113e+00,2.392830735774098105e+00
3.786507236639688578e+00,5.289350783528764310e+00,5.880461976146160730e+00,2.304085372599511850e+00,4.639644295751663705e+00,9.269625766813613943e-01
3.259883515857608494e+00,2.125625654682635535e+00,5.833777965347335837e+00,4.714620657432256223e+00,1.560601328922770481e+00,3.767506641408732815e+00
4.664404677702963298e+00,2.047134471873857553e+00,4.684189535938575233e+00,5.873150247460416473e+00,3.473340954193999242e+00,2.047141658423972110e+00
4.588389118189938998e+00,3.585985995229964196e+00,7.079829493475636504e+00,2.966024121112655010e+00,2.778822241388141379e+00,4.561443890794791400e+00
4.956347167131754716e+00,5.205852450611006432e+00,6.507107320620553637e+00,3.003312430318114679e+00,3.404573808289876879e+00,2.697394068808913747e+00
3.612932399153846674e+00,4.393978132563377770e+00,5.935506416069494584e+00,3.796647035416244265e+00,3.507075534938722150e+00,3.558175314975309256e+00
2.474958542395110594e+00,5.466753064852134969e+00,5.719460134681069619e+00,5.750224501697188018e+00,5.383288885405917767e+00,4.677220285138830036e+00
1.533589642144248089e+00,4.447746756165593673e+00,4.789546627768746845e+00,3.801657820139322741e+00,5.150587101024806991e+00,4.987263821503350236e+00
3.365182064900103409e+00,3.257883404414542827e+00,6.822450665827377136e+00,5.068644031385797000e+00,2.223907984672385929e+00,3.504666002013501203e+00
4.599524546430298955e+00,5.598490646604616927e+00,7.188566167496367676e+00,4.028219314532256234e+00,3.830984740121873955e+00,2.669218292574371709e+00
1.997334189727620002e+00,5.253272358295928868e+00,7.607663582769534472e+00,2.715865754491001205e+00,3.290828597967362157e+00,6.643337678518924427e+00
4.042413176315721834e+00,4.833962011798358382e+00,4.592580666199765460e+00,4.049928295871770167e+00,2.670400323746549454e+00,3.104975238999931442e+00
1.204077357302950180e+00,4.354962182556035621e+00,4.471206599783455360e+00,4.776690992169872807e+00,3.233597014132567615e+00,2.677719002339222776e+00
4.223015913521692699e-01,4.825618976424192574e+00,3.906380828860881671e+00,3.680131359629393195e+00,4.738976217023113335e+00,4.706787885727216292e+00
2.903874158399448291e+00,3.622630485667706068e+00,3.235726868517285304e+00,3.629172439981831921e+00,4.554302445434756486e+00,6.545038309713081759e+00
2.883317107807278568e+00,2.265788072380867657e+00,4.639766773463538385e+00,2.010744297972947070e+00,2.680197945090851519e+00,4.802132321809061466e+00
3.336088413823103949e+00,4.083407292126435273e+00,5.025958672034080976e+00,4.574881638090733560e+00,3.129955199035218794e+00,5.262696250770511952e+00
3.226822108811619572e+00,4.022674093805780338e+00,4.348347214262954452e+00,4.120893950406938622e+00,1.160594506399688530e+00,3.856244706518407561e+00
3.496118986033880383e+00,3.469997812242910484e+00,5.775627320727636516e+00,4.168203169352941551e+00,1.755068067055614023e-01,4.223932280129732320e+00
3.203868385616836179e+00,3.774605035108744122e+00,4.659254123916557688e+00,3.151641931596936619e+00,3.425191998168337637e+00,6.411388369498506989e+00
2.382728883059586966e+00,2.793234530191639031e+00,2.793230874607629310e+00,3.198128176580050219e+00,1.837853542139697094e+00,6.280993717576678570e+00
8.892484968255451871e-01,3.581684445020616003e+00,4.107568234719591871e+00,4.732958512907514681e+00,4.644840029032996753e+00,4.413952536083755263e+00
1.226307344801849553e+00,3.857760058844296402e+00,2.024665012281395615e+00,4.171218230498912050e+00,4.207925029908318848e+00,2.458119482544891987e+00
3.020988893881245030e+00,1.439616733584324626e+00,3.638185492698565504e+00,4.974600631749689583e+00,3.422276828024453987e+00,4.044781945407287083e+00
2.213143077303857176e+00,6.599925159262034491e-01,3.909059240404535451e+00,5.791000365192996213e+00,1.571044667946342344e+00,3.667033964625352471e+00
1.575999397220630982e-01,4.434795072695671969e-01,5.429842552107028375e+00,3.069465044447985846e+00,4.105010643972815565e+00,5.199779890413073424e+00
3.239372935067010406e+00,2.480566699813588905e+00,4.461381435252067540e+00,5.107510137954857754e+00,5.156554872812088242e+00,3.995752959762838064e+00
0.000000000000000000e+00,0.000000000000000000e+00,0.000000000000000000e+00,0.000000000000000000e+00,0.000000000000000000e+00,0.000000000000000000e+00
0.000000000000000000e+00,0.000000000000000000e+00,0.000000000000000000e+00,0.000000000000000000e+00,0.000000000000000000e+00,0.000000000000000000e+00
2.012595466746448736e+00,3.850628230160204613e+00,9.809136422676161260e-01,2.287920493721023352e+00,4.407866207439732342e-01,5.762851245110853782e+00
2.172861798514338361e+00,4.291559260286609501e+00,4.974354398552200962e-01,3.863458049402483940e+00,4.498073384771466898e+00,4.574171636638139304e+00
1.486051877134079380e+00,3.550972356608450120e+00,3.127823819124665228e+00,5.139938874978845718e+00,3.325165738751342914e+00,3.927150854576137107e+00
2.100753077991072804e+00,2.773453707172745641e+00,7.176803291098751814e+00,4.086450334329442491e+00,3.371567151408650265e+00,3.350828370467320738e+00
2.265960441503618306e+00,4.629822091742951784e+00,4.976487588237330506e+00,3.037564030006451254e+00,2.770322011439342980e+00,4.924970604135403995e+00
4.174005830974131470e+00,4.283118923789513310e+00,2.806885509817371727e+00,2.677001215570057546e+00,3.806463362070711565e+00,4.905667940607326472e+00
4.391489739281503546e+00,5.393306391714263626e+00,3.391883302841497638e+00,4.051422423054294342e+00,2.326191102306342628e+00,3.900404209387639209e+00
3.159469683389830141e+00,4.732031045181122053e+00,5.431350181961261292e+00,3.167652850824133282e+00,4.430961156814348101e+00,2.982230476222087034e+00
3.642156753922706436e+00,3.980039505426215207e+00,2.914595216644766840e+00,3.738888421523446581e+00,2.115766094664317087e+00,3.882253934737884826e+00
2.774347460933660248e+00,1.837108686564379978e+00,4.655443254970067279e+00,2.959920110763472501e+00,3.280156973204420456e+00,5.774131233406432528e+00
3.941767765482940167e+00,4.348573126119231524e+00,5.246681927303583848e+00,4.973557799576354022e+00,3.444699925588191824e+00,4.837914080979604847e+00
3.783874524469585943e+00,2.399503866639923544e+00,6.827479633912621360e+00,4.734265599897126364e+00,4.126562379508087908e+00,2.875673765001267146e+00
2.462327460964954362e+00,2.315990822207719901e+00,6.209516971403424179e+00,4.200313261914883967e+00,3.316598351188772220e+00,3.584607350778385992e+00
2.472194071257238779e+00,1.582785933822941082e-01,6.035404788554934896e+00,4.008138419020911059e+00,4.240059379543685836e+00,5.311777779241232622e+00
0.000000000000000000e+00,0.000000000000000000e+00,0.000000000000000000e+00,0.000000000000000000e+00,0.000000000000000000e+00,0.000000000000000000e+00
2.281667802648885690e+00,9.311250893487592606e-01,5.549039886888566642e+00,4.207877371259596266e+00,3.962626015278074121e+00,4.314011084828594633e+00
0.000000000000000000e+00,0.000000000000000000e+00,0.000000000000000000e+00,0.000000000000000000e+00,0.000000000000000000e+00,0.000000000000000000e+00
4.595951587937765481e+00,5.461387015081364815e-01,3.066631212160939590e+00,4.841125724356169613e+00,2.737377119015414806e+00,4.804234068514673162e+00
2.249130953910537301e+00,2.278380427482245452e+00,4.213264266082167531e+00,3.135655941944555103e+00,1.543474716400077273e+00,4.688763084669449022e+00
3.334524496766626100e+00,3.465023841883543732e+00,5.361347812830395299e+00,5.502652811626759899e+00,4.092651774562913403e+00,4.319750906502505927e+00
0.000000000000000000e+00,0.000000000000000000e+00,0.000000000000000000e+00,0.000000000000000000e+00,0.000000000000000000e+00,0.000000000000000000e+00
