VR1,VR2,VR3,VR4,VR5,VR6
9.762824052884739867e-01,2.524018323669471986e+00,3.847112436353666620e+00,3.900577230559853170e+00,2.634891354115824313e+00,5.185089849797608785e+00
2.081840742797501864e+00,4.761469649001417892e+00,3.779124993981850533e+00,4.993768069314169722e+00,2.632554349721991649e+00,6.470630373643369460e+00
0.000000000000000000e+00,0.000000000000000000e+00,0.000000000000000000e+00,0.000000000000000000e+00,0.000000000000000000e+00,0.000000000000000000e+00
2.328386647253064989e+00,4.291652996399696107e+00,6.374432945839413556e+00,3.138668079932640520e+00,4.052740227594626710e+00,4.010018773958306859e+00
2.180386205004972044e+00,7.168828821935576912e+00,5.336051256275721855e+00,2.303740404197280434e+00,4.869000937140170571e+00,4.281279345391372004e+00
0.000000000000000000e+00,0.000000000000000000e+00,0.000000000000000000e+00,0.000000000000000000e+00,0.000000000000000000e+00,0.000000000000000000e+00
2.836115447038333848e+00,1.008009349520767373e+00,5.194284613016185048e+00,2.732826105826206664e+00,4.041913640987147893e+00,2.662801478493611818e+00
2.011468233900919778e+00,2.935700732538158775e+00,5.372470927027996446e+00,1.382156142315590586e+00,3.245254649694761628e+00,2.801890114992480640e+00
2.033082438071439402e+00,3.902902452855578019e+00,8.764546107024756338e+00,3.015444316334773944e+00,2.722567345200638478e+00,4.538743350703448698e+00
3.081852371042641092e+00,2.643462784429806423e+00,3.856402638276228423e+00,2.720950368789717633e+00,3.070647555259993666e+00,3.775890018332881404e+00
3.695486602443765811e+00,3.193378305812188511e+00,5.456738705929653932e+00,3.048990819242974659e+00,3.925007435532913203e+00,3.226580951957539689e+00
3.842830131897486012e+00,2.731610752294058919e+00,5.497693621659878183e+00,4.059067275054306201e+00,3.985083329392490104e+00,3.377158303487245217e+00
4.093825516685354771e+00,1.961410148728829572e+00,4.046761656619999314e+00,4.108054814178302649e+00,6.106611005777047296e-01,2.031859675971683821e+00
3.117000451658377358e+00,2.657601125142203813e+00,4.879283178333445825e+00,3.671887029634260280e+00,4.023079380735350874e+00,3.270501129107275862e+00
9.074414003386555017e-01,2.102415369316495308e+00,4.866225979345252028e+00,2.604527829449554410e+00,2.133258449222438902e+00,3.867294041480260347e-01
3.478687137351299974e+00,2.669400598447392081e+00,5.027703665298137281e+00,4.603502088848832052e+00,2.075721698582778885e+00,8.028753882748724813e-01
7.356065043737671783e-01,1.927710261576859319e+00,7.148313475453087484e+00,5.020887803848333775e+00,2.437165299407301866e+00,3.928397058774251160e+00
3.197026856886043600e+00,2.971722636163420805e+00,4.559465313675461928e+00,6.189513626495672938e-01,4.923001986829678600e+00,3.526808936196559330e+00
3.011432551679547487e+00,2.254144648142355933e+00,4.849337096050071239e+00,6.543324863486637000e-01,3.050289264473522888e+00,1.462151189485346059e+00
1.076024937471728560e+00,3.544745879220367435e+00,5.010088752874999329e+00,2.582748240966627584e+00,4.477933933126172050e+00,3.041382855159778131e+00
3.207271744541503988e+00,1.605895709643849090e+00,5.485286805351215378e+00,1.746335684194524340e+00,4.523895575635726196e+00,2.485725789987490053e+00
0.000000000000000000e+00,0.000000000000000000e+00,0.000000000000000000e+00,0.000000000000000000e+00,0.000000000000000000e+00,0.000000000000000000e+00
2.144565851998071260e+00,1.143149614018018623e+00,6.304184268310793371e+00,4.919284589968956567e+00,4.570070117189275472e+00,4.778923495303781799e+00
1.831974299547662888e+00,1.859362259678265072e+00,6.149569534149481598e+00,2.686211189882861561e+00,3.980308453476686825e+00,4.872135353007528202e+00
3.249597929442337829e+00,3.512621714253508109e+00,4.479912217465026103e+00,3.153840224084889954e+00,3.710208299785172859e+00,6.283105533993734504e+00
3.574722334565695103e+00,3.132390055583137656e+00,5.419605357892013586e+00,3.805654129549396192e+00,2.715364362790375186e+00,5.994494805564277939e+00
2.717523287963464984e+00,4.862064846642855542e+00,5.642319430657416035e+00,6.509093838185530778e+00,3.724455564093476667e+00,6.837229600972271726e+00
8.431727286599997040e-01,3.825857651544479321e+00,4.772570290440855345e+00,4.531508922791071647e+00,5.774347915747261695e+00,4.955714387078288041e+00
2.806657854946794650e+00,2.107103507775322626e+00,5.105424996053612219e+00,5.999039277071956278e+00,5.200284958473840646e+00,4.834657203144222315e+00
2.907054393557737093e+00,3.149793637605366570e+00,5.126911054777717247e+00,4.075467266909839736e+00,3.880101335102561499e+00,3.178620833704328241e+00
2.782376159770126645e+00,6.225412334184404983e+00,4.688596845054033402e+00,3.161854063574227602e+00,2.906267917081883478e+00,3.730364629095125117e+00
1.232001534991128411e+00,2.939256089997233978e+00,4.613076524066325845e+00,3.404050919882897652e+00,5.856567138597653432e+00,3.498434818098553833e+00
5.842029420623211511e-01,2.857665876478770794e+00,5.845887195856839469e+00,2.905315182874902646e+00,4.615460360648894422e+00,6.501325225566434440e+00
2.361776912027614195e+00,3.629788912043812932e+00,1.162496536874183750e+00,3.838556265278743496e+00,2.309972293132131593e+00,4.695147275074758042e+00
2.710046660051987022e+00,3.208468915712899161e+00,1.862568715676781839e+00,4.720264867993305913e+00,2.065000377031776413e+00,2.899066471133427747e+00
1.947371892498963142e+00,3.122100892378969039e+00,4.180469469809228400e+00,4.057975115519910858e+00,2.989006862923614616e+00,4.052398608041582584e+00
1.387793112397444961e+00,1.584586118705249236e+00,5.883503460821433606e+00,6.299421108748072484e+00,4.248674797027021555e+00,5.221508473228873903e+00
2.940305689205028550e+00,6.787199795743170228e+00,4.490843388430825200e+00,5.372307363185266027e+00,3.700885913040770525e+00,6.630345447146556381e+00
3.651772611291518533e+00,4.740835002784470120e+00,4.351461439983527413e+00,5.018348883736477362e+00,6.455959384840038950e+00,7.144641513723255954e+00
2.850016669719215301e+00,4.488793741219317290e+00,4.910825943165873397e+00,3.800365521151154446e+00,9.151676193327560327e-01,1.964414550981273155e+00
7.103004554630627521e-01,4.762424378941945591e+00,4.552821945159732486e+00,3.980514900056307148e+00,3.429193371799949208e+00,2.742575212270430107e+00
0.000000000000000000e+00,0.000000000000000000e+00,0.000000000000000000e+00,0.000000000000000000e+00,0.000000000000000000e+00,0.000000000000000000e+00
3.373640561815987482e+00,2.490009108598449927e+00,3.573493465282320702e+00,6.092856285094529589e+00,3.653988166256052494e+00,4.993981917412209093e+00
3.053838230598321601e+00,3.506357543287936807e-01,3.194139336412241459e+00,3.109743982528812456e+00,1.299297083808429232e+00,2.289305874790902973e+00
1.132657021612651027e+00,3.230125958175418255e-01,6.166875322533416082e+00,5.717893366750278261e+00,5.007103209832875379e+00,3.946126112091154603e+00
4.233133465497095571e+00,2.203162432406786220e+00,8.549281072023873662e+00,2.169001905514386763e+00,3.156262276136116984e+00,5.425902244855421053e+00
4.353455841856727737e+00,1.453020052183107147e+00,4.139231649548004377e+00,2.721455336618903154e+00,2.136116051283631023e+00,2.442250618998273559e+00
2.680680262115758161e+00,9.191081764134296783e-01,4.674384861750880304e+00,5.465087703516068984e+00,2.361331260239381002e+00,1.301137874378740733e+00
3.871750638466088024e+00,2.299410784554956066e+00,5.565159048523328877e+00,4.802302924180612109e+00,3.286518735576193784e+00,3.326798082403291446e+00
6.877676341280147820e-01,2.520616107973591813e+00,5.668548884394360776e+00,2.635516792950740150e+00,2.988798585878623015e+00,3.093518627828145906e+00
2.203790841044811266e+00,4.048033404133574820e+00,6.042752579998921014e+00,4.341742835395545619e+00,3.327166778773276157e+00,3.041031037305385709e+00
2.921220992920351200e+00,3.831443130332984559e+00,4.678539852244710140e+00,3.991720406617762507e+00,4.347813409499466708e+00,5.027446256107401368e+00
4.464547576132937845e-01,3.591046179831541174e+00,9.119284096857308342e+00,3.029629163830727556e+00,8.456964964697082365e-01,2.760087036211912537e+00
2.784705481311340325e+00,3.570351510755850555e+00,5.695480766207565715e+00,2.224776005200693074e+00,2.720774896836222645e+00,1.567353939548514763e+00
4.716885024895670853e+00,2.320894022230100440e+00,7.284215422836584963e+00,3.851656623679138747e+00,5.026341560092562055e+00,4.457650009337069008e+00
1.946300665495364512e+00,2.073147319695663349e+00,3.721874781012977529e+00,2.541874862603210605e+00,2.742705706463258508e+00,5.434542732012305422e+00
4.666613192856360115e+00,3.618818289270295807e+00,4.040310907655809025e+00,3.874093011901067474e+00,3.516640689734062519e+00,7.157604732973116057e+00
8.644639305816885777e-01,2.856908845787423434e+00,3.529228961133157316e+00,3.515791244172550734e+00,2.094097340752242076e+00,3.221720652610351898e+00
3.058663999131541189e-01,2.439906037353320567e+00,3.840029128451826423e+00,4.465945167802475524e+00,2.370693890580295893e+00,4.634562641095298474e+00
2.723163097536811073e+00,1.978141872173952098e+00,2.624561367591391914e+00,3.792331656496314540e+00,3.432542832463789217e+00,2.131976352057011415e+00
1.432749932960432515e+00,4.197106977557929497e-02,5.850956639796736525e+00,4.804902268803607157e+00,4.733354036575219581e+00,5.842502133271516129e+00
1.798880377893461002e+00,2.623867805412603449e+00,5.014180905418508694e+00,5.248087976436083046e+00,2.955023536206878632e+00,6.483168129792012735e+00
8.184337346353915965e-01,3.399476827580122595e+00,3.262171651403519501e+00,5.033131124493584352e+00,9.465800021874093417e-02,4.142277866602412928e+00
1.416785184579642864e+00,2.550571096153772643e+00,5.394126461354462165e+00,4.916245296340654214e+00,3.910408232864272637e+00,5.830567903814333874e+00
3.200689824250045667e+00,3.799043050201484029e+00,3.183499072467136592e+00,4.609982653095119787e+00,1.515672072786131253e+00,4.802744827221126833e+00
1.077868368766794038e+00,3.593669904179670915e+00,3.438230887642959921e+00,3.377781252064211870e+00,4.776764750628730738e+00,3.178655650530466836e+00
3.109138109845687836e+00,2.443129610212657177e+00,6.433298723647846273e+00,3.160178336537531774e+00,1.809794933688064322e+00,1.508930074186465298e+00
1.357748254986383296e+00,4.020383015727569287e+00,7.448689832203744032e+00,4.468805119307341478e+00,4.171571146385864459e+00,5.686564522118782605e+00
3.343773347776813232e+00,3.127426576902665900e+00,5.048364337781547917e+00,4.752056314908327472e+00,4.021715281225467287e+00,3.244755578932997597e+00
2.923809183507605880e+00,8.493681020919661151e-01,3.728027641551993288e+00,4.249783446297673351e+00,3.517895266180323333e+00,4.578072633792684698e+00
2.375659655996174457e+00,2.048513135387895368e+00,5.742745610447399507e+00,4.865705976920005504e+00,3.340218998397798345e+00,6.164866578751945880e+00
1.818134822763416647e+00,5.318167985956828936e+00,4.020770761194958354e+00,3.601494386256106406e+00,3.142017156166372338e+00,7.097658492857983781e+00
8.430660662495015334e-01,5.709032413635463321e+00,5.358113489632318149e+00,2.348973829112935618e+00,4.218311795143810272e+00,7.125559637334221819e+00
1.980966095609334232e+00,6.746186954601239627e+00,3.550924462043083984e+00,1.297997592397453825e+00,4.391250274244205443e+00,4.828184753833911103e+00
3.912030700698831964e-01,3.444096420087595423e+00,6.880314669437741948e+00,3.156693784092793109e+00,3.900441182892197212e+00,5.512262443541375845e+00
2.118875679445952898e+00,2.077370392783557840e+00,5.716149004214621243e+00,3.058821085725534239e+00,3.449036135764834032e+00,4.339123263032106159e+00
3.012203853992812874e+00,1.531284433185511107e+00,4.622418723089264603e+00,3.664373222210140391e+00,5.166511411671421250e+00,5.376789621016353493e+00
3.082624549361480337e+00,3.433165830598257084e+00,5.269501869229692659e+00,4.380814155529875187e+00,5.285699110726115535e+00,4.961894627493244059e+00
1.983597691959493758e+00,2.883906774646033178e+00,6.966673264723442394e+00,3.874281386914011360e+00,4.273977980153523148e+00,5.657488907350052720e+00
9.078433009756010641e-01,2.482592099739157288e+00,5.897970831578790651e+00,3.829646946019261922e+00,2.449915343594740946e+00,4.979216919438537836e+00
3.327123142455509441e+00,4.295879804800116553e+00,2.171576114882960429e+00,4.593372724387497108e+00,2.981903754104710202e+00,4.552043087598399929e+00
3.498960249781881693e+00,2.428538841099169066e+00,7.423131724541747190e+00,5.833192215989189577e+00,3.282950712458206244e+00,6.242828212152032208e+00
1.219474300045867432e+00,2.948177754492469660e+00,3.331244049968384857e+00,4.019655796133180026e+00,3.155657756677076708e+00,4.666429576752356922e+00
2.290980197106253335e+00,6.057921353016448407e+00,6.903321911442567682e+00,4.439859421608473689e+00,4.313420196580052490e+00,6.606278491609193892e+00
1.791640799266837281e+00,1.395905102604601655e+00,4.653330381723834286e+00,3.872896308185335368e+00,3.291037821848645351e+00,4.130036050932041292e+00
4.216155440398981824e+00,7.329753322238747870e-01,3.374067956879354124e+00,1.182142688334472336e+00,1.499560268787182737e+00,2.672635920397136822e+00
1.226169009666726373e+00,1.807110001094331730e+00,5.371272034554410268e+00,3.149072120570920674e+00,5.061365226536938877e+00,4.467739183513442569e+00
1.993832577678555928e-01,1.100859596007070396e+00,3.042787021430063632e+00,3.230223039991067857e+00,3.040354821197707391e+00,2.438925150653639129e+00
2.796365533616254506e+00,5.871519270256120748e+00,5.788417801898534165e+00,4.815234759929376551e+00,4.205756861591022577e+00,3.821925497957771256e+00
3.150659730336427877e+00,2.879828214936009267e+00,4.814396844036346934e+00,3.457589617401028992e+00,3.695981017113413536e+00,3.607424616840348541e+00
2.862746850781987096e+00,5.557060720869282378e+00,2.941430449977072925e+00,3.011331763688902541e+00,3.801219291191109573e+00,5.581553325702583557e+00
2.692180417067405962e+00,4.170062784933313615e+00,4.012770871628631220e+00,3.664228224723920846e+00,2.658398367949833752e+00,3.132464875183244679e+00
5.354561382571521033e-01,3.708380927265865878e+00,6.520138853832724735e+00,4.562018517198634271e+00,4.645289686422573894e+00,6.234993006667693294e+00
3.512820615125886725e-01,2.068294534215872282e+00,4.141463871218082460e+00,3.836133013313844486e+00,1.298289757424039292e+00,2.557262784822412538e+00
1.325794224037290414e+00,1.470998800029536202e+00,6.450420162264137502e+00,4.174490781699833342e+00,4.762365523778118614e+00,3.831708879933240830e+00
2.736250977623340574e+00,3.072985974815829024e+00,4.925613657111331811e+00,2.841120989913668460e+00,3.752174620096246471e+00,4.880668214132957594e+00
2.054523002724001568e+00,1.144905973067091631e+00,5.886094870815847813e+00,3.400967088378630265e+00,4.173249160706692606e+00,5.454517807958930042e+00
2.470387109126099823e+00,1.380852101973138346e+00,4.234563100639805455e+00,2.989534782115919942e+00,3.720296344091909901e+00,7.238274940965998105e+00
2.865111673688279570e+00,3.364440056751881514e+00,1.929125836274874217e+00,3.837835413647197935e+00,1.152900893615705691e+00,3.938340057437382136e+00
6.525489468008782712e-01,5.674898436310670036e+00,3.804947463283276932e+00,4.146610853811902864e+00,4.941890667278622473e+00,6.564253650748458568e+00
1.840943792253387112e+00,2.988385779391003361e+00,3.324333175616698721e+00,7.108750181768174414e+00,7.950703001227257261e-01,3.110525876917419996e+00
3.702689717471890241e+00,3.667950099411807052e+00,6.427337079663292485e+00,5.934428475073904252e+00,1.786901346871873963e+00,4.028235427295377313e+00
4.120580524857653248e-01,3.757285816145845558e+00,5.676862492973160812e+00,2.571966664049725182e+00,2.633000510674661676e+00,3.505821348450758101e+00
3.749283958094821401e+00,3.524142591790693224e+00,7.256527095102772051e+00,5.200453092464497828e+00,4.355351733430234518e+00,4.409022012687974446e+00
2.575695642202187940e+00,3.028062424662809615e+00,7.082257093356032485e+00,8.928023308542010206e-01,5.077570993320107640e+00,4.303008354766467924e+00
2.379062272727235250e+00,3.443212033488665114e+00,3.732687543574485733e+00,2.197090702458707412e+00,2.855101490466398051e+00,3.303382963501112712e+00
9.298052012940680733e-01,3.547485833109006670e+00,6.587057627748507116e+00,5.058544737052850238e+00,3.915413589367421121e+00,3.978580048637486932e+00
3.600327311223154858e+00,2.912933134542622149e+00,6.608632914020219573e+00,2.955840508355537466e+00,3.892226157416010857e+00,2.134685515901736164e+00
0.000000000000000000e+00,0.000000000000000000e+00,0.000000000000000000e+00,0.000000000000000000e+00,0.000000000000000000e+00,0.000000000000000000e+00
0.000000000000000000e+00,0.000000000000000000e+00,0.000000000000000000e+00,0.000000000000000000e+00,0.000000000000000000e+00,0.000000000000000000e+00
2.864081903572787802e+00,8.632152877319549944e-01,6.064940727872605741e+00,4.220001357516842688e+00,2.762027160533524484e+00,4.197441778755418795e+00
2.879878503438600745e+00,3.385282534870448057e+00,4.808116921568552193e+00,5.280299482754898577e+00,4.595106281798662984e+00,5.660138835740426089e+00
4.427079508318241707e+00,2.806611338105115205e+00,4.934734508024265942e+00,4.654501041488845914e+00,4.488819764915061405e+00,5.579846316709400789e+00
2.492343535932012077e+00,4.468084646389739234e+00,3.703962298008080190e+00,5.005410599274012995e+00,3.089324485134575138e+00,5.024688587014441765e+00
3.694274374232890068e+00,2.515874443390828663e+00,6.129890262839676751e+00,5.823158466051493676e+00,1.299886026103480585e+00,4.193009112562777752e+00
3.670306417401278942e+00,2.101729626496812386e+00,5.242519579692586085e+00,3.916438134622457046e+00,3.662726696155540917e+00,5.452710321971959040e+00
3.639032871036181227e+00,3.286959170140010933e+00,7.974822624023933493e+00,5.393052033344051921e+00,3.682288121284714499e+00,7.715339951780222805e+00
9.954660283430603052e-01,2.703779305456593285e+00,3.159973694241363429e+00,3.865392562157373924e+00,2.101864484947962630e+00,3.156208491158905893e+00
0.000000000000000000e+00,0.000000000000000000e+00,0.000000000000000000e+00,0.000000000000000000e+00,0.000000000000000000e+00,0.000000000000000000e+00
1.615267443107581524e+00,3.770910772798149679e+00,6.529427891016513996e+00,4.720428365851985220e+00,3.741837304654310969e+00,6.953197968109616767e+00
1.348592720009584189e+00,3.598250391690649419e+00,4.322362249906785969e+00,5.413251055950278001e+00,2.796286194600690500e+00,4.528181967391546436e+00
2.884577977146241423e+00,3.072735908491943668e+00,6.641783967094712082e+00,3.377691892655188433e+00,1.806972638020676758e+00,2.749695065977401764e+00
3.545192636270630970e+00,2.324737425735186935e+00,5.097689175823012953e+00,2.149137396830335334e+00,1.769919445169805483e+00,1.127968379511473440e+00
3.398689167543844647e+00,2.522745766146337054e+00,7.304015359790668072e+00,4.374378006452323220e+00,5.794113695015422394e+00,4.071350023998089540e+00
1.767633201606200188e+00,1.575186448897498259e+00,6.670327185990450047e+00,5.222383992044044909e+00,2.529637671812657196e+00,3.259553093025339354e+00
5.843427078810949915e-01,2.280834253716718329e+00,5.059016917092119314e+00,4.645253975684652481e+00,3.478200791726931307e+00,3.830251745993844548e+00
2.659586672107735694e+00,3.348351539003644461e+00,4.304624727163120390e+00,4.492683975120842277e+00,3.365741758571883846e+00,3.191667102982262527e+00
0.000000000000000000e+00,0.000000000000000000e+00,0.000000000000000000e+00,0.000000000000000000e+00,0.000000000000000000e+00,0.000000000000000000e+00
2.150401444635603454e+00,1.133587855593974236e+00,5.681837401602679805e+00,4.466240490839500588e+00,4.039162441500232070e+00,7.008315402923910753e+00
8.971184193251873218e-01,4.602705775629051033e+00,4.685843405212023249e+00,4.958602001835998863e+00,4.095872213455002964e+00,7.800714079718191307e+00
1.104331093757451310e+00,3.925778423025038322e+00,2.420453218923761085e+00,2.847218318146674587e+00,8.858483403427275249e-01,3.858782742290621570e+00
7.169652667719363937e-01,1.464146056561799192e+00,3.282310699719166891e+00,2.554100863031211421e+00,3.297803916283564618e+00,3.967569361521807281e+00
1.615944862099251811e+00,3.140017509770083759e+00,3.858854317232744968e+00,3.317424448251235614e+00,2.543573347179099109e+00,3.755857964081567246e+00
2.690359944901637768e+00,2.727515587983072809e+00,7.979901954213234561e+00,5.499205138574708940e+00,4.070945060968265139e+00,4.388548120968756905e+00
1.913731930283851579e+00,2.477168492267121103e+00,4.226210054533776628e+00,2.873047436017644340e+00,1.753887289971518770e+00,4.031412879552176420e+00
1.757843886476934125e+00,1.746770569004740592e+00,4.758371954154670291e+00,2.459051014195250850e+00,1.445015440328334844e+00,4.443355426263384977e+00
4.612662402569261744e+00,4.002015205379953144e+00,4.058088508622014423e+00,6.261014950175767702e+00,3.844716580249227356e+00,7.027550942324396921e+00
1.596995370220902100e+00,5.400886751271612773e+00,2.815967763296901349e+00,6.231499739885370204e+00,2.688854777148244946e+00,5.088347585863354006e+00
1.913542958991856224e-01,6.442839767397284589e+00,5.403848216484483657e+00,5.979618748983638987e+00,3.727247067224395138e+00,3.436643748807702625e+00
3.361319427609564148e+00,2.877916599498807404e+00,6.234894659124531557e+00,4.890618324414797158e+00,4.183795989905623181e+00,4.148974785737516768e+00
1.591700878101161898e+00,3.578400820525176940e+00,5.659486867710532998e+00,2.171110137281563546e+00,3.652256657397008333e+00,4.099850034507314334e+00
1.949752647110920334e+00,4.524786374376486897e+00,6.569022406020415872e+00,2.398977076297720945e+00,4.947028117792278579e+00,4.608385076515263634e+00
1.743627179506989755e+00,4.517568235414971767e+00,3.959382661378819890e+00,4.017979580774081683e+00,2.174374343439474444e+00,2.192939962669548937e+00
3.961320398547811372e+00,1.651764714226675812e+00,5.510900217068178897e+00,2.368636251007596449e+00,4.075822730277588235e+00,2.742602250606711589e+00
2.781040565513550611e+00,3.782387359726536502e+00,6.988167579243245164e+00,2.764729464483845600e+00,3.186745107083985840e+00,2.192322447897661952e+00
2.512797682418746792e+00,4.238834906570363437e+00,8.127624080477406920e+00,4.421152349610574461e+00,6.415873069352815428e+00,4.934248246677657157e+00
1.098204459107028574e+00,2.082295820863004909e+00,6.915154124808898572e+00,1.289788407207407062e+00,2.492923804709588964e+00,3.365712883536866151e+00
9.726980969520422349e-01,2.147890613806438864e+00,4.514964761963878637e+00,4.021909034075097367e-01,9.920052207996543636e-01,1.026419748947098753e+00
1.872962972652436164e+00,5.363481915405982292e+00,7.754617030353239571e+00,3.975838385959070909e+00,5.208951483018882556e+00,5.189216612935121375e+00
4.701991835979185907e+00,2.643387573949083968e+00,3.697053245069159999e+00,2.704035128098373875e+00,3.466385262197785977e+00,4.029797133607250004e+00
