VR1,VR2,VR3,VR4,VR5,VR6
2.241746894010348878e+00,2.514853752229320172e+00,4.993893782195645947e+00,2.490765018649376827e+00,2.712348557454042464e+00,4.695632848769796475e+00
3.423482764096376307e+00,3.513696791619428161e+00,4.059423674048728614e+00,2.754255063467265341e+00,3.691752141649670360e+00,3.971556846272998431e+00
3.774498183524661599e+00,4.188469112359965330e+00,6.092814353308925845e+00,5.881835981854342421e+00,3.264917904983385188e+00,4.589174046082904468e+00
2.768051493199406465e+00,5.908868754575959947e-01,6.419162934069948534e+00,4.661508800458875612e+00,4.585100384398142381e+00,5.565955573212645113e+00
1.676662192525663286e+00,4.310158822533436407e+00,5.345237489050227886e+00,5.513466267167673074e+00,2.508230690975560062e+00,5.813779557897094996e+00
3.089761006410720157e+00,2.687428106536482453e+00,5.915504172071403666e+00,2.960298237719732217e+00,1.872918845425648682e+00,5.521164526665499395e+00
3.601029761150667863e+00,3.109035454482425909e+00,7.209026522298930040e+00,6.217008181814312806e+00,3.361067450090949649e+00,6.127935932289330090e+00
2.068977354314891492e+00,1.431730928121822455e+00,5.292417751194305353e+00,2.204575020754713677e+00,1.772580249001582064e+00,4.387537440759648355e+00
4.315387285225931180e-01,1.881936545804081096e+00,6.506293150760038557e+00,5.489949691141061905e+00,1.896987909003219563e+00,5.191912003921856922e+00
3.151040002683030306e+00,1.836665978895067219e+00,3.795551279759032504e+00,3.878280600409920176e-01,1.846733173836912378e+00,3.444380900650295008e+00
3.294071531224362914e+00,6.167507181146936190e+00,4.235283934121620852e+00,5.488345584308627068e+00,3.574540658743168287e+00,3.977319710696067379e+00
3.075046687828774772e+00,4.148002650752195208e+00,7.059329180699204009e+00,5.653061131005292062e+00,4.040150321445285186e+00,5.806049954208767794e+00
2.597615842874680503e+00,3.513581521939642460e+00,5.803285981204549415e+00,4.068877970179105574e+00,3.519472715812333785e+00,4.034169739348475225e+00
8.359874325061904532e-01,1.549029606946820792e+00,5.238008022384670781e+00,2.230541763497501329e+00,4.649139005261209157e+00,3.693676261731091426e+00
1.794866875937193296e+00,5.774902020919856938e+00,3.974710892596567291e+00,3.308637957136583818e+00,4.747262774193756307e+00,5.023543466895889154e+00
2.718220073041036411e+00,2.209449259062927773e+00,8.859649031811558828e+00,3.297643675965008292e+00,2.657539496601488693e+00,3.538717850443790169e+00
1.873235960369425523e+00,4.241033320949330943e+00,5.002141819559680513e+00,5.493799226847045247e+00,3.501993208870637808e+00,2.762953244242760675e+00
1.698735499720656072e+00,1.336752511117755393e+00,6.617144756704111508e+00,3.458446804137808694e+00,2.281538717828978768e+00,4.580312014041512114e+00
2.584540536657741860e+00,2.204130936913818672e+00,3.295081493353497759e+00,3.047319526978128579e+00,1.408640419252460418e+00,4.835389209398081256e+00
3.520645932451399229e+00,4.746936478540448867e+00,3.413003570355907623e+00,4.939372381976488313e+00,2.737932807802655688e+00,5.383152302948698065e+00
4.376237765410005309e+00,4.162452576901776169e+00,9.751841277850076040e+00,5.733946586414859325e+00,2.730628456998916320e+00,5.811907271821251442e+00
3.788961417682223498e+00,2.544119705729314340e+00,2.897300798121174026e+00,4.255106505913772708e+00,4.140243714552530818e+00,2.739805451157688587e-01
4.609652743876425873e+00,4.020010148546811379e+00,2.808481894586887684e+00,5.800133530585689812e+00,2.919465411986085002e+00,3.636177618715347837e+00
2.292856040906865012e+00,3.122257688160691380e+00,6.758262467037571497e+00,6.620360119271166965e+00,4.987466027237489996e+00,5.337891467529717104e+00
2.534622903793509963e+00,1.744083688442495950e+00,7.243297008796770520e+00,6.144914813786114927e+00,4.252383367163377059e+00,6.385813879861077069e+00
0.000000000000000000e+00,0.000000000000000000e+00,0.000000000000000000e+00,0.000000000000000000e+00,0.000000000000000000e+00,0.000000000000000000e+00
2.853043824161101583e+00,4.064528574481236056e+00,2.558060367511751032e+00,1.418192334261828780e+00,4.123219959545058266e+00,6.579603707140440960e+00
3.813612033282118396e+00,6.402394897546209052e+00,7.987509420589248954e+00,3.754062938887182010e+00,4.581792042873775728e+00,6.472804689501376885e+00
4.190310504416212112e+00,2.412420449862434868e+00,8.380660180062974973e+00,3.792069932437996282e+00,5.079985498253829945e+00,4.894802815814056629e+00
3.772979479807460734e+00,1.759967496039681611e+00,3.413812840155785011e+00,5.336968088446283787e+00,4.452135366558469975e+00,3.228240843435381535e+00
4.516812777542484447e+00,1.146495526545065591e+00,3.370540477351692044e+00,6.057726554303313193e+00,4.818381756203087285e+00,5.151144860310649776e+00
4.869324155596246761e+00,5.341419938705174175e+00,2.905750967130666496e+00,5.962881714069649064e+00,3.957769212297543859e+00,3.984366100334232552e+00
1.904559077240027154e+00,2.821800398199622251e+00,2.342291378799984614e+00,3.233327208518208984e+00,1.751184166292138134e+00,5.288025006416179785e+00
3.577744380707684080e+00,5.050974665661873253e+00,3.705958994263515827e+00,2.431117536339782781e+00,3.810825036269375410e+00,6.937792440324192178e+00
2.936807479643401830e+00,4.586105718587369040e+00,6.812455346851196580e+00,3.834739046056990119e+00,2.779546053498385572e+00,6.888252986665730049e+00
3.111651091346325337e+00,6.199629369964392289e+00,5.890531357158558912e+00,3.348059392414437063e+00,4.081836270580020631e+00,4.675334993849554976e+00
7.321275818953081327e-01,2.581731256728487800e+00,7.521471481999510544e+00,4.376845543492188462e+00,2.522058371927491827e+00,3.621326037183960622e+00
2.744408693685595146e+00,2.771547687052198672e+00,3.710277761936517038e+00,3.991126592227224101e+00,2.477504979836869570e+00,4.228733642044385732e+00
3.808649725232782224e+00,4.785159392370679221e+00,3.832297162296816495e+00,5.093556546400755281e+00,3.999360872287123669e+00,4.690817936887787809e+00
4.127904676731340317e+00,4.327630786652342465e+00,6.915429460808920403e+00,4.198892203513045374e+00,2.913733137851842958e+00,4.919492533255909628e+00
2.312394853686360996e+00,6.084140243445384399e+00,4.760862013608525345e+00,4.593726223488179272e+00,4.283815253794973188e+00,3.978153516378404753e+00
2.503369426484973737e+00,2.493608082180830188e+00,7.869954502141320418e+00,2.854708443913563265e+00,2.219030418298656215e+00,6.482826199279081436e+00
3.610270691797132336e+00,4.836421084177856322e+00,3.470090990987989343e+00,4.653451237295715082e+00,5.292198980756136706e+00,5.009219455908152874e+00
3.769764743021360331e+00,4.244299405707552708e+00,6.877508980585172793e+00,5.798857065114570553e+00,2.025328713615621279e+00,3.962397927460329150e+00
3.425239142345096521e+00,5.672976860585549730e+00,6.458994159820519165e+00,2.593015709316278006e+00,9.355391188452464313e-01,3.872361291521699389e+00
2.109741607739556102e+00,5.414023159357347126e+00,6.525710208736155593e+00,3.942296800371577703e+00,2.034551131616348929e+00,4.334376427726859049e+00
3.354634161538240900e+00,1.880688795379438005e+00,4.078803813413935941e+00,3.618090867375569175e+00,3.024780544782062819e+00,5.202492230129438511e+00
2.057666651146758063e+00,3.372110776073421690e+00,7.320303356349390000e+00,3.279904679615508911e+00,2.298269981409126750e+00,5.098249670084522123e+00
2.477846572659557989e+00,2.320022124610846781e+00,4.548378246002338088e+00,5.070946850581901977e+00,3.580213961766299580e+00,3.148447183332136134e+00
2.151208486307249590e+00,3.009153515574615412e+00,5.606942414982380996e-01,2.511439949190188869e+00,2.622904382602262441e+00,2.310784850756853359e+00
2.595107892239567615e+00,7.429467456291636296e+00,5.035462980680426526e+00,4.523628138441616819e+00,2.302097293366849318e+00,5.504669212464043504e+00
7.662367988701146437e-01,3.081307989359695299e+00,1.022519816285536720e+01,5.472339127599351372e+00,4.091827650439620712e+00,6.003122954956307211e+00
2.029891438150694061e+00,3.360719429096423738e+00,5.946882616806531630e+00,5.047567406435273796e+00,5.987455285524368342e+00,1.862410377733339395e+00
2.055229664225282527e+00,2.971559698981138808e+00,6.303226494972820504e+00,5.181380251014073401e+00,3.410655979071623101e+00,2.161575332114172632e+00
1.179960634411939990e+00,1.866890581411834837e+00,5.543345522464739439e+00,9.514303267320953772e-01,1.373584634301497021e+00,1.105589361541885918e+00
1.305556132389932067e+00,6.362160872050266036e+00,3.987459394573137583e+00,4.955029557040538712e+00,3.667308837460763193e+00,6.801653592004868187e-01
2.063241331981952253e+00,2.380426162461359851e+00,5.100785178393882902e+00,3.985117112498469893e+00,3.642261469216051317e+00,2.881409536636912350e+00
0.000000000000000000e+00,0.000000000000000000e+00,0.000000000000000000e+00,0.000000000000000000e+00,0.000000000000000000e+00,0.000000000000000000e+00
2.556524058197941596e+00,3.279909364244270265e+00,3.947300141773794291e+00,3.619566193565405321e+00,1.792568512542457526e+00,2.239160243555104568e+00
2.321049190135241247e+00,1.859268587151974295e+00,3.376448323209379154e+00,3.997624151613188292e+00,2.309832399097874855e+00,4.791241819766259624e+00
1.324199465932152098e+00,3.981206483727815826e+00,5.976209112576406746e+00,3.264273899251213251e+00,3.015811014401771128e+00,4.534468244906412870e+00
2.159586123700989013e+00,5.838371348351403256e+00,4.282980743557441627e+00,2.402329708983619749e+00,1.275936016016785191e+00,2.928984176807891693e+00
2.224824520836329533e+00,4.715157391637960771e+00,6.056758363322859218e+00,5.044772217195755637e+00,3.402954978429553634e+00,4.578082115751278103e+00
2.415596998379795135e+00,2.339013960574916506e+00,7.362706695816109814e+00,2.253861558116291519e+00,2.047481375984935070e+00,4.181738959469329941e+00
2.423274918090115637e+00,5.002891534913489480e+00,4.130517905784210519e+00,2.363800274067261675e+00,1.943191366646904727e+00,1.997835567740780416e+00
4.489304612025090790e+00,7.343650796209566067e+00,8.735162472772337594e+00,7.137545269564537165e+00,4.371172171301289211e+00,5.213533053552245278e+00
0.000000000000000000e+00,0.000000000000000000e+00,0.000000000000000000e+00,0.000000000000000000e+00,0.000000000000000000e+00,0.000000000000000000e+00
1.358161341721428883e+00,3.510922558920543501e+00,3.504897624770342723e+00,2.859048750272430439e+00,1.661287538917095574e+00,2.589878844698667137e+00
1.541156299735576329e+00,1.837370563387035416e+00,3.216194711963625608e+00,2.605734129936200461e+00,4.643193886044775454e+00,3.899654546492011598e+00
2.393748344853462662e+00,3.251269560997567254e+00,3.044381013391918245e+00,4.560428637398994844e+00,5.224201539580372256e+00,4.421164516090298591e+00
1.023963939132187306e+00,5.096257347429819617e+00,5.294742731776252320e+00,4.598156742798676255e+00,5.531748504119796905e+00,5.982961990965813825e+00
2.534700631958801242e+00,2.148118869615312843e+00,7.207737647972276562e+00,4.314883665113096178e+00,3.971408907983791980e+00,5.209285974778588013e+00
2.171489127316581946e+00,1.198586832395462043e+00,6.685525723912286722e+00,5.494883968956587594e+00,4.365246331890906717e+00,4.599172199737021849e+00
1.846635125513265585e+00,2.079472544483663476e+00,8.229644809412519635e-01,3.463788032219083490e+00,3.819490201767323789e+00,2.948718580959040381e+00
2.305585690124470677e+00,3.286986190407885200e+00,6.817151726485288776e+00,3.226265041259181565e+00,5.535210579369053363e+00,5.292669238814064592e+00
