VR1,VR2,VR3,VR4,VR5,VR6
2.021093966336692027e+00,4.160566477275608577e+00,7.339707010349073357e+00,4.624378119715096602e+00,3.945319573975465843e+00,4.072411253387984154e+00
1.852498073213686425e+00,3.181887660455037903e+00,5.031492430663921489e+00,2.389424086302995853e+00,1.727449522739256782e+00,3.828786306146632956e+00
1.948725207211437382e+00,3.353716924214103834e+00,6.440095188286075967e+00,6.611094087843422784e+00,3.192083959803095006e+00,3.255816065872248366e+00
4.015940847398183244e+00,3.927248272505809545e+00,4.282981208617563595e+00,4.476985483949009748e+00,4.129708722921805908e+00,7.314090221467512087e+00
3.211305017845107912e+00,3.951230103076853073e+00,6.162724829761503820e+00,2.674327720869377423e+00,1.542135274568320558e+00,3.839764432707549524e+00
2.220919381439186768e+00,3.914891713862977074e+00,5.896780811396259203e+00,1.157091890448714189e+00,3.709580994536216370e+00,3.806020286166085675e+00
2.458043056582740249e+00,4.355174016693760919e+00,4.932800863547265102e+00,2.032932694438785770e+00,2.581716700018100497e+00,4.496894560713908362e+00
3.619752333563128754e+00,3.654601684839671183e+00,4.641944750558888444e+00,4.575148698674484038e+00,2.891518520163940842e+00,3.107426970112198816e+00
3.458876879179627828e+00,2.525169289909742432e+00,5.726457041967142558e+00,4.414884038035948421e+00,2.945961536145177639e+00,5.917494869221294529e+00
2.290197928287541984e+00,5.177146122034098852e+00,6.373457955213092774e+00,4.767546839195901498e+00,3.886726889605286228e+00,3.062899860705563526e+00
2.116755648944167234e+00,5.306428029921796963e+00,5.397688057445016341e+00,2.402909232603064993e+00,3.681433760906132946e+00,4.381500774281268384e+00
1.762743017119952960e+00,2.185266693699744245e+00,4.704136724223653587e+00,1.505305986580481648e+00,2.336758494924144003e+00,2.965340363455148509e+00
3.203186025461129294e+00,4.211000085900596268e+00,5.781806805681156014e+00,4.596793997768943818e+00,4.512843181718331209e+00,5.769922786137034798e+00
1.760897162795172832e+00,3.129687164354340023e+00,4.756294859987563406e+00,1.948414196409339993e+00,1.528816344218179468e+00,3.860971778004050670e+00
1.765992019856117423e-01,4.693336504069755222e+00,1.717090627167574990e+00,3.502842460743948116e+00,3.507628316419851178e+00,3.329072051192635939e+00
2.963455700786755465e+00,4.037003794189111261e+00,4.931663433846599887e+00,4.011106229449548088e+00,4.240324895279194095e+00,2.356142092292610180e+00
3.690428327043631995e+00,7.074070503888217232e+00,4.118789419511424299e+00,2.890712684950129230e+00,2.320410740645965753e+00,5.838003613417759752e+00
3.893011507218084866e+00,5.404066813991583729e+00,4.708262193092963344e+00,3.780638287308574874e+00,3.427184708116188805e+00,4.735334143665586915e+00
0.000000000000000000e+00,0.000000000000000000e+00,0.000000000000000000e+00,0.000000000000000000e+00,0.000000000000000000e+00,0.000000000000000000e+00
3.903259493681018100e+00,2.941816777090849655e+00,2.321717184753493868e+00,2.297082044323158101e+00,3.521837794328161131e+00,3.637245627489134936e+00
1.464367126739635427e+00,3.632567444991259720e+00,3.063800587262009323e+00,5.404441139097651003e+00,2.892391598139856690e+00,4.433851912280424301e+00
0.000000000000000000e+00,0.000000000000000000e+00,0.000000000000000000e+00,0.000000000000000000e+00,0.000000000000000000e+00,0.000000000000000000e+00
2.391674217473693798e+00,3.249180182590752253e+00,4.218806713459063218e+00,4.835325530346532119e+00,3.762652545446978802e+00,3.364459390000062111e+00
2.705054431896404932e+00,4.572905995464124018e+00,3.765991905000070972e+00,4.496087465362450075e+00,2.899331336859489294e+00,6.433998887981919879e+00
1.885711825542397246e+00,5.069514959450439839e+00,1.764874997604931828e+00,4.147558118866514043e+00,1.805608424335240159e+00,3.968422649773990063e+00
8.236576590814419507e-01,5.700616771683963080e+00,2.686018416206917170e+00,2.274048550438840355e+00,3.676837600110672177e+00,3.587662326615071340e+00
5.787921044110309055e-01,2.665994143840304975e+00,3.412603744754518331e+00,2.751137559255770526e+00,4.200280611387192664e+00,4.495747665605197341e+00
2.402833612776383188e+00,2.673762680388764856e-01,5.792375598665826075e+00,4.602679321066116103e+00,3.490108330613264087e+00,4.093291120671354477e+00
7.077710513192552177e-01,3.573132382244885719e-01,6.361244377508208814e+00,4.957909339285262007e+00,5.401740115318480306e+00,2.069700439370599110e+00
1.439642296210219552e+00,8.967064543265634846e-01,7.850553168006076277e+00,5.244705205293041850e+00,2.658444429862731884e+00,5.619483475447594856e+00
8.383169289786001066e-01,3.082236674677303334e+00,7.903852103471171731e+00,4.058812976920095572e+00,8.968029033097906222e-01,5.826512681864034704e+00
1.154499363507406784e+00,3.395523215559055341e+00,3.540769556907607640e+00,4.146142898046667469e+00,4.460502864842883497e-01,7.526520363491822962e+00
1.809353987176984591e+00,3.458999980818986408e+00,1.242492405706662417e+00,5.368624571503984200e+00,2.656864691169930293e+00,5.059721735185409131e+00
4.509653770432260345e-01,3.001822377466036418e+00,3.185230278733353071e+00,5.595653800778068288e+00,3.247979291246583244e+00,6.442421050108482206e+00
2.670504431062200368e+00,2.939863520318306556e+00,3.935981378378564877e+00,2.097424883460486278e+00,2.141645943360114046e+00,4.919622292396313767e+00
1.992009299443487702e+00,2.711463535074448927e+00,3.359529387567553815e+00,2.494014957396256449e+00,2.310883265207250403e+00,5.275784523099037671e+00
8.098424381140114647e-01,3.743798852273852340e+00,5.340164349493786489e+00,6.219248814722678986e+00,3.808573347861099911e+00,5.580958178662802638e+00
2.349979212276668949e+00,4.826661532480915007e+00,5.171864640483164521e+00,1.676189765959719580e+00,2.809441281710680194e+00,4.618315124173586916e+00
4.208276870559705785e+00,3.996034868756600744e+00,5.849711120691920563e+00,3.124784359596440630e+00,3.852830479552562526e+00,3.736195190568811775e+00
4.117873042226012359e+00,2.820874291419927182e+00,4.792549546768979596e+00,5.617765814189213280e+00,3.139568078523314654e+00,5.150007054632767201e+00
1.631408976917906983e+00,5.622520463729898665e+00,3.439943042591763422e+00,3.097326870171998259e+00,3.683715611919596178e+00,2.317353072345737619e+00
2.417311896835722784e+00,3.778782191350348985e+00,2.057654293478837992e+00,1.590500620669184073e-01,2.558683411265597840e+00,5.623707101039945755e+00
4.782241525185723319e+00,3.499533430524506716e+00,1.926827941039020331e+00,4.174376854520224889e+00,2.911970666254417139e+00,2.885534979741991357e+00
3.572020255326445959e+00,3.789581634725291970e+00,1.550125347433076506e+00,3.015349600245641248e+00,2.533521819441673983e+00,4.077834441024396739e+00
1.577762031436450219e+00,2.796588231470707342e+00,3.686546090929236463e+00,1.733434071091038309e+00,3.641292021611202134e+00,1.706006063055963917e+00
2.690320831552167835e+00,1.259309861038356626e+00,3.330430502328503461e+00,5.250444184266822134e+00,4.635497438920316959e+00,4.247039427211495521e+00
0.000000000000000000e+00,0.000000000000000000e+00,0.000000000000000000e+00,0.000000000000000000e+00,0.000000000000000000e+00,0.000000000000000000e+00
1.616775528280849139e+00,4.200527432562930485e-01,6.532145613108067295e+00,3.224191070146060767e+00,2.415749704253815189e+00,3.423369113850808443e+00
5.161536492770704143e+00,7.204064773267178090e-01,6.537480063165943989e+00,5.940383939205645447e+00,3.911942902780671361e+00,3.961350650741180424e+00
2.469563489995763028e+00,2.863126785502888794e+00,5.496900234660186513e+00,5.044186588464118159e+00,4.598564827637533270e+00,3.308465351626647344e+00
