VR1,VR2,VR3,VR4,VR5,VR6
3.456998847074727266e+00,2.625363445196968293e+00,5.234635046413088411e+00,3.194279275287247977e+00,7.826260761938375055e-02,3.969964702259770828e+00
4.488813658481767277e+00,1.801364779111326309e+00,7.137001166817457332e+00,1.972496360478956490e+00,5.214345783944493995e+00,2.615320154871212388e+00
8.713884601928589824e-01,5.724876696648289354e+00,7.803819525286835201e+00,2.186164128805238249e+00,5.331797668407856960e+00,2.373043438570707764e+00
2.446796060117279570e+00,5.674597411561524751e+00,5.411442118684785640e+00,6.073838067077019787e-01,3.388361998583716783e+00,1.908042616447862105e+00
4.720616764493047235e+00,8.307443614581051960e+00,6.876183536637350713e+00,1.171338134547646792e+00,4.024015408761841606e+00,2.255317804901148193e+00
1.455895320238538515e+00,5.294728936668103181e+00,5.578644441241934260e+00,2.195979456064081070e+00,3.741904314206719651e+00,2.643428960278721096e+00
3.949917085846880394e+00,4.865070582033508728e+00,5.699184582128292931e+00,2.193734528541389395e+00,5.415540045809088987e+00,3.253591944128155777e+00
3.159231445791329307e+00,4.501028181852003485e+00,6.083171321471333215e+00,2.887813681844634939e+00,2.274141735345871052e+00,3.855041433716598576e+00
0.000000000000000000e+00,0.000000000000000000e+00,0.000000000000000000e+00,0.000000000000000000e+00,0.000000000000000000e+00,0.000000000000000000e+00
4.777997959017607599e+00,3.774439045630740619e+00,6.270571386690543036e+00,2.892144916583261338e+00,6.933375194510129624e+00,3.982581492439631887e+00
0.000000000000000000e+00,0.000000000000000000e+00,0.000000000000000000e+00,0.000000000000000000e+00,0.000000000000000000e+00,0.000000000000000000e+00
3.396455337108334582e+00,3.259375754996607810e+00,8.601621654823437879e+00,4.406855486186207926e+00,6.456344839148571602e+00,7.400213124461529901e-01
1.416840863571322995e+00,6.503540119301445266e-01,3.373169552450986153e+00,3.653796454047392839e+00,2.084094253327166690e+00,4.955626929528094138e-01
4.003206225353832970e+00,4.116671027704421171e+00,1.619808010569914192e+00,2.278547796403460168e+00,2.792743103682518768e+00,3.109842407490904570e+00
1.120508783337724967e+00,3.920176265829263595e+00,4.399564959932499519e+00,3.359534653145185512e+00,1.325358413681560377e+00,2.744128226877652565e+00
5.849441151603466338e+00,4.826539967861389613e+00,5.059580226224873023e+00,1.868173741161540669e+00,5.053375691350636245e+00,2.667217123085542152e+00
3.252132064909642573e+00,2.599152670613043448e+00,5.620736987512877647e+00,4.196939062131239240e+00,3.230400076137788012e+00,2.356010950802053916e+00
4.341433777767026214e+00,4.359413482055877864e+00,6.141620181681673785e+00,2.304383567706527636e+00,5.990902672319453615e+00,1.530265169228515632e+00
3.479061907007626075e+00,4.706625061125695453e+00,6.125320897171773638e+00,1.631193879501669386e+00,2.793899322331818702e+00,2.277220360440680658e+00
6.894407404361954761e+00,7.846170498480701028e+00,6.425002332565492580e+00,1.045652414651151663e+00,3.445211722804486953e+00,3.250214016556419949e+00
8.053998168672948932e-01,6.025574094949348591e+00,5.127501852492924783e+00,2.378655331206517953e+00,2.192846099230512991e+00,1.615886162531400050e+00
0.000000000000000000e+00,0.000000000000000000e+00,0.000000000000000000e+00,0.000000000000000000e+00,0.000000000000000000e+00,0.000000000000000000e+00
0.000000000000000000e+00,0.000000000000000000e+00,0.000000000000000000e+00,0.000000000000000000e+00,0.000000000000000000e+00,0.000000000000000000e+00
0.000000000000000000e+00,0.000000000000000000e+00,0.000000000000000000e+00,0.000000000000000000e+00,0.000000000000000000e+00,0.000000000000000000e+00
0.000000000000000000e+00,0.000000000000000000e+00,0.000000000000000000e+00,0.000000000000000000e+00,0.000000000000000000e+00,0.000000000000000000e+00
0.000000000000000000e+00,0.000000000000000000e+00,0.000000000000000000e+00,0.000000000000000000e+00,0.000000000000000000e+00,0.000000000000000000e+00
0.000000000000000000e+00,0.000000000000000000e+00,0.000000000000000000e+00,0.000000000000000000e+00,0.000000000000000000e+00,0.000000000000000000e+00
1.994660970475235384e+00,1.588400458474329868e+00,4.437718705640846473e+00,2.053606249350823365e+00,4.356493021703784052e+00,2.687805168539156853e+00
1.831035850410344334e+00,4.172683448673718765e+00,4.291970176991468655e+00,2.041101852159215913e+00,7.376580512677821666e-01,1.855169623459801631e+00
6.172651061301317021e+00,2.174298500833568237e+00,7.294848683168266845e+00,3.483278476790035327e+00,5.115794594581121402e+00,1.792445860465242014e+00
2.548234333721055567e+00,2.164591741204021424e+00,5.642916371921246288e+00,3.949566608481915431e+00,2.118901121067688464e+00,2.227334411801626501e+00
4.673708559913808180e+00,3.910747256560225704e+00,6.741189384478976976e+00,1.812939780515919974e+00,3.875837362513104623e+00,2.801205701053027575e+00
1.804351684074553264e+00,5.205261336805689254e+00,4.746054097511986924e+00,2.443367764089498628e+00,3.927186793822462274e+00,2.825237716195069915e+00
3.267035390435685471e+00,4.798153946688248794e+00,3.305376840548847284e+00,1.836900699586728525e+00,1.171316263397426560e+00,3.796781928677330775e-01
4.840986634702027835e+00,3.720914663607486794e+00,5.701510923336256198e+00,3.908761618189657838e+00,4.036331590953104786e+00,1.314227210272815860e+00
0.000000000000000000e+00,0.000000000000000000e+00,0.000000000000000000e+00,0.000000000000000000e+00,0.000000000000000000e+00,0.000000000000000000e+00
0.000000000000000000e+00,0.000000000000000000e+00,0.000000000000000000e+00,0.000000000000000000e+00,0.000000000000000000e+00,0.000000000000000000e+00
1.040950659099064479e+00,2.300993254810293820e+00,3.840810565083842221e+00,6.279103016926717018e+00,2.887879810462757213e+00,5.056105706149940815e+00
9.887692159198415709e-01,3.820696224844558397e+00,2.085288434468317131e+00,3.472189649042145554e+00,3.925640286168195381e+00,4.102486540648515145e+00
2.251937178129951533e+00,2.703439332850833487e+00,5.485181138868185258e+00,5.825621690027112720e+00,2.693663868465828060e+00,2.726251669942549416e+00
3.122523269369251953e+00,4.008781818635709371e+00,6.327077431910323568e+00,4.982801173971049380e+00,3.062965650643825199e+00,5.695379741173899113e+00
2.145561940859511907e+00,4.714641677777175133e+00,4.951314486134970494e+00,4.544943008600558443e+00,2.326085836680985786e+00,3.037164803725576512e+00
4.379705860201296375e+00,6.104641493735827318e+00,7.014246863610446248e+00,1.225783738668673628e+00,1.345399079556731436e+00,2.865021070173849438e+00
0.000000000000000000e+00,0.000000000000000000e+00,0.000000000000000000e+00,0.000000000000000000e+00,0.000000000000000000e+00,0.000000000000000000e+00
0.000000000000000000e+00,0.000000000000000000e+00,0.000000000000000000e+00,0.000000000000000000e+00,0.000000000000000000e+00,0.000000000000000000e+00
4.895674054549798981e+00,4.885058219959333314e+00,3.566150271207589206e+00,8.815999813160253495e-01,1.706458974142120999e+00,1.110661900053115492e+00
3.572280264491213941e+00,5.722641340229190021e+00,6.849577211046755210e+00,4.871562237460658196e-03,4.751252477623243209e+00,1.984033191827617948e+00
0.000000000000000000e+00,0.000000000000000000e+00,0.000000000000000000e+00,0.000000000000000000e+00,0.000000000000000000e+00,0.000000000000000000e+00
3.316993943550739843e+00,2.295630434377301299e+00,3.300425316918458307e+00,2.018399244620679767e+00,2.450440349224958236e+00,1.486498706226273114e+00
2.537734406017179811e+00,6.247565756667546211e+00,5.611428046548183168e+00,2.209939050330883781e+00,2.873023272288186547e+00,4.644379213089393943e+00
4.029391056789763503e+00,5.573873241094153386e+00,4.036220391528106077e+00,2.312612975088654821e+00,3.453840742484120874e+00,5.872744160663971869e+00
2.938096587358496325e+00,5.552809310153349998e+00,2.479380826503033930e+00,1.636614734198907684e+00,2.203442915392323620e+00,2.137072901759595300e+00
3.465016967959658523e+00,5.778441196251515422e+00,7.256365944961966186e+00,1.049132242867157672e+00,4.160816068883742780e+00,1.559126885071614677e+00
4.059930209405735901e+00,3.877579791746097460e+00,4.625183895156990133e+00,3.144059982712394952e+00,1.793243230115396436e+00,2.316167572004767194e+00
2.372936858514921532e+00,4.659550672020953854e+00,5.816437730307873366e+00,4.437488838624018328e+00,3.903416346924866165e+00,6.158650912747511086e+00
1.685334000019355072e+00,3.484580483553616492e+00,7.310725841840000072e+00,4.212298753081625158e+00,2.472124001056351883e+00,5.869357388287497201e+00
2.583263736083853956e-01,1.468304188755272133e+00,6.523080669649397478e+00,7.818286369383706358e+00,3.137669344422502782e+00,4.267773591938341937e+00
1.402161508880423124e+00,5.058000679479714989e-01,4.812958503134092680e+00,7.110616975183598143e+00,2.798606179713708730e+00,6.946106019221986116e+00
0.000000000000000000e+00,0.000000000000000000e+00,0.000000000000000000e+00,0.000000000000000000e+00,0.000000000000000000e+00,0.000000000000000000e+00
1.373965160905595173e+00,1.712933810638765264e+00,5.977873581668319503e+00,6.058836398290848635e+00,1.979015859845057124e+00,7.636434119519606156e+00
1.835025502409809439e+00,1.191338569856352336e+00,5.534714501456724278e+00,6.410731673018958965e+00,4.827701779727508580e+00,7.915185205737846452e+00
4.442709455275719588e-01,1.576098491224428688e+00,4.562046410206435532e+00,4.800969022838249778e+00,3.688781927080526657e-01,7.766068303651964655e+00
0.000000000000000000e+00,0.000000000000000000e+00,0.000000000000000000e+00,0.000000000000000000e+00,0.000000000000000000e+00,0.000000000000000000e+00
3.603483676116093992e+00,1.659308062705022735e-01,4.585311999032493979e+00,5.113066754796457225e+00,2.685080707006394896e+00,6.720323888830161962e+00
0.000000000000000000e+00,0.000000000000000000e+00,0.000000000000000000e+00,0.000000000000000000e+00,0.000000000000000000e+00,0.000000000000000000e+00
1.666272520248905931e+00,3.487007639387173619e+00,8.601878406730111948e+00,4.925967589119656154e+00,2.225064774001333845e+00,7.073681136906802891e+00
1.332460300338299541e+00,9.830951291268723580e-01,5.154524493389495809e+00,3.954170521107100100e+00,4.121476928422573849e+00,5.934833368279509358e+00
0.000000000000000000e+00,0.000000000000000000e+00,0.000000000000000000e+00,0.000000000000000000e+00,0.000000000000000000e+00,0.000000000000000000e+00
8.927770118011672196e+00,2.682281443018259104e+00,6.988259398019449620e+00,3.375456670612893895e+00,4.583827789406715425e+00,4.616227375471906313e+00
9.779038627712033360e-01,5.831158678895123515e+00,7.841068544531388795e+00,2.216591374589307772e+00,3.635129964281432979e+00,4.442223259353437648e+00
2.290598939621900865e+00,3.845753776206492169e+00,2.260639009969978908e+00,2.689964898229488810e+00,1.393452893906386159e+00,3.226316318439971909e+00
4.655410360177603124e+00,4.666705517872951958e+00,5.825260467558766919e+00,3.126138624288393064e+00,4.478847258453429347e+00,4.041556163946262714e+00
0.000000000000000000e+00,0.000000000000000000e+00,0.000000000000000000e+00,0.000000000000000000e+00,0.000000000000000000e+00,0.000000000000000000e+00
3.542377764438210619e+00,2.356569729492660414e+00,4.546215724832166849e+00,6.393882419365878533e+00,3.066451648388862861e+00,5.965405183800370992e+00
2.160488006556809282e+00,2.045006605874562844e+00,6.244916683290641757e+00,3.849600635907029833e+00,4.500253674358702050e+00,4.608393018699306509e+00
