VR1,VR2,VR3,VR4,VR5,VR6
3.153859079754652406e+00,4.358664576524041934e+00,4.178606961062650171e+00,2.507190866848328703e+00,3.382193493227798609e+00,2.478163601756438794e+00
3.652522060134931969e+00,5.906746122746758587e+00,3.652198399318033140e+00,4.526668700626720110e+00,1.274598108088050186e+00,4.064546640123706034e+00
1.871401538501952455e+00,3.585592943925778542e+00,2.448788995450284833e+00,3.783530120295596877e+00,1.887836015032945625e+00,1.589955209436183736e+00
3.057521401488205282e+00,3.150452882094710194e+00,2.993679040308859562e+00,6.035729113347558794e+00,4.221863626499211541e+00,3.227222250363047884e+00
1.281460745953156621e+00,2.855410074658905284e+00,3.103737575876562182e+00,2.342789602062110621e+00,5.209747732216198024e+00,3.417925141392754718e+00
2.882479913589254483e+00,3.741381652915526157e+00,3.303237991007951457e+00,6.332788502363916550e+00,5.614044855080752683e+00,4.640518581253387786e+00
0.000000000000000000e+00,0.000000000000000000e+00,0.000000000000000000e+00,0.000000000000000000e+00,0.000000000000000000e+00,0.000000000000000000e+00
9.084399540776795234e-01,2.159016372298296460e+00,4.820351720776310245e-01,6.786800356555014346e+00,3.510150712471472811e+00,3.863379538610824948e+00
7.140445607638536973e-01,5.279524891150702004e+00,4.149928352041246882e+00,5.192947101857731340e+00,3.301436085104559659e+00,4.464261190972815818e+00
1.055033180111811575e+00,4.818148051706970136e+00,6.374517443492615065e+00,2.658031930098069484e+00,6.609913305942649586e-01,5.817536725325687996e+00
2.272905448928598027e+00,5.381041864890743653e+00,7.539859046247437746e+00,3.937223249765818167e+00,2.749615904354634210e+00,5.015698159647033805e+00
1.088495124130145486e+00,2.624559351498625404e+00,6.196784478673341923e+00,4.232730427209723700e+00,1.946681102489509430e+00,5.525337090992352707e+00
2.205287475693705979e+00,1.571836837288532740e+00,1.027546332588148204e+01,4.277310222892896974e+00,3.869103082112081538e+00,6.530346561392592619e+00
4.233070649333880553e+00,5.381417114397695656e+00,9.332798836489143213e+00,2.238264254402068776e+00,4.123915194160502118e+00,5.570920656361545653e+00
6.065519870145370973e+00,6.140522121806750278e+00,7.963334394887732870e+00,4.772667603771665767e+00,5.726006604451115756e+00,7.219624197617019234e+00
1.352129718367095723e+00,2.477942509235611546e+00,5.769928243196639883e+00,5.442294041735765475e+00,3.427689881797892468e+00,5.763235989299328565e+00
8.075652379479552057e-01,3.576344797811728426e+00,5.544872160605097022e+00,1.474621383593108348e+00,4.493629747233529592e+00,4.689106962236476051e+00
2.061882232596656372e+00,1.596820620889799480e+00,4.299295470164180344e+00,5.011853491167606478e+00,3.923575727488823439e+00,3.493499071879440976e+00
1.564256881014119305e+00,1.645300144534869613e+00,4.870165871214659603e+00,4.240567069537073408e+00,2.325778234049601156e+00,3.892825538573529087e+00
2.035143324178497970e+00,3.443184222508042680e+00,8.125663504479597066e+00,5.038894545585474560e+00,4.167281682950253696e+00,6.905985126288202380e+00
9.484390222322338637e-01,1.305802178245579315e+00,5.538688694452494232e+00,2.752516810502609879e+00,3.927417746239267871e+00,4.983474704547601775e+00
2.479443264927756907e+00,4.162374071168688516e+00,4.335757950409974804e+00,4.873068771441440461e+00,2.276886228964974723e+00,5.613543896213828432e+00
4.231679289475365202e-01,3.516344474169884826e+00,4.364806330410328172e+00,2.567178603880929888e+00,1.718034853034219323e+00,2.308236230839344039e+00
3.040358095553538753e+00,4.632890005880249795e+00,5.284399493655203450e+00,4.612226144749344670e+00,3.353115915304268224e+00,4.072854853193097036e+00
3.896888996296382857e+00,6.035651921901289185e+00,4.476283005588158836e+00,4.121884151028493370e+00,4.199605241338836059e+00,3.218750347721439642e+00
2.275255576632573273e+00,5.870257902243519510e+00,5.398701740270794858e+00,6.579213099006820720e+00,3.453901419381865789e+00,4.114504402392237026e+00
2.381915657780120377e+00,4.770235474254696406e+00,4.903849859817349000e+00,2.586929593182430764e+00,5.744215552538665115e-01,4.867132690988253074e+00
2.507341237917979804e+00,5.785657363832371836e+00,4.320862649524608301e+00,3.947211848090925290e+00,1.615179109283467973e+00,2.885550630514488457e+00
3.739062136186718455e+00,3.895441195791623290e+00,4.325190512097920603e+00,5.034907353561879795e+00,8.664113742516454941e-01,1.770045294503888478e+00
1.906756521245941638e+00,2.246954235878924955e+00,4.131960610509685772e+00,3.406613222942200370e+00,1.147095188265548238e+00,2.860179414129896180e+00
7.086714475975863792e-03,3.122140988990752763e+00,5.482102345704936930e+00,5.945375846116898622e+00,4.121792599824789960e+00,4.800595387716876772e+00
1.973473411374197850e+00,1.121267891694473162e+00,3.159299922903174185e+00,5.204868404733300480e+00,4.012430682801790383e+00,4.137934488964725155e+00
5.822444313401051730e-01,4.588094529825773371e+00,2.984424859186069590e+00,5.496179744497864839e+00,5.029451340282465210e+00,5.372112868801659502e+00
2.768699713596814771e+00,1.137595403766390234e+00,2.390679299966869564e+00,3.527608985324779400e+00,4.095870158225703328e+00,3.726859110091081284e+00
2.677685400130756399e+00,2.144271094347590001e+00,4.203881141336871963e+00,3.208087030158746966e+00,3.160857447858609337e+00,4.461443784343224195e+00
3.254029425153252664e+00,9.049917693555205034e-01,5.515588754856747933e+00,5.366139580374252205e+00,3.165208021020709417e+00,5.439619071403855699e+00
0.000000000000000000e+00,0.000000000000000000e+00,0.000000000000000000e+00,0.000000000000000000e+00,0.000000000000000000e+00,0.000000000000000000e+00
1.673182482844160379e+00,9.094917107494628894e-01,9.371276876211224405e+00,1.649729863664113783e+00,4.721610212932354500e-01,7.289940966900024577e+00
4.072047059774330791e-02,2.367261580139956578e-01,8.754901078983969853e+00,5.510182748681879517e+00,4.992426535235784613e+00,5.661856962286734074e+00
0.000000000000000000e+00,0.000000000000000000e+00,0.000000000000000000e+00,0.000000000000000000e+00,0.000000000000000000e+00,0.000000000000000000e+00
1.989103542501111210e+00,3.736960542396816631e+00,9.480629546824323128e+00,2.392745995698122741e+00,1.918017436142783749e+00,7.001948402692675266e+00
4.355061771267838111e+00,3.351242571164049444e+00,7.893378986201414094e+00,6.344111159080316753e+00,3.747783332843499071e+00,5.540315751516354581e+00
8.385820056791557509e-01,3.176718686773980949e+00,7.344237528937884285e+00,5.305499318322537405e+00,2.327357879483463066e+00,5.064881832462723388e+00
5.217341566762323524e-02,3.803184343607625806e+00,5.816003538259234773e+00,4.657282242759753998e+00,4.119857436475007795e+00,2.346064072993110816e+00
1.416699447171848592e+00,2.933064799267498302e+00,5.684318974614455122e+00,5.891680037841985573e+00,2.169455746544263874e+00,4.615766563875143724e+00
1.056165847441073335e+00,1.024049043749725607e+00,6.410856536509081494e+00,2.246870445639577163e+00,1.990690428878557849e+00,4.635709078046315490e+00
1.087281021733353725e+00,2.572611321744866508e-01,7.489713378568281676e+00,5.560204133686249328e+00,1.698920143702455032e+00,6.627319663308146147e+00
0.000000000000000000e+00,0.000000000000000000e+00,0.000000000000000000e+00,0.000000000000000000e+00,0.000000000000000000e+00,0.000000000000000000e+00
0.000000000000000000e+00,0.000000000000000000e+00,0.000000000000000000e+00,0.000000000000000000e+00,0.000000000000000000e+00,0.000000000000000000e+00
2.913482572659967129e+00,1.340340465500325262e+00,8.810158279766357126e+00,4.767501517590137183e+00,7.802251661681420813e-01,5.198420049328829506e+00
7.581863410565481409e-01,3.417346617161206357e+00,7.286449690305351723e+00,3.569387464409910393e+00,2.936948273228820128e+00,6.929058736320430789e+00
9.011135518533239797e-01,4.269186011168008221e+00,5.058926895260337453e+00,3.220687263506271325e+00,4.235313164132646691e+00,6.126416854502156895e+00
1.147812538081239619e+00,1.826120969968516583e+00,4.682235393900310960e+00,1.834066387906064133e+00,2.161315725699140877e+00,3.306832567875266804e+00
4.119445584583385056e+00,2.979905267668911506e+00,5.789255765204668336e+00,5.377506865843233008e+00,4.114049793278979017e+00,4.230019894359545951e+00
1.943935354825778061e+00,1.721395898566460581e+00,4.561788412385718416e+00,3.448277975220337854e+00,3.226041640876265770e+00,7.425592703158921282e+00
3.120747545573776094e+00,3.931348636027258703e+00,3.774479366967697924e+00,1.022053698578279324e+00,2.072545997028250042e-01,3.096720522610930448e+00
2.565048923131932668e+00,2.123408452050409956e+00,3.690885713856986161e+00,1.960906702754096731e+00,1.497566136833734518e+00,4.133384153474429112e+00
2.495591554847631954e+00,2.562983721087725097e+00,4.882195169702910675e+00,2.894054098732047553e+00,4.340408201493473506e+00,3.630137997490308521e+00
1.957548563159745569e+00,4.207359777353703478e+00,5.695002796540654444e+00,2.716116483640117707e+00,2.719372828861013058e+00,5.595165866729276516e+00
3.180684777137935182e+00,4.485845020165947439e+00,4.996676982048064097e+00,2.932387294782730081e+00,3.875485561246681865e+00,6.310562500318662060e+00
0.000000000000000000e+00,0.000000000000000000e+00,0.000000000000000000e+00,0.000000000000000000e+00,0.000000000000000000e+00,0.000000000000000000e+00
1.704096161844813384e+00,2.377009482447359101e+00,4.976073916512597783e+00,4.563772088208648547e-01,2.805282343918039878e+00,3.830400945745585428e+00
2.606757920864428257e+00,2.735915816720405402e+00,4.460057826563576633e+00,3.661001041233912456e+00,3.481554692402327511e+00,2.513287859945196878e+00
3.194687718425150091e+00,6.138789414785914111e+00,5.691277011479701997e+00,3.623897894705318645e+00,5.025780376522240189e+00,5.822137958947350533e+00
2.270562344481326544e+00,3.052268932727554951e+00,8.169876538801986499e+00,5.126213297383187317e+00,2.331305120685423837e+00,4.262863806342897632e+00
4.599443507017477728e+00,4.298472446459804530e+00,7.366006310802481138e+00,2.618384257223641320e+00,3.263263716515242052e+00,5.338353912252898681e+00
3.676370152558809501e+00,2.788243565466463014e+00,5.774146890436993473e+00,2.255377996628922688e+00,1.863927187320172152e+00,3.423830640538635617e+00
3.501759335450656430e+00,4.620131353324550716e+00,4.366580875590604371e+00,5.013520635560700711e+00,3.658896695213890382e+00,2.594721624941557891e+00
9.657475304854976628e-01,4.158954564558795752e+00,3.498226515951530224e+00,5.442867412945396666e+00,3.151914514729318828e+00,3.807216794671624882e+00
1.580053552470976896e-01,3.376249612224252683e+00,3.046705482383930352e+00,5.034911026063981332e+00,2.875660455870532761e+00,4.778326704213309739e+00
0.000000000000000000e+00,0.000000000000000000e+00,0.000000000000000000e+00,0.000000000000000000e+00,0.000000000000000000e+00,0.000000000000000000e+00
1.471502556879705992e+00,4.448746760909338960e+00,3.636288197312844694e+00,2.107657388898198647e+00,5.485820213862163008e+00,4.185453176390877772e+00
2.381519698790715012e+00,4.118719961744719882e+00,2.745315152043878104e+00,5.208032500527220776e+00,3.436708188160501720e+00,3.943477340583838142e+00
2.506901479158216262e+00,5.443677390061333554e+00,5.528606877158812161e+00,3.636337058806586420e+00,4.056209960633117007e+00,5.256860976207609504e+00
2.972143850799203069e+00,5.029950930362648620e+00,2.420830840936670558e+00,3.674713504150569410e+00,2.825887887048070368e+00,4.070048368026769836e+00
2.810252501403715630e+00,6.944618388952711996e+00,2.455512847581518443e+00,1.736151691957915411e+00,3.362397224086672409e+00,3.629956876644293118e+00
0.000000000000000000e+00,0.000000000000000000e+00,0.000000000000000000e+00,0.000000000000000000e+00,0.000000000000000000e+00,0.000000000000000000e+00
1.436448267067955031e+00,3.775605495091201025e+00,1.454410498740874580e+00,3.965250507958078430e+00,1.228841367572802046e+00,3.323067549473425419e+00
3.484795647102907790e+00,3.693391563154681645e+00,3.877513076158540350e+00,2.943699823554907002e+00,2.339036210812850847e+00,3.805285699686201006e+00
3.897648922773476965e+00,2.767692845216942032e+00,5.871310053387116312e+00,4.195911918426621590e+00,2.652327416413748473e+00,2.639252061134215843e+00
5.001441016022868169e+00,3.906588444691729833e+00,6.011872012921150699e+00,4.246554496668657919e+00,5.891411086822783361e+00,6.064990585030773929e+00
2.218396960981591004e+00,5.106094311970320376e+00,4.382407887372004041e+00,3.063152844903703098e+00,4.741465628367680374e+00,1.923835978241421163e+00
5.172764171122743448e+00,3.838713787486226270e+00,5.288601143168023100e+00,2.241102210568346909e+00,1.579870257989826055e+00,3.226960844969533060e+00
4.689518710555763192e+00,5.399604784619336684e+00,5.129685711239674539e+00,5.720015546366592041e+00,5.828802865213349449e+00,3.619203967645740150e+00
3.668098734312868370e+00,4.537666717248494130e+00,5.114426516362684083e+00,4.298161111343881124e+00,2.714030196853266741e+00,4.275929565246581632e+00
3.351607330009042762e+00,2.797318108454512675e+00,4.297881313239170886e+00,3.885724733136489029e+00,1.274124880478384014e+00,3.200655091782337536e+00
0.000000000000000000e+00,0.000000000000000000e+00,0.000000000000000000e+00,0.000000000000000000e+00,0.000000000000000000e+00,0.000000000000000000e+00
9.369335164537493377e-01,2.363897798139408923e+00,4.787371933566303639e+00,4.214816024726022903e+00,8.772126511276194805e-01,2.031809241186876225e+00
3.616838041760878308e+00,2.464303692137959967e+00,5.707932557089730352e+00,2.370765868973264467e+00,4.567299081541085215e+00,5.624915423329470698e+00
3.807716717933356421e+00,6.245956633715407769e+00,4.510944023352205789e+00,3.632722266410907785e+00,3.448004095336370423e+00,4.014130823757049882e+00
2.613256841273678965e+00,5.755451949853696902e+00,1.743164249540988475e+00,4.831721503799783157e+00,3.634961332422543379e+00,1.618747158809490827e+00
2.343389974707470902e+00,4.499834565576065870e+00,2.055090018183875600e+00,5.104670760103193317e+00,5.106817715078488362e+00,4.910067203574477901e+00
3.209257275506812057e+00,4.509125998021991322e+00,4.694603912856733174e+00,4.842239291387716804e+00,5.729088322188077953e+00,5.200760947237185405e+00
3.342049534172960801e+00,3.150336251958393063e+00,5.300683431578592675e+00,1.740905316397736602e+00,3.420778931815298129e-01,2.220570322730545776e+00
5.434897054732998001e+00,3.780782607908669934e+00,5.104364798084469079e+00,4.355994961862929671e+00,3.496093432033718695e+00,2.646222049094346662e+00
4.299009598939159460e+00,3.345095865089364295e+00,4.605951808685651017e+00,4.661085163190834102e+00,3.765997033999833654e+00,3.155704085241191503e+00
2.204361645572051387e+00,3.079837200783545281e+00,5.836000502709793203e+00,4.260095310526651247e+00,5.694946020698132827e-02,5.332490689896170366e+00
3.822633951711423173e+00,5.847231176115473161e+00,7.135174535900961956e+00,3.256904724822355490e+00,4.098125582887766960e+00,5.640117001891578496e+00
2.040604874916906120e+00,6.392191697697835906e+00,3.738314430955322454e+00,5.804600652901829250e+00,3.379732673714188174e+00,3.642648918154139714e+00
2.272463336899920527e+00,4.762875474990319269e+00,4.277014131344838432e-01,3.981259498975677769e+00,2.344032263874356481e+00,1.970513047355013647e+00
0.000000000000000000e+00,0.000000000000000000e+00,0.000000000000000000e+00,0.000000000000000000e+00,0.000000000000000000e+00,0.000000000000000000e+00
2.931756421012190028e+00,5.703443692672133913e+00,4.366760890351548241e+00,5.464639144350215361e+00,2.728586364068753323e+00,5.000292930996661056e+00
0.000000000000000000e+00,0.000000000000000000e+00,0.000000000000000000e+00,0.000000000000000000e+00,0.000000000000000000e+00,0.000000000000000000e+00
2.043801144139478332e+00,3.164671639533365166e+00,2.364202308008831466e-01,3.762864671755469903e+00,3.195580344739451295e+00,1.728211762202691126e+00
3.002670357974618121e+00,3.791601749477875316e+00,2.645017229507777845e+00,2.970090887672387936e+00,3.258074968053301657e+00,3.466763253257037380e+00
1.575470860724903721e+00,5.095727022120767558e+00,4.723669460761803052e+00,2.635147740990636755e+00,2.094330003989575140e+00,4.351386812356228262e+00
3.221514670866287844e+00,2.564979601759794114e+00,3.263963327145936955e+00,5.101191866904374095e+00,3.873584177267361373e+00,4.546086674759029833e+00
3.917461955367572024e+00,3.969290249912702073e+00,3.538030722285646412e+00,3.532556872501332101e+00,2.464230717053033537e+00,2.521749540061740014e+00
4.263481521545580577e+00,4.017256088501717670e+00,4.048608866528081940e+00,4.052622083507457340e+00,4.265064135766117204e+00,4.209371007497559880e+00
4.047148961418741031e+00,3.081922294733415058e+00,2.643856700074010746e+00,3.186287228704164587e+00,4.941502020039857612e+00,6.001389795430721819e+00
4.717800725013155727e+00,2.069266380926139348e+00,2.678993451128349967e+00,3.424032589761058176e+00,2.287998793747715531e+00,2.418425145221121397e+00
4.940946037512500055e+00,3.253902301003252617e+00,3.054236847110651354e+00,4.848593402215820802e+00,1.348269003046627779e+00,2.967372280817833108e+00
3.719045245393119536e+00,4.940762802765896744e+00,3.086266352435560911e+00,3.296747708118787923e+00,2.636215290015782919e+00,5.837015329138497854e+00
1.145900963483243107e+00,4.953224057013898118e+00,3.469966137858143007e+00,5.472147652672354035e+00,3.042543260643987502e+00,6.340106303719039715e+00
2.064979006454402466e+00,2.305724122091378447e+00,7.493688219207863099e+00,6.664795318432753746e+00,3.267379032929583538e+00,4.234178587490668555e+00
3.867256621211307976e+00,1.585991585880092813e+00,5.019657242026615229e+00,3.962082645651662460e+00,2.448762571470802563e+00,4.522918108130809856e+00
3.017125761117823490e+00,2.908725471228873705e+00,3.913789559609662128e+00,2.487923190117284022e+00,1.761622116935727567e+00,3.890167276752122927e+00
2.904565481638794466e+00,3.333873874235656842e+00,2.881905538511301934e+00,2.953192668344905236e+00,2.117782999510091635e-01,2.955258806572220287e+00
2.877756012442476141e+00,3.726974282009635431e+00,4.112233588121897654e+00,3.969860862892559350e+00,4.401106883232834832e+00,4.845089814689024443e+00
1.663516655226929597e+00,2.165778198973871582e+00,3.797580071275251878e+00,4.066244332049831378e+00,5.781010045815746068e+00,2.775064428905107849e+00
1.652041663278566164e+00,2.238379902703395263e+00,5.283748945063386770e+00,3.842430000126367151e+00,1.025004907264089660e+00,4.235168545799830930e+00
2.989920352226783873e+00,4.761624212045436622e+00,7.467517978740950468e+00,4.936138850464512728e+00,4.747261204967463399e+00,4.684055585978244451e+00
1.755864858375405735e+00,2.803144169560901400e+00,6.365328106897202076e+00,3.967132791659909508e+00,4.551776999859030504e+00,3.125477207189502948e+00
3.778301727076903926e+00,3.539584329638931326e+00,5.574667131237141859e+00,2.875106409185216094e+00,1.435716493447561692e+00,3.846375421329265798e+00
3.478977576454173715e+00,2.761619330527559590e+00,5.617215807299321462e+00,3.872875431352757580e+00,2.155512339601621363e+00,2.618323999009328773e+00
4.068136078707607517e+00,3.754760840897497065e+00,5.278331709730395005e+00,3.938158984654219985e+00,3.387191366319849628e+00,5.080304121910690363e+00
2.694109480306429383e+00,3.546493723726151348e+00,4.059149419702590578e+00,4.373808756956410804e+00,6.509714309506382079e+00,3.301293163786043205e+00
4.549747890177100018e+00,2.537278938267943040e+00,3.313117633099490256e+00,4.493347247462264882e+00,2.217451888827138173e+00,2.004058986884113658e+00
1.618712501293842809e+00,2.836712006623114846e+00,2.768407877018252528e+00,3.499809829247062076e+00,4.839918497125558439e+00,1.902085236638066945e+00
2.484089194390562305e+00,2.641768646643743779e+00,5.402479433225309435e+00,3.044098939241994373e+00,3.249146550004180511e+00,4.525181835590039725e+00
1.947803323376818385e+00,1.850692002107884093e+00,4.311293395078195978e+00,6.283815113790674367e+00,5.191378401354921124e+00,2.826291382563207222e+00
2.091302249521468148e+00,1.426800883600075398e+00,6.060461213360525790e+00,4.672961178252648118e+00,3.437022101590263556e+00,4.738053007450179877e+00
3.231357949582766675e+00,1.031878601528542383e+00,8.165550338891939930e+00,4.804010810020538536e+00,3.028562438776166932e+00,5.353020645078186313e+00
6.123379566197801882e-01,3.426315216721836698e+00,1.007848818281598113e+01,4.666860744224123891e+00,2.019549651031897763e+00,4.353231651732654583e+00
1.701786471960775149e+00,3.479032851325134068e+00,5.947357069428193199e+00,2.496200612635410376e+00,2.799591612592285284e+00,4.051721285642544856e+00
2.165813998220954772e+00,4.641702675015903168e+00,6.642575113189072233e+00,3.523630903743951492e+00,4.378519783589423398e+00,5.712308461569830520e+00
1.948006251406017686e+00,3.834950488391372758e+00,5.512006625030021922e+00,4.533223044705200877e+00,4.289281559781063180e+00,3.620308781509998575e+00
1.889891196825424391e+00,3.606656431255155226e-01,5.597860344869369342e+00,4.482908549743900295e+00,4.925985176755319550e+00,6.388348171439256262e+00
3.836137954396684702e+00,2.111884369167043474e+00,3.890954277719268717e+00,2.701463845634455296e+00,3.536543109486286252e+00,1.436952861510933932e+00
3.608259176086846320e+00,2.257503298453402252e+00,4.007923956979071889e+00,3.798953002025911463e+00,2.169240891195957310e+00,4.352099773517584147e+00
5.072154241036050948e+00,3.333057132291315394e+00,4.508268417173522558e+00,4.180166311505534082e+00,7.467916105505212343e-01,4.454036059678088577e+00
5.286707888929082166e+00,5.248620529956097513e+00,3.405635435049731097e+00,3.798486553682093092e+00,2.708378060085991024e+00,3.938115413468426862e+00
4.754153035272540961e+00,2.710174256897539991e+00,2.250721982040138069e+00,4.121409828066319392e+00,1.400021036581728051e+00,2.348000366144321394e+00
5.169348943720211587e+00,2.923832815979008348e+00,5.546599014198450917e+00,3.831829821191080399e+00,1.289749915505599143e+00,4.157404987739312219e+00
2.737914213928448248e+00,4.006652758944778014e+00,5.991411286747470477e+00,3.217276513807364235e+00,2.744599100238074296e+00,5.271990612459558356e+00
2.093662942184625564e+00,3.702545927371704515e+00,6.983167557822147486e+00,4.146209684517054406e+00,4.508961470605739486e+00,6.441167934578245990e+00
2.928477111442367331e+00,3.000612213346549151e+00,6.946101579057051723e+00,4.179976166323954523e+00,1.942239224459676894e+00,4.697065195779686952e+00
1.745196589457334913e+00,4.054279696622899110e+00,5.815480062753494828e+00,4.114783877330173034e+00,4.411130783005933864e+00,4.692614229324863828e+00
1.386886797438994456e+00,4.322753192802606392e+00,5.289987085780203380e+00,2.917199518997222185e+00,1.905064872523474895e+00,3.224893717878379196e+00
2.642554686723450175e+00,4.096344616676678818e+00,9.967273351256196179e-01,5.429756008290405056e+00,5.980329394303616652e+00,3.418840406300455381e+00
