VR1,VR2,VR3,VR4,VR5,VR6
1.834747749724716659e+00,2.501772536722258522e+00,4.408952963881913156e+00,4.334942989354591880e+00,3.099810987436170784e+00,5.089004632840867792e+00
2.735997020079188768e+00,2.816948457445631604e+00,4.858446121420477937e+00,3.960103877563014851e+00,2.789481408077284730e+00,5.314978399434513889e+00
3.100286678577314436e+00,3.060818390068819728e+00,6.187644345157908177e+00,3.435004008253768948e+00,1.792820370040965727e+00,4.759295443794210101e+00
2.784438800074601872e+00,3.970956731067399215e+00,4.020167777504280338e+00,3.778322896143317511e+00,3.430810272993332077e+00,4.210786337815910052e+00
2.488542251953342443e+00,2.424252564500904761e+00,5.885009493611640607e+00,4.032765095916420073e+00,2.968539470061920760e+00,4.242831006409883088e+00
1.917956524522648420e+00,4.036885965322199787e+00,6.007892678419321619e+00,4.902912233284655308e+00,2.829396826008322208e+00,3.448205317939329717e+00
1.557267921373513442e+00,2.125892072325299864e+00,4.707085426335682499e+00,4.058816469592686715e+00,3.589367897257478734e+00,4.485944354666200340e+00
3.980086248926784975e+00,3.455252597882583210e+00,5.806436457956996477e+00,3.935541236348266469e+00,3.138490622423099285e+00,4.205949082499328640e+00
4.041424569734507699e+00,3.097955589227513684e+00,5.962000207696509513e+00,5.054991122615673405e+00,2.828473766821864910e+00,4.878064058929905578e+00
2.390897572592757037e+00,2.191568354543028008e+00,6.073822425111899292e+00,5.040421579743063596e+00,3.810890322435508182e+00,3.685624192162448409e+00
2.961306892443658079e+00,3.582690874973904815e+00,3.717892823481230735e+00,4.930003870687998280e+00,3.872014752198713161e+00,3.352520570360705943e+00
2.686995222415638818e+00,2.331125658091728781e+00,6.016678474298075230e+00,4.750966213091817991e+00,3.600053277314365197e+00,3.852113918874616516e+00
2.783175918836791940e+00,3.445801988132791482e+00,4.416721561488207826e+00,5.622058811930233269e+00,2.753948936764308186e+00,4.580993125369072771e+00
2.256660919134142240e+00,2.344704097176271151e+00,4.994559826553508941e+00,4.229141781806941225e+00,3.123012908996191772e+00,4.529746172701129225e+00
2.081727989865663986e+00,4.272436392614888057e+00,4.238953066253968949e+00,4.539125228396278189e+00,3.661516570137618221e+00,4.922603582261531052e+00
2.029210585617005069e+00,3.410440847970872991e+00,5.968276081652525988e+00,4.153398624530898253e+00,2.570229721976465154e+00,5.190611064852416412e+00
3.721273043076966047e+00,2.606188527201818594e+00,5.465221875937849916e+00,2.865639766661533194e+00,2.316786675893026892e+00,5.108028967753734939e+00
2.971865999536181135e+00,3.676186047184420769e+00,4.437669277560162939e+00,5.130745745881004183e+00,3.163359220792386406e+00,4.288373773396000566e+00
2.003642094913271610e+00,2.570946226213699504e+00,5.053891446742310833e+00,4.139623536806055881e+00,2.142544423679391574e+00,4.221669609732903616e+00
2.190032242408191276e+00,3.198535530610238542e+00,5.531317476797895871e+00,4.834497750402547922e+00,2.442047630144116965e+00,4.559949952920455019e+00
2.577538671203874809e+00,4.065802656654645020e+00,4.236417302536768403e+00,5.330647584891327284e+00,2.614403093717978521e+00,4.291297908480410150e+00
2.458244651907107503e+00,2.643220571245663564e+00,4.956651918216741670e+00,3.389557527854543562e+00,2.440504408580314255e+00,4.390973196565764347e+00
2.110586240595678120e+00,1.775367044350423695e+00,5.119047480755521740e+00,3.322996375394028590e+00,2.885809390582514400e+00,5.062469766446319852e+00
2.887717666010821915e+00,3.952720842682635904e+00,4.322368298422231803e+00,4.940852354194397833e+00,3.273095678448086243e+00,3.781103567630061946e+00
2.291403928815944457e+00,3.510635024861629372e+00,5.071025068065116770e+00,4.740695152518975775e+00,3.520870441895507685e+00,3.465165816408338539e+00
2.228161637265616335e+00,3.733470511682293935e+00,5.315738619666134923e+00,4.963263042425536398e+00,3.822822897946541953e+00,2.693842645009846937e+00
2.250507930729303219e+00,2.183316464978744431e+00,6.012210795069683478e+00,4.660695656878398374e+00,2.902998462050456752e+00,3.006805450246271327e+00
2.866507018385721306e+00,3.057216010730236633e+00,3.794863687029255583e+00,4.248756274346003892e+00,3.369168871607076454e+00,2.947604296148228720e+00
2.774667415267732640e+00,2.420269311022088754e+00,5.271922646234348697e+00,3.121022461677043225e+00,3.807064927530305454e+00,3.280498416902605019e+00
2.447799832340367576e+00,2.160122038341118156e+00,5.525783544432793626e+00,4.090004809147354869e+00,3.937910932029071276e+00,4.484386160847742886e+00
1.956191308654627870e+00,4.284734629483629931e+00,4.649230873287501176e+00,4.348782439226287266e+00,3.081305636815600213e+00,4.860942582767059150e+00
2.172494201093241983e+00,2.521203345012835939e+00,4.990235782503027906e+00,4.192408620078714065e+00,3.251379410449088514e+00,5.064271996714952984e+00
2.853438388607300258e+00,3.067360636888071035e+00,4.154856698548233140e+00,2.956709181906516548e+00,2.398543302082132733e+00,4.624756149379113168e+00
2.706961203655811055e+00,1.679738490693662767e+00,5.753564826841707891e+00,4.062069666356443065e+00,3.024496136620586917e+00,4.743968652663409280e+00
2.990715952873525652e+00,4.138902694654555958e+00,3.511278677059776143e+00,3.119820737743726369e+00,3.588736233966206779e+00,4.726181289434752131e+00
1.366961343916065719e+00,2.384074134999564443e+00,5.263310306003441852e+00,3.692728520035496231e+00,3.045124282820790285e+00,5.105631713151842277e+00
2.388767359717233418e+00,4.426433351986174713e+00,5.626107785211765133e+00,3.873711248389153372e+00,2.751071175905742017e+00,4.476337135370727083e+00
2.510497037035250845e+00,3.144751002899828229e+00,5.784451660774718285e+00,3.522344350599125207e+00,2.620575998600259027e+00,4.013407188721552998e+00
1.358969516468075955e+00,2.642724150098868741e+00,3.426735484459586090e+00,3.591347988767938038e+00,2.777650818318438297e+00,3.380357932700678525e+00
2.142870600077559473e+00,3.327877064727417178e+00,5.226183073754081754e+00,3.187602299604878731e+00,3.073740346688655922e+00,5.525756200732186763e+00
1.890819810881368745e+00,3.208962421426111433e+00,4.783243326609277979e+00,4.477975752079213834e+00,1.888166226867358022e+00,4.069355488194708492e+00
1.535188069743818717e+00,2.800443078443755507e+00,5.172450061253170972e+00,3.273504580019367616e+00,2.226530705188741077e+00,3.812214022930629387e+00
2.125109365934820360e+00,2.048439141668374930e+00,5.545825934688600078e+00,4.371154437523713909e+00,2.557905500047370051e+00,4.400330578346800969e+00
1.920062091123855730e+00,3.017591811135771795e+00,4.542028935591797101e+00,4.478356152680425417e+00,3.134219692856208273e+00,4.017243526862348979e+00
2.208117935538440157e+00,2.085826746075023497e+00,5.758089549271531382e+00,3.507582099238457207e+00,3.334709253479846147e+00,5.184957771497976431e+00
2.772585515793403399e+00,4.046228307853693806e+00,4.187989827480111060e+00,4.117205544275111428e+00,2.941522530458584583e+00,4.289792206828230370e+00
1.631449980604106065e+00,2.523813279739949511e+00,5.146746510387959717e+00,3.901172622492835806e+00,1.627049928188416317e+00,4.842407271596925966e+00
3.054809709589445532e+00,4.124556525991850187e+00,4.691392009786769179e+00,4.275254716803185140e+00,2.527928151066142881e+00,5.279829600347352603e+00
2.174679353276546490e+00,2.443601874121405615e+00,5.279726648165866898e+00,3.518110506768442836e+00,2.520413805487646375e+00,4.388138052612331919e+00
1.551464908465344461e+00,3.747317995785405031e+00,5.141780719015784484e+00,4.130806638703047540e+00,2.309387573487240886e+00,3.821814800165326265e+00
1.840352869815508052e+00,3.902279678749807523e+00,4.700106194421184824e+00,4.893471750074630755e+00,2.184326329099080866e+00,3.813447183890594783e+00
2.266890157999779554e+00,3.881082294770473062e+00,5.653729108929584690e+00,4.297921524034563845e+00,1.851074503553095774e+00,4.020097207622839619e+00
5.872878834438286511e-01,2.608107825968903448e+00,5.470327889921565045e+00,3.154266881061909444e+00,1.289090519383168765e+00,4.450290356077646337e+00
1.874356845314652409e+00,4.038043567287493474e+00,4.365183631942361586e+00,5.007834311442604935e+00,1.758778741863133321e+00,4.149525627400638683e+00
3.122775642971523880e+00,3.685971530615608671e+00,4.872008926425002606e+00,5.222593825062779693e+00,1.635946320080151839e+00,3.897565296139107627e+00
2.080104253574144746e+00,3.480173332439155498e+00,5.676660564406262210e+00,5.927555851575623258e+00,2.466971771332194141e+00,4.180736279483192597e+00
9.300200081661047502e-01,3.459948008289980947e+00,4.848404663322373409e+00,3.080836170788875172e+00,2.971832373520804094e+00,3.486585502453649177e+00
1.444921610250028854e+00,2.782061707735874023e+00,6.706650293991128109e+00,3.809026779902678239e+00,3.117588065445791479e+00,4.645444300188760423e+00
2.747510267394309480e+00,2.573171853702861611e+00,5.137591722181821474e+00,3.628940450900883796e+00,3.255113384876864746e+00,4.721687972633347385e+00
3.150509078770736160e+00,3.541516324318232378e+00,5.959258774886123433e+00,3.210442099288254525e+00,2.099200323177112804e+00,3.400790119003832324e+00
2.454538434384642809e+00,3.923315808521985915e+00,4.296223791897435973e+00,4.798649369911347939e+00,3.896468299445633665e+00,4.456086126708506789e+00
1.944038344329367396e+00,3.699218346130450641e+00,5.860380189259969619e+00,4.148569183017487561e+00,2.841347139755239226e+00,4.078435255548290783e+00
1.809950547337607629e+00,2.744206260151398347e+00,5.130300472223221497e+00,4.082685035340553270e+00,2.715420218769184046e+00,3.334364311957939808e+00
3.348200157090375662e+00,2.592192230909392769e+00,4.593776037188950667e+00,4.202395873800706561e+00,3.432833790378182481e+00,3.073443031839192763e+00
2.145638830237396988e+00,3.372108089373292650e+00,4.479424901454605035e+00,4.559855058977672293e+00,3.676925769414959522e+00,4.529169155447636541e+00
4.738408216682901131e-01,1.917992310184747362e+00,5.464855815255701188e+00,3.889976304942944552e+00,4.107842374702297406e+00,3.821129111265666012e+00
2.509101852699456181e+00,3.031553615890264730e+00,5.197966491502617359e+00,3.991635872624519799e+00,3.585074725222958669e+00,3.258308893422347197e+00
1.940421732792365406e+00,4.768955146805247125e+00,4.830772601656020626e+00,4.360870196358698436e+00,3.425187727997536680e+00,2.592683847481255910e+00
4.829783890726035978e-02,1.044106585024294986e+00,6.726572911151832201e+00,4.064314980148012957e+00,3.332903741848838308e+00,3.228543413627439573e+00
2.031325227128137456e+00,3.828591548417869195e+00,4.313182718953780359e+00,3.172430404049465302e+00,3.663265376851758237e+00,4.254811006640932369e+00
2.013857408636290813e+00,1.476284530035844922e+00,5.260256498602962516e+00,3.401290090179702297e+00,2.603694743274766132e+00,3.876076064210013605e+00
2.669235413231097365e+00,3.237751808894259398e+00,3.815708562092334333e+00,4.659625055129044569e+00,2.896564877332217236e+00,3.862358647684522417e+00
2.444228800990260186e+00,3.368398391490303734e+00,5.102441770146962874e+00,3.692693217871764411e+00,1.854089773268569941e+00,5.086191543129999992e+00
1.265124465609319904e+00,2.009096474201375937e+00,6.085690834401625615e+00,3.281637583642344591e+00,2.004422064904851197e+00,5.734196154658236289e+00
3.037236844535394997e+00,3.092944678475276099e+00,4.885232834237395849e+00,4.232397927544699456e+00,2.385544683498431517e+00,6.656978411063259493e+00
2.380762420068325724e+00,2.830502634714294086e+00,5.354210065518971717e+00,5.289078151406853223e+00,3.690825743445459661e+00,5.695514472370559744e+00
1.753249125410186071e+00,3.474719651117871955e+00,4.772439199626405504e+00,5.135203248578386948e+00,4.386145791834626273e+00,4.984798363543238686e+00
1.768265034226866428e+00,3.221455677626317016e+00,4.480759798601329003e+00,2.883394075775143950e+00,3.772475617110675472e+00,4.614420479654588902e+00
2.550615643304508406e+00,2.576120726989494791e+00,5.146394811656849200e+00,4.538292622922813102e+00,3.218240138598506217e+00,4.566966361808876940e+00
2.670503445772037576e+00,3.320312292551151678e+00,4.511936213456456457e+00,3.993403169820165743e+00,3.557294658727037096e+00,4.450716030567841486e+00
2.065788500904266023e+00,2.697084219425592178e+00,5.856697887682882353e+00,4.628465027842982416e+00,3.342110679866884038e+00,3.766378062718574782e+00
2.195632206381597396e+00,3.700279397964181705e+00,4.285218162706810219e+00,4.792434382651911129e+00,3.564333378337868119e+00,3.669682541315459456e+00
3.084125489327353975e+00,1.947671422512323947e+00,4.538691264103199785e+00,3.794477325287263891e+00,2.585297083934008366e+00,4.453331692795633678e+00
2.838410220332531431e+00,2.559469650587755218e+00,5.312756235127649163e+00,4.706457194360091023e+00,4.011742049570164781e+00,3.276142130914685868e+00
4.008044565776501145e+00,3.323190951351006728e+00,2.816536721995432035e+00,3.605945890953485833e+00,3.675612340831711844e+00,4.303426259138558585e+00
3.384257546240414971e+00,3.517912256382845104e+00,5.552033288348066975e+00,4.586152440332350366e+00,3.779747451993938245e+00,3.756514025538174817e+00
3.449093304887000500e+00,3.764490053667233660e+00,4.205891607692862522e+00,4.548179418055545931e+00,4.418270253167688288e+00,3.787718424421084862e+00
3.274718895942975827e+00,2.641382842243321427e+00,4.055309982752786979e+00,3.698270723006478189e+00,4.155424232654278960e+00,3.620818828667376366e+00
2.921783615073913598e+00,3.873877913307515630e+00,4.175508999635368035e+00,4.411912028057088264e+00,4.113125604905002675e+00,4.863229809989496388e+00
1.250585637531239636e+00,3.324718093754771786e+00,4.638771542694047234e+00,4.510087466502822551e+00,3.688381779119996651e+00,5.280008097668613232e+00
2.425744362153959610e+00,3.269720692528794270e+00,5.723989231593487048e+00,4.751915912088270133e+00,4.492602981105155102e+00,4.743854826734565044e+00
1.624000595633200206e+00,2.841128954837667031e+00,5.061507646951795003e+00,4.149432742843353061e+00,3.481556555168249467e+00,4.626023204635460573e+00
2.732472647000217858e+00,3.428416988803691723e+00,4.875596900118757127e+00,4.215455288273366463e+00,3.052171555147168647e+00,4.528698065144041607e+00
1.857162114942491948e+00,2.541558815575032160e+00,5.044276504644241932e+00,4.159815436998751892e+00,3.758378436286563318e+00,5.456366445921339903e+00
1.570642785534303698e+00,3.189731055079837674e+00,4.959091826060788577e+00,3.473365226950724693e+00,4.287451704531552110e+00,3.757361947901895149e+00
1.524618971110256460e+00,2.582059734388946204e+00,4.889548672454409939e+00,3.661576578222090372e+00,3.576456847586603871e+00,4.948610754873150164e+00
2.062154848443047417e+00,3.276606139746209845e+00,4.822572731994399398e+00,3.747626437262888466e+00,4.147791184091287775e+00,4.674552628197566229e+00
1.897532065687871583e+00,1.758634521902087799e+00,5.673324117822604151e+00,3.496569251475591056e+00,3.065002254058664555e+00,5.093947499919490696e+00
2.323538847820167064e+00,3.698051928361814511e+00,4.040098905225042003e+00,4.009837889844819259e+00,3.922970497723209160e+00,4.172828184735032586e+00
2.335678265463202230e+00,2.816205641394221360e+00,6.143216387063713313e+00,3.959718058814971631e+00,3.881791851203778787e+00,4.185220318503459325e+00
1.014853727016292506e+00,3.027303887973879171e+00,4.791869612641036724e+00,4.572397729042195991e+00,4.081870674342551908e+00,3.914184720179227472e+00
1.281735631379405049e+00,1.932435958952699595e+00,5.968077832699584917e+00,2.926149498413473715e+00,3.477746882695725184e+00,4.106069538158699572e+00
3.047835443318172910e+00,3.095895825007628055e+00,5.398619916797635199e+00,3.807293411456146082e+00,4.733598355503653821e+00,3.416547504767026844e+00
2.680429812571292647e+00,3.343599929183142194e+00,5.291979592038379643e+00,4.684621030878226122e+00,3.086520724418386319e+00,4.028314482339867553e+00
2.500617075346044160e+00,2.446691772891800287e+00,4.121909442312288618e+00,4.537692019069947236e+00,3.668125603487454534e+00,4.445891461672359490e+00
2.324547174072429279e+00,2.577337716287033675e+00,5.469296228502223300e+00,3.134402725410152080e+00,2.639504422291044428e+00,4.660364331557817152e+00
3.001050234459429866e+00,3.117455820138142819e+00,4.400005686280252348e+00,4.127944568566229933e+00,3.244609882982133708e+00,5.130191268989837461e+00
2.679052151758170908e+00,1.941783267436050675e+00,4.767352487429891816e+00,3.319735012116502126e+00,3.365474578293658148e+00,5.532572573859796172e+00
3.702118643434588741e+00,3.503879433794513609e+00,5.118626768373560232e+00,5.023979685282204954e+00,2.744367981829294312e+00,4.353034548233179812e+00
3.399448477212361208e+00,8.795409367434001702e-01,6.398443135078906607e+00,3.714976420990342199e+00,1.938183079955005050e+00,3.722749144991592374e+00
3.264623125477323029e+00,4.300509809772950831e+00,1.737078289296671407e+00,4.569213942118989458e+00,3.623472157507642954e+00,2.970865153193504860e+00
2.894972263483269082e+00,2.922966366179142739e+00,5.406545973154399221e+00,3.639044550192943817e+00,4.040763701039573164e+00,3.894065192984124124e+00
2.143339714684113329e+00,3.502371381209909984e+00,4.060477040822204842e+00,4.656669345177293806e+00,4.608557971374677820e+00,5.163317613811567952e+00
1.731779182102401560e+00,2.707154665421645401e+00,5.919712318799429163e+00,4.534812544783108024e+00,3.332239475671784135e+00,4.595542222822257550e+00
1.610747665599725265e+00,2.874177027786549043e+00,3.601626798197472112e+00,5.034825838734300341e+00,3.551167542180807324e+00,4.763808769647533303e+00
2.600351791210406383e+00,2.283994882656293246e+00,5.300377183379770152e+00,3.481412093955598586e+00,3.860699792104123063e+00,3.774811134312800132e+00
2.587458671931190501e+00,4.097128414758827830e+00,4.483801243605474163e+00,4.055569141439088199e+00,2.668904508105792495e+00,3.210968994083930106e+00
2.449830231441452177e+00,3.956934021233138310e+00,3.893953979151581812e+00,5.781036384900440694e+00,2.587879654731361612e+00,4.722776715296108208e+00
1.751485695642680751e+00,2.042453816992115367e+00,5.346383992053936218e+00,4.158324273448212871e+00,3.814189335735201691e+00,4.426507574344487494e+00
2.752996502588004102e+00,3.844657610683711368e+00,4.635158871227698540e+00,4.442093419362089790e+00,4.376750295315275707e+00,4.598075771131560963e+00
3.257044081629608012e+00,3.117691769241349498e+00,6.078460289875451394e+00,3.871351865176706042e+00,2.958765536985031197e+00,4.392943834935782554e+00
3.622446209323501698e+00,3.737226719123053265e+00,4.995676301881590398e+00,5.109902232415579171e+00,3.153090229014955170e+00,5.494474836818582730e+00
2.635625495429288812e+00,3.266908019199334046e+00,5.566910760749672171e+00,4.305265104636372797e+00,3.858983628827562740e+00,4.686295494387134219e+00
2.670447456748503701e+00,2.808826802330676831e+00,4.697772417431610670e+00,4.049650233784332976e+00,2.984419525499881320e+00,4.757232937778885784e+00
2.428389027190947402e+00,3.356716930536303156e+00,5.087592353420537172e+00,4.288814288301697530e+00,3.617300271754093188e+00,4.112359128627904425e+00
2.472880482064450991e+00,1.464215878707967988e+00,5.299536692435893315e+00,2.895605362019434637e+00,3.038436818056564626e+00,4.402088920475232925e+00
2.995693805615820438e+00,3.603088300862640203e+00,3.850912346853103685e+00,4.224158047693904017e+00,2.931138469976767968e+00,4.832870188578398896e+00
1.211691882193269398e+00,3.859720546539898045e+00,5.270144248850992419e+00,4.211940574741439569e+00,3.783216839752759686e+00,5.796255100986440922e+00
1.913590256784099664e+00,2.900590106315516170e+00,4.942073489457651014e+00,4.857811320337701133e+00,3.457797641964789115e+00,4.180683645082220679e+00
1.292983920308028667e+00,1.912927522163866190e+00,5.552112375014816692e+00,3.099427710695551230e+00,3.450491457502412374e+00,3.552792842166288878e+00
2.251863259340359136e+00,3.288900680159584589e+00,5.030380461243235679e+00,4.690169774264814073e+00,3.604740920608239030e+00,4.352828422284391152e+00
2.729454819861913961e+00,2.304348697735506768e+00,5.187983437862075498e+00,3.678514999891638215e+00,3.644951287114823746e+00,4.506842887303955436e+00
3.282997172332844382e+00,2.615912182971870337e+00,6.264217811108052203e+00,4.497328840012533746e+00,2.681943361615838572e+00,4.062857266066570716e+00
3.117671232754365640e+00,2.112314782393760026e+00,5.795491055201579478e+00,4.479291995314121699e+00,2.676308697971254258e+00,4.722653887032765674e+00
2.838330781155433691e+00,2.550741357399799014e+00,4.359943744138489841e+00,3.419178158805048717e+00,3.588338424250120617e+00,4.265822435163932447e+00
3.130059255977439392e+00,3.622415380178008348e+00,4.675781819218801871e+00,4.712020922957746549e+00,2.747457435484805810e+00,3.817798957203543786e+00
1.118210094648297126e+00,3.057058316154054101e+00,5.080131152336410771e+00,5.384015245631641022e+00,2.400190663435207483e+00,4.261549954239934657e+00
1.883517035252851191e+00,4.199066103302701691e+00,4.399170314628775280e+00,5.328687425651238208e+00,3.286223177973728315e+00,3.383911347296753469e+00
2.078051379457372949e+00,2.851478113002377857e+00,5.669881009036890518e+00,4.413426623177088892e+00,2.892195054149162559e+00,4.102645849283089063e+00
2.898634495171372283e+00,1.939327009500524834e+00,5.043675530321752198e+00,3.985911721213477144e+00,3.721510625728712274e+00,3.022905597487465457e+00
3.342800418396687512e+00,3.983546442662129650e+00,4.545593571869535054e+00,4.713910175787720647e+00,4.352139507890008474e+00,3.333167486179128947e+00
2.585068690652177370e+00,2.102472631661861602e+00,5.559220565257324331e+00,4.225150559067922806e+00,3.378134239867352839e+00,3.345357082575159069e+00
2.524334346162693254e+00,3.696043865836524667e+00,3.908586869891612636e+00,5.712717124526008661e+00,2.903787042017741626e+00,4.275216207035191118e+00
2.061324687868308914e+00,2.946486652670134099e+00,5.704618861720062384e+00,5.078783629648476960e+00,3.455940558171622712e+00,5.044759182695702115e+00
1.422190285929418430e+00,2.094802780015240007e+00,4.968822360139398597e+00,3.420706374359938629e+00,4.334040615636707727e+00,4.209448751547111733e+00
1.777294325262573471e+00,3.660497858909788071e+00,4.267168737052634775e+00,3.619587938563074481e+00,4.727504878327067672e+00,3.180987719690921089e+00
2.289731226572041756e+00,2.755647849250780990e+00,5.502562942722318162e+00,4.139540123350160528e+00,4.821584382079080910e+00,2.521223123172636971e+00
2.561520456737767404e+00,3.361450463868458360e+00,5.272562318324617969e+00,4.714478565106826835e+00,3.530304907229131484e+00,3.375507429383707958e+00
1.459882283347804011e+00,2.161634141264574982e+00,6.049493398832787250e+00,3.189371221625755926e+00,2.970088769522965411e+00,4.010759752438728398e+00
2.553199702297386686e+00,3.534121045649748716e+00,4.121909481452592061e+00,4.093176747506817037e+00,2.581834937625866466e+00,3.846536299660198832e+00
