VR1,VR2,VR3,VR4,VR5,VR6
2.493035012609161161e+00,2.978841777569393390e+00,5.160945647922093649e+00,3.408953893935490420e+00,3.831192460470432604e+00,4.938002070077604166e+00
1.267472199622468709e+00,3.599494135101934944e+00,4.665154022107090626e+00,4.397310669479008283e+00,3.878843903813649518e+00,4.081038216066729341e+00
3.084799248724273468e+00,3.558189201080844022e+00,5.176410271335792679e+00,3.989749033363363839e+00,3.741800357394544196e+00,3.806406781860589561e+00
2.830227577076259493e+00,3.337019133388327674e+00,3.956060775615171998e+00,4.251893810500416926e+00,3.365415987204821047e+00,3.539454173170179185e+00
3.676307006552826273e+00,3.444399267530670272e+00,5.609055193203312584e+00,3.376985130117385658e+00,2.419504341973151007e+00,3.051239563497595952e+00
3.915193435181995696e+00,2.741398659799554327e+00,5.941346790736679040e+00,3.432820759256498100e+00,3.728945841344909695e+00,3.528611457133814966e+00
3.887519953397249317e+00,2.651107535441110663e+00,3.607789607425104350e+00,3.459439953830481862e+00,1.797645434318989155e+00,3.317299115692240896e+00
3.226373472470970505e+00,1.756715940718834190e+00,5.205201934698203026e+00,4.681850887184083376e+00,1.815912873616520207e+00,3.179418130270735610e+00
2.328036921841106999e+00,3.441030272695092762e+00,6.160708117323550503e+00,4.526026680805318669e+00,2.239048200030463676e+00,3.662200416713097706e+00
2.839139813678778879e+00,2.856473686087448893e+00,4.937485486273866186e+00,4.662720751769757754e+00,2.779684165657890560e+00,3.942665645068703206e+00
3.534282031284059045e+00,1.824235649799201386e+00,5.772329872365416392e+00,3.765353982266056221e+00,3.661887528727105767e+00,4.580443195558775216e+00
2.616545044351255456e+00,3.823627240403676186e+00,5.885871169468000375e+00,2.567431232463775359e+00,4.504502559938174500e+00,4.168493323808244888e+00
2.520380747483213391e+00,3.174813419836898021e+00,4.457151255724408401e+00,1.998795899916661067e+00,3.436767034413251043e+00,5.213404626812542020e+00
2.904806484453830606e+00,4.262983880477021259e+00,4.498543860786930360e+00,3.368029181972415742e+00,2.809906006976429005e+00,4.482905487464122096e+00
1.963730058875902795e+00,3.516162088969888799e+00,3.677172523581734964e+00,3.586673406437993705e+00,3.153127951854606703e+00,4.612478785715965479e+00
2.103261462062038678e+00,3.538702089059475142e+00,4.057707211537399772e+00,5.097154996567775598e+00,2.354330635449325637e+00,4.249227773244252937e+00
1.125047663313353263e+00,3.099796413240368587e+00,5.826319413872886877e+00,4.928189908579161838e+00,3.561709580526531749e+00,3.402288050518542661e+00
3.376808496160207618e+00,2.248199151396002460e+00,5.120051825505961496e+00,5.446215048363995948e+00,1.571460509226173752e+00,4.310332522402867461e+00
2.009096084479209843e+00,2.833549860631825901e+00,4.413772651141887771e+00,4.669229459858337705e+00,2.798833989121778831e+00,5.399376742087176773e+00
2.065093966189265995e+00,4.163602572209821773e+00,6.114521615456991910e+00,4.979667796400216950e+00,2.763395491154525985e+00,4.724820495206354387e+00
1.400381196775746018e+00,4.913943931772311480e+00,4.323112775496196214e+00,4.167711857077540216e+00,2.708982928501926235e+00,3.977490890744527441e+00
2.635445555719604815e+00,4.091581813999087380e+00,5.563164331728996714e+00,4.076931595233876493e+00,3.046670016777102141e+00,3.380584532912409568e+00
2.098955182893295301e+00,3.659903260488990284e+00,5.976643706134878720e+00,3.088832872718806577e+00,3.906084872306043287e+00,4.119805664179304827e+00
3.643798836832712773e+00,3.759927217049712223e+00,5.156482934439350352e+00,3.298781871846836022e+00,3.232291188457845799e+00,3.986650195075754244e+00
2.464266534814226084e+00,2.907633519487569096e+00,5.362450090987164408e+00,4.440671694758759003e+00,4.055696120277603178e+00,4.780878004437949080e+00
1.972905464993543578e+00,3.458233072311920786e+00,5.973232099140665774e+00,4.853997078331678594e+00,3.393375752896220732e+00,5.054737831532602144e+00
3.147670245211271478e+00,3.994014857400728147e+00,4.784640805810109754e+00,5.214719055573131534e+00,2.957846741100874866e+00,5.643818117487276353e+00
2.476698002477822236e+00,4.479953611142307501e+00,5.167273439749045849e+00,4.358705681696338097e+00,4.564308698217146798e+00,5.598069809891592641e+00
2.063428661245190199e+00,3.955221612568752487e+00,5.590859089851831776e+00,4.116077556283984862e+00,3.225210507719856512e+00,5.371025853284605134e+00
1.498376723356683815e+00,3.486422598380506166e+00,4.630849621198764865e+00,4.036573346616196822e+00,2.643834658676675886e+00,5.251060972157681306e+00
2.327457050717087306e+00,4.264198332222518317e+00,4.928227112786415454e+00,4.871694845760417003e+00,2.875384933301212254e+00,5.342796733077245008e+00
2.104286767532599356e+00,3.866864763969150243e+00,4.163853898788533847e+00,5.666975555791068153e+00,2.782740493822651207e+00,6.077598828419750632e+00
3.114869450722134836e+00,3.359567659272040707e+00,4.743451859806524951e+00,4.562175863083652416e+00,3.769108932418379077e+00,6.072280930765304063e+00
2.113860965016382210e+00,3.674527539620760397e+00,4.291024227739860919e+00,4.927893931646551984e+00,2.685447610434883003e+00,4.141975887361954101e+00
2.193993651886964713e+00,3.246041410507553682e+00,4.756264180347190340e+00,4.012689958604100049e+00,3.434522009196659731e+00,5.103743270250888031e+00
1.680849946150541729e+00,2.330214845839386761e+00,4.042352019129005214e+00,3.626503451532774314e+00,2.608766050221129174e+00,4.776890034274804187e+00
2.253192970574930509e+00,3.847830271403378966e+00,5.485755517665380943e+00,2.983561386644768998e+00,3.999975726226828954e+00,4.815560918537165946e+00
2.815958882754226789e+00,3.307452778292423012e+00,4.772682851975889484e+00,4.342871537961041639e+00,2.442746122554903643e+00,3.716835844919025078e+00
3.152592282847799687e+00,2.906976431792073878e+00,4.775067459085859056e+00,4.309383348619642895e+00,2.833965507351698943e+00,4.480069370668907425e+00
2.189645826330236300e+00,2.558686697847964098e+00,3.622206288239272709e+00,3.579359997127770310e+00,3.100139189077262714e+00,4.455345038084090881e+00
1.481908999210924893e+00,2.003114734973538091e+00,5.034982708856869493e+00,4.494123629856667357e+00,3.033934965237498282e+00,3.993727345198052170e+00
2.873313406621852639e+00,3.018140828636099560e+00,5.327156648770869474e+00,5.263900596666825749e+00,3.161530309647725634e+00,4.413126794748940540e+00
2.610333647976346150e+00,3.213524821779481844e+00,6.067283288180032486e+00,4.061214865089236348e+00,3.888027923475481984e+00,4.334365895354574505e+00
3.834111434241115557e+00,4.455450307836699153e+00,5.788480124231328183e+00,3.936109287182070204e+00,3.229972311339715851e+00,3.268831130779193295e+00
2.586613222833817893e+00,3.742777033351171401e+00,5.001714528926462400e+00,5.257521594175979196e+00,2.961983144091615117e+00,4.172066262584341878e+00
2.710755020556500750e+00,3.929876046642998499e+00,5.354932832161177103e+00,5.254033432313260477e+00,2.693045606069677245e+00,5.076130604366948518e+00
1.161507045667888205e+00,4.012993421612293332e+00,4.954377605883120594e+00,4.651253020444080732e+00,1.711752678599762989e+00,3.805085989879267494e+00
3.060791969907972199e+00,2.970888003913378483e+00,5.188163636381921684e+00,3.688618391554790765e+00,3.428037378254242817e+00,2.714411803811933588e+00
2.521164452791160748e+00,3.629989509509293111e+00,5.051516500496970430e+00,4.145026484253612864e+00,1.702767546121124242e+00,4.538683776438386275e+00
2.137018162701139534e+00,3.471143030117085804e+00,4.813687255208841442e+00,4.621289791425359894e+00,3.114802119979149353e+00,4.735743079009213652e+00
1.706218668797777172e+00,2.993024243099721371e+00,4.703162567335435362e+00,4.250294464286491269e+00,4.072188662411551086e+00,4.071928216893481611e+00
3.174449358467199112e+00,2.601419507266710784e+00,4.091691758306235549e+00,4.899291538780748745e+00,2.076797798729761890e+00,4.858249516571966353e+00
3.468566072655241861e+00,3.282864604329123637e+00,4.274080796362939694e+00,5.185762935857695766e+00,2.685265691078641215e+00,5.612650941448408481e+00
2.500159636041076716e+00,4.353730611502962589e+00,4.829639511030682009e+00,4.523302981345531215e+00,2.206340710134722105e+00,5.572031715742647329e+00
2.176804882245293449e+00,3.904350458756914666e+00,5.894559507558089884e+00,3.503349011604612429e+00,3.853425140353902378e+00,4.386677254836238049e+00
2.011310462040448499e+00,3.527776570732894079e+00,5.622963477391547116e+00,2.685867200569435731e+00,4.957357295097498451e+00,4.044952806346254981e+00
2.725084198546225522e+00,3.743142432225209149e+00,4.779133309712899624e+00,2.683202241490587170e+00,4.519558876216150267e+00,4.343654807633810400e+00
2.513648922329613900e+00,3.054907978109469902e+00,5.861866578761818936e+00,2.626821454418049928e+00,3.677741805448959234e+00,3.281415079380185063e+00
2.874719294135405612e+00,3.000616270354917070e+00,4.131103824394559254e+00,1.924900493720072880e+00,4.653222246064920853e+00,3.439583240572799738e+00
2.567658468647190162e+00,3.478357381860122555e+00,5.148395463771347380e+00,3.413003077542873243e+00,2.242678412387094422e+00,3.302544667109799548e+00
4.019521221168627534e+00,2.887728140550105405e+00,5.240801902210606045e+00,3.797142848611390509e+00,4.308779147472276527e+00,3.203384475662641950e+00
2.940610024360687635e+00,3.471782408930301322e+00,5.787498832689189854e+00,3.968324554533211757e+00,3.198668734529496405e+00,2.979177659983908377e+00
2.574232807498396003e+00,3.314201241565402523e+00,4.845431772581682672e+00,4.635247017090645905e+00,2.520946031281760202e+00,3.235343235871327661e+00
2.497192170513618414e+00,3.176545057598389565e+00,5.378933223584618339e+00,5.145927295841421056e+00,2.715502169143427125e+00,4.044207667555226315e+00
2.246044972992891520e+00,4.028977200696400196e+00,5.401774375730234112e+00,4.419175923544697682e+00,2.831785049048915592e+00,3.920928542767575298e+00
1.439188092180699430e+00,2.365226968565001364e+00,4.201695861702010149e+00,4.934261500104886622e+00,2.774600197252340195e+00,5.350853293801735688e+00
2.652755119806120998e+00,3.957420106486440492e+00,3.885444473727576842e+00,4.286477828542482271e+00,4.204754581801243951e+00,4.159279264852579594e+00
2.701750836953948465e+00,2.560031803827164776e+00,5.128962943330672708e+00,2.726216327233121905e+00,4.821021733751737592e+00,4.094070371424987975e+00
3.211991757936149217e+00,3.066067547898799095e+00,4.789708022915363017e+00,2.404453320247214698e+00,3.287494111632821792e+00,3.556705579234680670e+00
2.490134226222116443e+00,2.533916141967770042e+00,3.886090120492956324e+00,3.537767003702527280e+00,2.409751660696799025e+00,3.414523973304354421e+00
3.036085023193733967e+00,2.664060274350623203e+00,5.398264823119827582e+00,3.318041491920318276e+00,4.268716057580953738e+00,2.822201692927876593e+00
2.395838652514235889e+00,2.091554040277316506e+00,6.816456951338886405e+00,5.043940096022549113e+00,2.567801513700435301e+00,2.916899720283193886e+00
3.122158636414467558e+00,8.789067871510183316e-01,6.384033968692467198e+00,5.133077948457449580e+00,3.592873818396257413e+00,3.714807828723240668e+00
1.818027719289816879e+00,1.506765131533800206e+00,4.572225218071665154e+00,3.813934308958683683e+00,3.290772210370374040e+00,3.155398607212888784e+00
2.570086444734972275e+00,1.233433425279678364e+00,5.054203765641402946e+00,4.673594683072228584e+00,2.132206602022602482e+00,2.921921754934193149e+00
