VR1,VR2,VR3,VR4,VR5,VR6
3.771355505514466522e+00,5.224362952247955327e+00,4.717959594660047884e+00,2.303447517914729570e+00,4.682296758071860410e+00,3.945131262202562716e+00
2.265567891057994387e+00,5.514177640950373771e+00,5.135385431404306367e+00,2.703188017861872794e+00,3.637150098811037680e+00,5.968800786663614133e+00
2.546992900418837191e+00,5.828289227244944470e+00,5.941326799388103375e+00,2.852707088418942050e+00,3.313417706017734332e+00,3.217438213307020511e+00
4.282040284376175343e+00,4.844768886027675414e+00,5.626180561738300945e+00,4.078263094914781561e+00,3.323870049685504036e+00,1.974531992703318473e+00
3.124077273824303003e+00,3.326427408925455076e+00,5.518096682412588549e+00,4.824757464500024184e+00,3.362578557159347614e+00,3.282351593388994626e+00
2.973674538334123429e+00,4.308326926199920415e+00,3.524255453275451977e+00,6.129971686447495571e+00,3.833322901986671916e+00,5.837773599950374148e+00
1.090965569666744406e+00,2.391859265050960026e+00,3.437737820472251293e+00,3.115536666353499129e+00,2.744704127914317837e+00,5.271711294481375987e+00
0.000000000000000000e+00,0.000000000000000000e+00,0.000000000000000000e+00,0.000000000000000000e+00,0.000000000000000000e+00,0.000000000000000000e+00
2.720373182842748427e+00,2.040601438624570996e+00,5.720791162838176014e+00,2.948297350520169502e+00,2.332829519816971953e+00,4.193291255567094034e+00
3.006818654326107065e+00,1.944196706473529712e+00,3.279069300227273054e+00,2.258755997531435522e+00,2.902175240496426945e+00,3.132986975092701076e+00
3.058761608955412825e+00,3.801222372246303660e+00,4.667029270147963871e+00,3.665575470940233505e+00,2.914326714697653919e+00,2.508033106141363433e+00
5.029136183880964950e+00,2.972529329287532995e+00,4.699512170635450126e+00,2.917474211648375171e+00,4.319813729539422553e+00,2.036796402935821426e+00
0.000000000000000000e+00,0.000000000000000000e+00,0.000000000000000000e+00,0.000000000000000000e+00,0.000000000000000000e+00,0.000000000000000000e+00
2.458276559252443594e+00,3.745677047448539909e+00,5.821591545234772624e+00,4.286768270203743292e+00,1.787452432567119054e+00,3.994119527366113864e+00
3.712409436107364069e+00,3.063578152895552797e+00,5.729579872092207538e+00,6.126871213457130594e+00,5.608310862771459959e+00,5.081745408196676195e+00
4.271149691378592905e+00,3.404775442162853771e+00,4.922351064673699206e+00,4.176118554844478581e+00,1.481073535334367586e+00,4.003283272722498509e+00
7.848826402932818080e-01,3.650194289469939957e+00,5.373499395027026893e+00,4.155046497891244250e+00,4.127855676214343461e+00,5.602352698521795737e+00
1.889136775915537747e+00,3.190301819923929028e+00,6.117607807744509074e+00,5.092113669281378208e+00,2.985575916744770186e+00,5.367937316240514178e+00
0.000000000000000000e+00,0.000000000000000000e+00,0.000000000000000000e+00,0.000000000000000000e+00,0.000000000000000000e+00,0.000000000000000000e+00
2.197796606436761557e-01,7.950486742907520998e-01,5.466306117079391846e+00,3.589895034246898042e+00,2.955333705717590576e+00,3.026482500247057672e+00
3.441015524069713116e+00,1.011678164231768484e-01,4.891499331839106901e+00,9.258815051665854057e-01,4.870135102867849675e-01,9.460872055817888260e-01
0.000000000000000000e+00,0.000000000000000000e+00,0.000000000000000000e+00,0.000000000000000000e+00,0.000000000000000000e+00,0.000000000000000000e+00
0.000000000000000000e+00,0.000000000000000000e+00,0.000000000000000000e+00,0.000000000000000000e+00,0.000000000000000000e+00,0.000000000000000000e+00
0.000000000000000000e+00,0.000000000000000000e+00,0.000000000000000000e+00,0.000000000000000000e+00,0.000000000000000000e+00,0.000000000000000000e+00
3.316756163167900784e+00,2.527880901571273320e-01,4.928911861825683971e+00,3.522013482283112396e+00,1.446742978772420862e+00,3.407229582083774133e+00
3.939466659594365261e+00,2.666790515721923605e+00,5.623937709284378528e+00,5.510519944845388096e+00,4.629644600409362099e+00,3.433928325211752064e+00
3.722609064466203765e+00,2.794123144793507763e+00,4.299278851250463163e+00,2.689545836674711143e+00,5.597726588714597717e-01,1.629110664344829651e+00
2.895966757113116241e+00,4.870122843643765798e+00,7.709582455415942448e+00,4.882124057992946575e+00,4.412152331755150314e+00,4.807960784807886689e+00
4.300558576060899085e+00,4.244939645941916417e+00,4.001403721023274684e+00,5.524555471964628595e+00,3.195770040281732172e+00,5.759550830321409798e+00
0.000000000000000000e+00,0.000000000000000000e+00,0.000000000000000000e+00,0.000000000000000000e+00,0.000000000000000000e+00,0.000000000000000000e+00
0.000000000000000000e+00,0.000000000000000000e+00,0.000000000000000000e+00,0.000000000000000000e+00,0.000000000000000000e+00,0.000000000000000000e+00
1.890352865454163478e+00,3.852759351225128803e+00,5.652640111666669576e+00,4.473040699418594279e+00,5.315971214948481460e+00,5.020692156249861426e+00
0.000000000000000000e+00,0.000000000000000000e+00,0.000000000000000000e+00,0.000000000000000000e+00,0.000000000000000000e+00,0.000000000000000000e+00
1.524453430788448971e+00,1.628178547748421190e+00,2.801825954415622988e+00,2.959649142910097286e+00,6.842318541828240619e-01,2.681388826049794005e+00
2.143138442637698038e+00,1.288329834385167905e+00,4.219370614766009275e+00,3.300720363261429480e+00,3.258505987379004321e+00,4.091281381735019096e+00
2.723174540288840095e+00,1.440463471131644413e+00,3.381940975706309249e+00,4.258335477282011894e+00,3.392959357561143197e+00,3.567480580451971139e+00
8.246547129832770828e-01,1.948310380051607948e+00,5.250310072716219523e+00,4.059107009524186793e+00,5.245748682848491384e+00,5.515893342888317896e+00
0.000000000000000000e+00,0.000000000000000000e+00,0.000000000000000000e+00,0.000000000000000000e+00,0.000000000000000000e+00,0.000000000000000000e+00
2.865812862434851560e+00,4.358022069041004087e+00,6.359176887803736911e+00,3.914496618277654605e+00,3.507825273060536375e+00,3.635339359413913840e+00
4.612573498255123639e+00,6.040925849527280178e+00,4.649732126760353523e+00,2.226641367531863924e+00,2.597383525292211282e+00,4.068869294253868674e+00
3.079512424179974062e+00,6.365237866149535684e+00,5.293335238954166577e+00,3.760630142567061185e+00,3.570047634031932482e+00,5.181868446655276905e+00
0.000000000000000000e+00,0.000000000000000000e+00,0.000000000000000000e+00,0.000000000000000000e+00,0.000000000000000000e+00,0.000000000000000000e+00
4.473244287697388799e-01,5.706916467187055808e+00,5.673187100242460090e+00,2.663819716242933566e+00,4.071966608128888332e+00,4.251468099915272525e+00
0.000000000000000000e+00,0.000000000000000000e+00,0.000000000000000000e+00,0.000000000000000000e+00,0.000000000000000000e+00,0.000000000000000000e+00
1.342317955115623462e+00,2.584252266258869835e+00,5.935351951159336004e+00,6.129001335482062274e+00,5.013216947675447344e+00,4.470398018237238702e+00
1.031009457708492727e+00,2.386137893367744844e+00,5.910744080339267015e+00,5.656426347883964034e+00,4.507926041105894122e+00,6.253532491026707163e+00
1.283979514028961155e+00,2.267195930539115611e+00,5.429320688661570138e+00,4.150956622971585297e+00,2.415544018624848910e+00,4.823170135789341728e+00
1.682350094812518737e+00,1.490325105664655592e+00,3.653038592846010957e+00,3.754291475229640795e+00,4.526976797461508717e+00,5.745900326972837924e+00
1.710333066099495980e+00,2.642786049768684364e+00,5.155719024871390666e+00,2.771411257227003766e+00,2.595340932784278465e+00,2.001977726323733275e+00
3.434593218636262435e+00,3.782080471408920452e+00,5.813597802020170846e+00,2.932616359768883463e+00,3.946263083368678259e+00,6.369613066745598573e-01
2.985019178907721837e+00,3.817365825618818764e+00,6.365067747542827448e+00,3.529665153015630441e+00,2.091864640155103761e+00,1.636313234665103256e+00
3.554999591585306096e+00,2.834274085931684617e+00,5.236359991376501100e+00,4.464479572753520920e+00,4.739558078168373711e+00,3.690326295980245419e+00
2.717835450540566633e+00,2.835656446432030631e+00,5.081832006841342064e+00,3.647370967220502358e+00,3.244931514023746022e+00,4.605269807132443383e+00
2.944875772635816791e+00,5.443473305962045039e+00,5.594919745202033390e+00,4.999630340418731222e+00,5.515946290653145567e+00,4.859473895842076452e+00
3.706856369789341521e+00,5.398841447720374553e+00,4.998061545317614041e+00,5.436952099550300233e+00,4.242032700325152561e+00,5.345551882473206895e+00
1.888144982780890935e+00,5.469987940872037768e+00,3.622801992119577541e+00,3.148836333802563558e+00,1.416129050916066001e+00,3.088234084642865529e+00
2.545120204872363789e+00,6.227614961171454411e+00,4.898256927819987894e+00,5.126611224740060813e+00,4.609286334866935952e+00,6.472396780115038162e+00
1.529745876896266843e-01,4.621929214721442136e+00,3.772431832207367108e+00,5.910306089395265694e+00,4.958730769893511692e+00,6.844540612141130076e+00
3.937760608673763763e-01,4.074096387005561759e+00,8.248956539966826540e+00,6.492281188301314288e+00,5.753159774267062154e+00,4.851124249564498392e+00
3.616280366869813356e+00,3.541963568692651609e+00,6.833420328870879246e+00,3.353725357788084782e+00,4.056812876826071168e+00,3.240204534742292530e+00
3.529621940117062984e+00,4.752017821680801113e+00,6.485756856438159801e+00,5.238032774449371765e+00,5.040063503703567704e+00,3.340804168491902537e+00
3.997210401436838367e+00,5.778648052783409206e+00,3.076109182408686138e+00,3.458190054438007532e+00,8.308372415337603734e-01,1.563257287265498618e+00
4.456682267380889684e+00,6.380088593834832622e+00,5.251091721074553575e+00,5.029102623271583639e+00,9.483211134173452628e-01,3.463918915311936519e+00
6.186177837119495315e-01,3.315794981635016292e+00,5.411038164596985389e+00,4.871644547900292110e+00,2.864175932060830654e+00,4.017918542937522375e+00
8.935469471533130648e-01,3.569754155049148281e+00,4.830910780834176244e+00,5.629042564277883187e+00,2.983473382492864090e+00,4.941650244302381978e+00
6.605654202070221359e-01,6.477160495036740073e-01,2.499864018092491147e+00,4.813232985821010779e+00,3.018565264528222158e+00,7.624053513110747637e+00
1.118978769108376792e+00,2.500987267262961833e+00,3.444028437348114036e+00,4.380553039048233011e+00,3.656938580622477897e+00,4.361539915145858259e+00
0.000000000000000000e+00,0.000000000000000000e+00,0.000000000000000000e+00,0.000000000000000000e+00,0.000000000000000000e+00,0.000000000000000000e+00
1.112905265119619846e+00,3.108739834030357141e+00,6.908698711387703639e+00,4.278572826697352838e+00,4.576130429996901228e+00,3.976164023293017991e+00
2.861379410611813778e+00,6.675111451587728340e+00,7.409607223115433072e+00,4.188899025890515659e+00,4.086697840082615940e+00,3.435905094568071139e+00
2.290258717521055587e+00,6.292682829539884892e+00,6.828893993527460182e+00,5.338393349064416427e+00,5.012756083456629597e+00,4.278883996438515247e+00
4.115189493544469279e+00,5.500900413034941039e+00,6.304561278059773066e+00,3.527794349166994081e+00,2.409246256025915578e+00,3.959506629629823582e+00
2.509793698030971409e+00,4.134119390368594438e+00,5.869038389197266170e+00,5.257104670979360961e+00,5.144771511661078378e+00,4.444353507426798799e+00
1.837133242955158341e+00,2.595426626581470053e+00,6.166325373459921266e+00,4.667518819052588697e+00,3.026094774077797922e+00,4.278365895605428904e+00
2.877391779721349518e+00,1.822613111728365709e+00,6.470498327861616161e+00,5.195308017246697219e+00,5.387311362205289278e+00,5.535692349290412650e+00
1.579631193711240389e+00,4.873590512232089722e+00,6.043172922005346948e+00,7.198130509454315984e+00,6.036846050740233061e+00,6.499151046501205897e+00
1.467971499239211663e+00,4.444784626315080089e+00,5.440130828980272781e+00,4.613194201496624736e+00,3.148629255354667755e+00,7.031454882059719580e+00
7.717377342528939366e-01,2.532708756043308362e+00,4.594958742177529309e+00,3.860789973594477953e+00,3.636789849281177212e+00,5.589936305721741050e+00
3.071361739742234143e+00,3.681109651244381720e+00,5.681619676238986116e+00,4.599910984523463142e+00,3.179755261761599172e+00,2.274825500289146873e+00
3.737542753117361727e+00,5.465203275160575913e+00,7.009589117325750074e+00,4.782009577151248081e+00,2.770012402655213535e+00,1.266219877902978297e+00
4.033951670971402947e+00,3.937087282543607181e+00,3.769334312936190923e+00,4.200416911440516543e+00,2.013558073026287865e+00,1.969431190548506905e+00
2.839617169958886578e+00,4.102466129774214210e+00,7.434329228906440434e+00,4.331024020994241219e+00,3.252562630612282568e+00,5.747121027469175303e+00
1.717656379427759505e+00,3.536669373301378982e+00,5.542302373144615046e+00,2.957407147321110763e+00,4.077600435411715019e+00,2.618093158525214736e+00
2.493862568989758000e+00,3.272715724979212037e+00,7.017721653217611433e+00,5.243308603640119081e+00,3.990053982983328584e+00,4.428869161547522637e+00
5.032387263593138371e+00,4.945102657348644293e+00,4.868405625039076590e+00,5.491466624598129620e+00,1.908328466499671583e+00,4.702180511461503620e+00
8.237423556088696586e-01,2.087351047889677069e+00,1.600489871841517253e+00,3.241304230717750201e+00,8.241429937229534097e-01,3.496507811555621625e+00
1.269194728376165981e+00,1.696107569998253517e+00,3.559505268654732824e+00,2.579976293886625083e+00,7.181767759672124107e-01,3.021725770954124535e+00
1.875525529413151427e+00,2.906081826465720219e+00,3.962436801746552106e+00,2.365229162702259025e+00,1.749068143611269832e-01,2.088793787670582436e+00
1.500344375054975643e+00,3.122835914773813837e+00,5.963875483366550156e+00,4.404021365560192081e+00,3.586041154378636797e+00,3.999936775823077717e+00
3.177785287833581052e+00,1.785618542070013914e+00,3.253380695130777767e+00,3.981709776269576118e+00,1.199049673630617985e+00,2.046722273741171438e+00
1.890685457592873986e+00,9.363878223194457284e-01,3.683596173194118695e+00,3.811699381578617096e+00,1.229251104069179146e+00,4.084066625920000249e+00
2.454043894536128256e+00,3.095408787435840026e+00,6.220530839033040493e+00,5.371329280510101611e+00,3.885566656779313899e+00,4.880792904169318547e+00
2.442724067683011757e+00,1.297284525138661104e+00,3.595812604843529048e+00,2.238866928319358518e+00,2.273969449785708363e+00,3.584908663301354270e+00
3.719261870440639051e+00,3.634153207360805382e+00,5.617920079564059144e+00,2.198160655192170410e+00,2.964211512777638724e+00,2.426275233181006463e+00
3.148689908181913744e+00,3.884507218575394827e+00,6.737539563861647984e+00,4.171886746322162942e+00,3.404782448502162051e+00,4.424423885167025894e+00
3.410942058595831661e+00,1.976929861784197717e+00,3.070662159695976889e+00,2.635599946838943275e+00,2.900728043564005265e+00,2.783634339162359694e+00
2.897307534512942873e+00,1.612816118060639958e+00,5.042875983732804102e+00,4.361166921112066497e+00,2.612005846558906885e+00,1.976583918598667555e+00
4.908664234344668031e+00,3.205853133330138327e+00,4.735599508265284641e+00,3.542172257731964535e+00,1.337797829636172775e+00,1.910067168386462733e+00
4.760676267394474692e+00,4.151145810529408564e+00,5.611570485405990460e+00,3.800996556967118689e+00,3.340393033441861448e+00,3.189079858969983139e+00
4.197980080052696295e+00,4.820697288724317353e+00,2.751663811363878498e+00,2.633922585734546740e+00,1.381684569743035329e+00,3.198885334875229969e+00
2.218500278517366642e+00,4.702863119282465476e+00,3.271233536433220568e+00,2.394473360805982054e+00,1.516313908559302925e+00,3.149294876274938648e+00
1.178245739465805020e+00,4.840856807291827657e+00,5.475235976746250621e+00,3.173902659609795229e+00,4.702911306835000360e+00,5.196805714496009365e+00
5.957743623578171110e-02,3.390766063883865922e+00,4.869197533521003152e+00,3.245831550298395651e+00,4.558952682387401367e+00,5.035102238400295249e+00
2.739289102954786781e+00,2.396480564321866957e+00,5.454215550552063974e+00,4.731336163048509569e+00,2.679061468208457697e+00,3.140688666760657721e+00
3.942477790565784179e+00,1.787634531490929879e+00,4.067759463755616700e+00,3.406390755286966776e+00,8.861196961990351895e-01,2.581625242959809441e+00
0.000000000000000000e+00,0.000000000000000000e+00,0.000000000000000000e+00,0.000000000000000000e+00,0.000000000000000000e+00,0.000000000000000000e+00
4.641185639438683452e+00,2.214269860524211708e+00,5.266984262871952538e+00,2.363286738982146140e+00,8.674179275962652369e-01,1.792374921026702594e-01
4.488522072541173635e+00,3.644704790614483159e+00,7.696209364859281976e+00,5.217787888816492803e+00,5.276839984312269749e+00,3.889579526026564871e+00
3.849949308454975849e+00,2.841525981582228688e+00,3.257248948171827863e+00,3.891164283501496790e+00,1.076804103064298079e+00,3.586320477921911554e+00
1.122153452773508420e+00,1.930563514048688312e+00,6.890722376480321820e+00,4.867147987708884571e+00,4.314138156074896813e+00,4.514880293153044732e+00
3.275172053122217264e+00,3.667545833310873693e+00,6.060452377217542264e+00,5.078760927874325759e+00,4.104937639071786215e+00,4.473925292693784250e+00
2.731570337563734796e+00,4.263570177266047700e+00,6.805447263390978385e+00,3.725234543749361915e+00,3.237703073269322385e+00,4.132025754945800600e+00
2.493436871747160666e+00,3.958540674188189890e+00,2.407026367051677607e+00,1.362840983347366031e+00,1.218333170386507902e+00,1.899480880934869997e+00
2.655113451736562880e+00,3.500466532380035467e+00,4.634587884797954693e+00,4.765383361583980459e+00,3.863450317038889192e+00,4.093803463668741038e+00
2.550719172694650982e+00,3.803960933297535263e+00,4.320017877266858264e+00,3.445892551242218715e+00,1.692730638630843831e+00,5.144453138960768612e+00
2.810819184103654500e-01,4.345300205498140222e+00,5.528451633156404199e+00,3.747645794352815862e+00,4.342524917004646490e+00,4.885997032279326469e+00
2.855705861016700542e+00,2.335482909875078672e+00,3.007872985000932697e+00,1.751550795069584332e+00,2.188782435127950343e+00,3.803098444904164932e+00
1.514042832737736211e+00,6.132612613473464869e-01,3.158439596089794854e+00,2.619506491927491076e+00,2.520189223949697688e+00,1.332299145781397076e+00
7.562815211421951567e-01,2.410363150387903275e+00,6.002392542717606361e+00,3.619109511122095668e+00,2.744831817349616898e+00,2.961293326249010871e+00
3.343558173983415927e+00,3.300584867743408868e+00,4.481349899305093309e+00,2.647623120677938147e+00,7.625512908845348825e-01,2.056859430562077762e+00
2.538838238326860175e+00,2.273097350977510089e+00,3.039911861100530910e+00,2.955389849523847978e+00,2.525518137088142545e+00,3.426425697685852256e+00
1.810285239054217898e+00,4.656707310390026500e+00,3.522017987095446223e+00,2.063281668730316376e+00,2.386947410481020881e+00,3.251310910464577209e+00
2.317135998764905391e+00,4.208038600861888412e+00,3.961208616080688749e+00,2.349837426076992752e+00,1.575482395687266113e+00,3.169014032941836589e+00
2.062387114093890084e+00,3.045482391158533808e+00,3.966829235311613466e+00,3.267726171768771781e+00,2.662737330935716962e+00,4.439850806514466619e+00
2.024837275027577377e+00,2.721509407943962344e+00,5.277282003100484786e+00,2.468219811082427384e+00,3.167654666438830091e+00,2.741972415103923311e+00
2.178606617839785820e+00,1.939758229498743880e+00,4.705133707967245726e+00,1.770150083829715726e+00,8.477871972010362356e-01,1.987628415881472321e+00
4.720939265830816467e+00,2.013974172509371385e+00,5.450203790677106142e+00,3.662637751433887701e+00,3.145261288869336092e+00,2.442174403153311246e+00
1.808854895359085502e+00,1.060625301649281260e+00,3.727739543771185105e+00,3.218966635790036612e+00,1.744770210220066176e+00,4.136789908491530277e+00
3.198954702919176718e+00,6.965681546330739771e-01,4.474884385509076523e+00,3.404250965308877941e+00,3.972722494959032513e+00,5.160407590379544551e+00
2.316662099739410063e+00,2.118231630713147240e+00,3.095740149178702882e+00,3.650119122573006081e+00,3.431182481248350680e+00,4.026414871167952825e+00
4.219585191388263823e+00,4.000353035730869422e+00,4.081567786089217442e+00,2.221179955519738236e+00,1.818688025670939012e+00,2.935004840978272078e+00
1.178802889674838816e+00,3.174233042030484064e+00,3.634601498310701562e+00,2.982770338467927385e+00,3.680722645449144625e+00,5.912658094441859191e+00
3.161923084987943611e+00,5.154517945452974814e+00,3.689924760562182104e+00,4.315465398656743723e+00,3.739736437851896689e+00,3.424753246561171860e+00
0.000000000000000000e+00,0.000000000000000000e+00,0.000000000000000000e+00,0.000000000000000000e+00,0.000000000000000000e+00,0.000000000000000000e+00
2.735777185665020816e+00,2.875190229756586557e+00,4.251659651761894310e+00,4.176408810643207126e+00,2.808858652963317049e+00,2.061609275571254951e+00
1.737887026936981272e+00,2.282048429679212731e+00,3.278184131317648742e+00,4.291604528837887678e+00,2.381872420959093350e+00,3.854970914654721081e+00
1.341482561080688196e+00,2.334562935789056493e+00,4.615043916568191129e+00,4.311636193378245885e+00,7.024126371355583487e-01,3.838215091301803827e+00
2.698729015817758814e+00,3.684722135217913142e+00,5.659051265517339502e+00,4.908652765521565264e+00,2.351353893233149250e+00,3.632526286283590089e+00
2.389342530649298357e+00,3.517087372025251124e+00,5.020226200946710904e+00,3.678467343427146652e+00,2.897588308561517056e+00,4.421885714455621397e+00
1.412024972371396681e+00,1.255422117622501332e+00,5.043708035564592684e+00,1.394755540415601569e+00,2.775821247082493226e+00,3.851085954893716856e+00
0.000000000000000000e+00,0.000000000000000000e+00,0.000000000000000000e+00,0.000000000000000000e+00,0.000000000000000000e+00,0.000000000000000000e+00
1.893530315187857305e+00,1.012262463847425131e+00,4.880138703874759010e+00,3.382168948099020245e+00,4.384226940874970779e+00,2.429587231228660826e+00
3.139352160100161271e+00,2.191436122123313623e-01,6.419356685381570671e+00,2.322791119699410878e+00,1.658224073124471065e+00,1.371040142450686616e+00
3.186742106396833307e+00,8.629416919800840802e-01,4.219248917543949595e+00,3.012007337995707967e+00,2.495018136659240771e+00,2.825901531121463250e+00
0.000000000000000000e+00,0.000000000000000000e+00,0.000000000000000000e+00,0.000000000000000000e+00,0.000000000000000000e+00,0.000000000000000000e+00
1.173985217556127836e+00,4.987983999058198670e-01,2.542497401660642531e+00,1.706308526409430648e+00,2.110734519597543102e+00,2.775941471135565664e+00
1.459229674487420247e+00,1.889861041166984945e+00,4.590079641762613960e+00,2.412817213238111602e+00,3.416902852951766878e+00,2.851423328197123297e+00
2.951829958660590503e+00,8.887897448262096489e-01,3.189842011202815186e+00,2.873016098445646538e+00,2.337861694178458016e+00,2.936086901131078175e+00
1.420110909402143351e+00,8.855055086127339159e-01,5.804092474889467113e+00,4.276749575489847466e+00,3.039620815092257899e+00,3.025657491364743823e+00
4.928139099098257425e+00,3.833765174542400622e-01,4.121608068417687676e+00,3.020593644488944740e+00,1.508743272160899318e+00,1.955699345410824463e+00
