VR1,VR2,VR3,VR4,VR5,VR6
1.812098639027917013e+00,5.180929052459147144e+00,5.116747836114394765e+00,6.095344948914274141e+00,3.539143988944873254e+00,4.318175821592124208e+00
1.155735059728981051e+00,2.659023799985863246e+00,4.824431653675699039e+00,3.290149562017889995e+00,2.378627214588000527e+00,2.904211356543696887e+00
0.000000000000000000e+00,0.000000000000000000e+00,0.000000000000000000e+00,0.000000000000000000e+00,0.000000000000000000e+00,0.000000000000000000e+00
2.071405944599892468e+00,4.744773878865885308e+00,6.970207162550044799e+00,3.824779710645754172e+00,2.379741670582832924e+00,4.143123589533597162e+00
1.091628966595313610e+00,2.156370370567742611e+00,4.353820152046323777e+00,3.384428071670568805e+00,2.659160889207551115e+00,3.409844907847228601e+00
2.618501983508242148e+00,1.775896961426779885e+00,2.337229184339912891e+00,3.374285446703872982e+00,3.173697255179527943e+00,2.067519291914281077e+00
5.346577097988488347e+00,2.592407568404510254e+00,6.756238047390973556e+00,4.128981532429158108e+00,2.492328461608571466e+00,8.395519777318281029e-01
6.460312131815836523e+00,6.006986735383366138e-01,5.382112048708187046e+00,5.829196463607617673e+00,3.261797889990188715e+00,3.019986635514338325e+00
5.898124164014574511e+00,3.923516483673235022e+00,6.445426840979782135e+00,4.368787102823230128e+00,4.050718980243816603e+00,4.724082646384045070e+00
6.716442047875538890e+00,2.406733965102361150e+00,5.737288381145013716e+00,5.414491672625937113e+00,3.245363006600824107e+00,4.433150179719084427e+00
5.036251155050917916e+00,1.702506800447819879e+00,3.377933677310648086e+00,4.780298294310884266e+00,8.787634519029761115e-01,4.016643729200342960e+00
3.634495176182858778e+00,3.768233070602383883e+00,4.585842868069168077e+00,5.630545845596448551e+00,1.760675989675093644e+00,4.645233867870762090e+00
4.408750188447195129e+00,1.771362642874127147e+00,3.005984881907788786e+00,5.233245917295246130e+00,1.149507025870385668e+00,1.780479188771627364e+00
5.595796325987798525e+00,4.774761982017681206e+00,5.050150557478177760e+00,2.528323973343069575e+00,8.201799217287804034e-01,1.728188720912335441e+00
3.589681296983922465e+00,3.462595431519007505e+00,2.877967007199436544e+00,5.319481039190139704e+00,2.308690652259971721e+00,2.286196895420171238e+00
6.695921147565137233e+00,6.702950549879407305e+00,5.574092748690067545e+00,4.431712324245374646e+00,4.251107920467105394e+00,5.380400134326257522e+00
5.564738771279715834e+00,9.808137236804532755e-01,8.846674864474532995e+00,4.390895960384066044e+00,6.091366695122185426e+00,6.294424963893461289e+00
3.693356564090569005e+00,1.187399982484173444e+00,2.598915757969417761e+00,3.602825584839745243e+00,6.040626703832042921e+00,4.782086753494162679e+00
3.001309547281891810e-01,3.410116533312359088e+00,4.631117010976374182e+00,3.194878695254629974e+00,6.604049125361622252e+00,5.970732586503847195e+00
1.211678290556257309e-01,2.576353142018274145e+00,2.759966747906509532e+00,3.394256455267978367e+00,3.795892163603343583e+00,5.496700540788651779e+00
9.586258614352693996e-02,4.339392228418860853e+00,7.965946418897869918e+00,2.497808362630529633e+00,4.348848084186180962e+00,7.013098711652653527e+00
0.000000000000000000e+00,0.000000000000000000e+00,0.000000000000000000e+00,0.000000000000000000e+00,0.000000000000000000e+00,0.000000000000000000e+00
0.000000000000000000e+00,0.000000000000000000e+00,0.000000000000000000e+00,0.000000000000000000e+00,0.000000000000000000e+00,0.000000000000000000e+00
0.000000000000000000e+00,0.000000000000000000e+00,0.000000000000000000e+00,0.000000000000000000e+00,0.000000000000000000e+00,0.000000000000000000e+00
0.000000000000000000e+00,0.000000000000000000e+00,0.000000000000000000e+00,0.000000000000000000e+00,0.000000000000000000e+00,0.000000000000000000e+00
0.000000000000000000e+00,0.000000000000000000e+00,0.000000000000000000e+00,0.000000000000000000e+00,0.000000000000000000e+00,0.000000000000000000e+00
0.000000000000000000e+00,0.000000000000000000e+00,0.000000000000000000e+00,0.000000000000000000e+00,0.000000000000000000e+00,0.000000000000000000e+00
0.000000000000000000e+00,0.000000000000000000e+00,0.000000000000000000e+00,0.000000000000000000e+00,0.000000000000000000e+00,0.000000000000000000e+00
0.000000000000000000e+00,0.000000000000000000e+00,0.000000000000000000e+00,0.000000000000000000e+00,0.000000000000000000e+00,0.000000000000000000e+00
0.000000000000000000e+00,0.000000000000000000e+00,0.000000000000000000e+00,0.000000000000000000e+00,0.000000000000000000e+00,0.000000000000000000e+00
0.000000000000000000e+00,0.000000000000000000e+00,0.000000000000000000e+00,0.000000000000000000e+00,0.000000000000000000e+00,0.000000000000000000e+00
0.000000000000000000e+00,0.000000000000000000e+00,0.000000000000000000e+00,0.000000000000000000e+00,0.000000000000000000e+00,0.000000000000000000e+00
0.000000000000000000e+00,0.000000000000000000e+00,0.000000000000000000e+00,0.000000000000000000e+00,0.000000000000000000e+00,0.000000000000000000e+00
0.000000000000000000e+00,0.000000000000000000e+00,0.000000000000000000e+00,0.000000000000000000e+00,0.000000000000000000e+00,0.000000000000000000e+00
0.000000000000000000e+00,0.000000000000000000e+00,0.000000000000000000e+00,0.000000000000000000e+00,0.000000000000000000e+00,0.000000000000000000e+00
0.000000000000000000e+00,0.000000000000000000e+00,0.000000000000000000e+00,0.000000000000000000e+00,0.000000000000000000e+00,0.000000000000000000e+00
0.000000000000000000e+00,0.000000000000000000e+00,0.000000000000000000e+00,0.000000000000000000e+00,0.000000000000000000e+00,0.000000000000000000e+00
0.000000000000000000e+00,0.000000000000000000e+00,0.000000000000000000e+00,0.000000000000000000e+00,0.000000000000000000e+00,0.000000000000000000e+00
0.000000000000000000e+00,0.000000000000000000e+00,0.000000000000000000e+00,0.000000000000000000e+00,0.000000000000000000e+00,0.000000000000000000e+00
0.000000000000000000e+00,0.000000000000000000e+00,0.000000000000000000e+00,0.000000000000000000e+00,0.000000000000000000e+00,0.000000000000000000e+00
1.546031165080070657e-01,4.600572522133470343e+00,6.387510523404981377e+00,2.784006653517351104e+00,5.227080978144579504e+00,3.232916073741929353e+00
4.563452632658853148e-01,1.992959623187239515e+00,5.252695697051450452e+00,1.706736210872760395e+00,3.930603958225673100e+00,3.093558443050146600e+00
9.831117299870655302e-01,3.019133659583577600e+00,2.898774394813987243e+00,3.196935148359961509e+00,6.168939021756973951e+00,3.765974692051993866e+00
1.267419468526300719e+00,4.401438695974677628e+00,5.336821799457094784e+00,5.360469710966088819e+00,6.189021036351580740e+00,5.829321117820896347e+00
0.000000000000000000e+00,0.000000000000000000e+00,0.000000000000000000e+00,0.000000000000000000e+00,0.000000000000000000e+00,0.000000000000000000e+00
0.000000000000000000e+00,0.000000000000000000e+00,0.000000000000000000e+00,0.000000000000000000e+00,0.000000000000000000e+00,0.000000000000000000e+00
0.000000000000000000e+00,0.000000000000000000e+00,0.000000000000000000e+00,0.000000000000000000e+00,0.000000000000000000e+00,0.000000000000000000e+00
2.798133943242735455e-01,3.206956591131054690e+00,4.366587784662213423e+00,2.328055534166671325e+00,3.099250821640820774e+00,3.745318108901523058e+00
2.478801223854653735e+00,3.831896792615995029e+00,5.526346619445977382e+00,2.994192201597599023e+00,5.213083297128751958e+00,4.024813416792059506e+00
0.000000000000000000e+00,0.000000000000000000e+00,0.000000000000000000e+00,0.000000000000000000e+00,0.000000000000000000e+00,0.000000000000000000e+00
3.434023021642276241e+00,5.368618124338058628e+00,5.078870444573546195e+00,4.051311146319579670e+00,1.908886822200649869e+00,4.341903612349327979e+00
1.756764636354687603e+00,3.989986731137247666e+00,4.998286158021608472e+00,5.195614636258275354e+00,3.787542380106590834e+00,5.686670570921507739e+00
2.437524858072446676e+00,3.939901704886923817e+00,6.067790735486472187e+00,3.640908489677942228e+00,4.230657016688166294e+00,6.951271601593854044e+00
1.337011386137966884e+00,1.707549186318483736e+00,5.291573213552453581e+00,1.753776407354791900e+00,3.992692654840759303e+00,3.858730985318779005e+00
1.133135474587004365e+00,1.717440763890742517e+00,5.580404068707005116e+00,2.484913147692104474e+00,3.351978263534925784e+00,3.750634716513726374e+00
2.079360795730345490e+00,3.494030652414362503e+00,4.037145977057398305e+00,2.556670296586455393e+00,3.330447444809816471e+00,5.043807351466818467e+00
1.840729865370700491e+00,1.338411811258526152e+00,4.607441115175427981e+00,3.493432255448825963e+00,3.822487816652046622e+00,5.586003435347937085e+00
1.731797085264681346e+00,3.643420877586839079e+00,2.276303365133179213e+00,5.011327917007222688e+00,3.452828942895500575e+00,7.584165721039569874e+00
1.429632603049704631e+00,5.251515667752020278e+00,6.469030826987281380e+00,4.553364677205637534e+00,2.177894844616873993e+00,6.313982687148716799e+00
7.631118941285695012e-01,3.809515706782876876e+00,6.635385292451805306e+00,3.592742945226767404e+00,2.896818643070412147e+00,5.798423883516834465e+00
0.000000000000000000e+00,0.000000000000000000e+00,0.000000000000000000e+00,0.000000000000000000e+00,0.000000000000000000e+00,0.000000000000000000e+00
0.000000000000000000e+00,0.000000000000000000e+00,0.000000000000000000e+00,0.000000000000000000e+00,0.000000000000000000e+00,0.000000000000000000e+00
2.477458450976055992e+00,5.944896056015579688e+00,7.982944559961254072e+00,5.422982665685064596e+00,3.214651938006247267e+00,4.352736275142715883e+00
3.122943919427956683e+00,2.893789444878421158e+00,6.167808651175276324e+00,4.076111450914937429e+00,3.385323640520852884e+00,4.615084297326808915e+00
5.620538339102554737e+00,2.653328597231288555e+00,5.565768452754859652e+00,7.443022067456272595e+00,1.495292709412824106e+00,4.728494904022103817e+00
4.851428261894980665e+00,3.111704170434024697e+00,6.330340572598094795e+00,6.116697108005879180e+00,1.630260605753227843e+00,7.967394718491064509e+00
4.767690271303514749e+00,1.046102191294711048e+00,3.641081357165671939e+00,7.952858672137073981e+00,2.641724946367858706e+00,7.623132945679325090e+00
5.465286391686332124e+00,4.034674402812933991e+00,3.713333415115432246e+00,7.676979842774003693e+00,3.721728528193181340e+00,5.499125135373885698e+00
5.280213893461741748e+00,2.745472021207817193e+00,6.056937117288955008e+00,5.234975568490163766e+00,2.894027390611161543e+00,4.599480426911232378e+00
2.702673570138686365e+00,3.752843010038712457e+00,4.842760675675934046e+00,6.991535964688619487e+00,3.558079855425329896e+00,4.328536743085408922e+00
2.448505062758492112e+00,1.826348207075064511e+00,3.547096793866712616e+00,3.383019752665487712e+00,2.565049440787141144e+00,1.150897706648646324e+00
2.745555958802408103e+00,2.842459622282369480e+00,5.398402953062078069e+00,5.292612054004578681e+00,1.042959020893579503e+00,1.045130388740703964e+00
0.000000000000000000e+00,0.000000000000000000e+00,0.000000000000000000e+00,0.000000000000000000e+00,0.000000000000000000e+00,0.000000000000000000e+00
0.000000000000000000e+00,0.000000000000000000e+00,0.000000000000000000e+00,0.000000000000000000e+00,0.000000000000000000e+00,0.000000000000000000e+00
7.473625205637628000e+00,1.353819385378496110e+00,2.433143351936037924e+00,8.054101814813105165e+00,7.614832446136361455e-01,2.602425908619859563e+00
6.730353926469936354e+00,4.504463114450301120e+00,5.867416177101301145e+00,7.215469108679574362e+00,1.273016397711200565e+00,2.501125912304525301e+00
6.499295216247812590e+00,1.244664870595971085e+00,7.611655533670572460e+00,6.101437847638674583e+00,2.610167054322142910e+00,3.950871886440606495e+00
6.523374390879984830e+00,1.957202054377944478e-01,5.356549166611884516e+00,4.630176148466118136e+00,5.336843659425991149e+00,3.650282403021377853e+00
6.381052210559035487e+00,3.887564060040900493e+00,7.007535348147921894e-01,7.626906440599241499e+00,7.545103835997365671e+00,5.412628237328224401e+00
2.329011825806654112e+00,2.847053939126457323e+00,3.722666800892520111e+00,3.882079948954875181e+00,5.192532368833244760e+00,4.567086616068593230e+00
9.807782637106134960e-01,3.711875099259358102e+00,6.113841599639017410e+00,5.306170652897591822e+00,3.856241356157617872e+00,6.232978399750107812e+00
2.941516486264069030e+00,2.997558958536010287e+00,4.670731182359564748e+00,4.946106169876811620e+00,5.543879776406507531e+00,7.065595592208371301e+00
1.687587152000104673e+00,3.945158728799096348e+00,4.382128278437155799e+00,4.444643667204864812e+00,4.013914188738917588e+00,7.251600995382394110e+00
1.046373140375497002e+00,2.767316828045390587e+00,4.888442112950883711e+00,2.486589319863436565e+00,1.882273023609766227e+00,3.353715897609559349e+00
0.000000000000000000e+00,0.000000000000000000e+00,0.000000000000000000e+00,0.000000000000000000e+00,0.000000000000000000e+00,0.000000000000000000e+00
0.000000000000000000e+00,0.000000000000000000e+00,0.000000000000000000e+00,0.000000000000000000e+00,0.000000000000000000e+00,0.000000000000000000e+00
2.774936482532870397e+00,3.478203259472843367e+00,4.404655118327876373e+00,3.170709821661680916e+00,4.928710022198432128e+00,1.198705849964941450e+00
2.346085089409515767e+00,2.085504993315717481e+00,8.294238101660020845e+00,4.205347882351989419e+00,4.560653356952707682e+00,2.853748275731286199e+00
1.259153911615056742e+00,1.819363470610002365e+00,2.675632077088303085e+00,2.363071373251535157e+00,4.392545573696732042e+00,3.808844851797767550e+00
1.818324818780602925e+00,3.088098440650794085e+00,5.675163704510712392e+00,3.547468952413019849e+00,3.873497892496505113e+00,3.124998329641534234e+00
2.984610717977097316e+00,3.224734390429773168e+00,5.276191570700246913e+00,3.521597251838164411e+00,3.089717319930449513e+00,5.166668880096444205e+00
1.505391487569298414e+00,9.143226594428228715e-01,3.038379130930318972e+00,3.257398993045755198e+00,1.708386816867644820e+00,3.820243458847155882e+00
3.212577464143437922e+00,3.908696217274396645e+00,4.162632228939939338e+00,5.174663027197526688e+00,4.251935467863576790e+00,2.445469563760405585e+00
3.262492732518174510e+00,3.104836888840081688e+00,6.291099085784094491e+00,4.943004715036360075e+00,3.678634426926673306e+00,3.592991271411022147e+00
2.035322607316880195e+00,3.074126744832569091e+00,4.630426796896056629e+00,2.613744997520022206e+00,5.097590682758846192e+00,2.592640527607405154e+00
1.013502538088974392e+00,9.266837685478122033e-01,4.492684874801359918e+00,1.925046078737616906e+00,1.447683016348175311e+00,1.722212153843629245e+00
1.823678142803200064e+00,4.515341964001078345e+00,1.537977327979885622e+00,2.568023372743956756e+00,2.414845091677835232e+00,9.973220872144992200e-01
5.211934870439218770e+00,5.454922245600058339e+00,6.357153461561008356e+00,5.373346562975987339e+00,2.769604210523968657e+00,4.726347011547941790e+00
1.892460751986853040e+00,2.179829631114924560e+00,4.567771679668377161e+00,3.594822525196617935e+00,2.146383516821621207e+00,3.166228416409452961e+00
4.478280997016520715e+00,6.749936676479510567e+00,6.059570505161882004e+00,5.643447529661862916e+00,4.569437712620587178e+00,5.459994915072139854e+00
3.988058839661517752e+00,3.202960534251610980e+00,6.308555003448833354e+00,4.746643946490950228e+00,3.769377037154692633e+00,5.822411931975684851e+00
2.637749378314880211e+00,2.178657251994088551e+00,4.410633533210306823e+00,4.203818050474199985e+00,5.348514275026508002e+00,5.141246682238529431e+00
8.471667398885291966e-01,4.597554446106768999e+00,4.825114750532424779e+00,5.594597213904892286e+00,3.638401993822210745e+00,5.386732657089400078e+00
5.592775820115072349e-01,3.839656095838165584e+00,5.710370345554049543e+00,4.656892155912180087e+00,3.653609067720174686e+00,4.529086440318113027e+00
8.324513694988733281e-01,2.785322484036245605e+00,5.870461030020960536e+00,2.899842611437639661e+00,3.701109381172911661e+00,3.631837954927754630e+00
1.037663928573008043e+00,3.096628560366212479e+00,5.760269348487825347e+00,3.161691402109152449e+00,1.670457117079772846e+00,4.656137458776777649e+00
1.782055241958540925e+00,1.188948084570782271e+00,3.385868082857782291e+00,2.134596625473327514e+00,9.888147431054794545e-01,3.996269079472819286e+00
0.000000000000000000e+00,0.000000000000000000e+00,0.000000000000000000e+00,0.000000000000000000e+00,0.000000000000000000e+00,0.000000000000000000e+00
0.000000000000000000e+00,0.000000000000000000e+00,0.000000000000000000e+00,0.000000000000000000e+00,0.000000000000000000e+00,0.000000000000000000e+00
7.198925088836776176e-01,2.984600854924459590e+00,4.442119616277484084e+00,1.525420898209126630e+00,3.558930728866472215e+00,3.138926731314694685e+00
3.061948717694220612e+00,5.091170364101344603e+00,6.380374713497593220e+00,3.584986894576016603e+00,3.143678503386975187e+00,4.726663223756779608e+00
2.629351776937240093e+00,2.924192361396884543e+00,5.053426811205760316e+00,4.662066578687902307e+00,4.141729964265062236e+00,5.252298148252406484e+00
1.528178094501020823e+00,2.848504029811456117e+00,5.147618236764724742e+00,3.205166106936188086e+00,5.821336024486706506e+00,4.343123373952949784e+00
0.000000000000000000e+00,0.000000000000000000e+00,0.000000000000000000e+00,0.000000000000000000e+00,0.000000000000000000e+00,0.000000000000000000e+00
0.000000000000000000e+00,0.000000000000000000e+00,0.000000000000000000e+00,0.000000000000000000e+00,0.000000000000000000e+00,0.000000000000000000e+00
0.000000000000000000e+00,0.000000000000000000e+00,0.000000000000000000e+00,0.000000000000000000e+00,0.000000000000000000e+00,0.000000000000000000e+00
0.000000000000000000e+00,0.000000000000000000e+00,0.000000000000000000e+00,0.000000000000000000e+00,0.000000000000000000e+00,0.000000000000000000e+00
3.834688792263336587e-01,3.625459916791397674e+00,2.954036849842686774e+00,3.649348118802214991e+00,3.522970494142454889e+00,2.747980637201817622e+00
3.192444097915940304e+00,5.685044078440114390e+00,9.117291147702779597e+00,4.428242591546634799e+00,4.740422061619645078e+00,5.738554604272720461e+00
4.202027219385841228e+00,1.345018935319363340e+00,1.004793517019829885e+01,3.896171636167949259e+00,5.694588736948114516e+00,5.124035730506609987e+00
3.808102299834023263e+00,3.784790859632718885e+00,3.801147677192916685e+00,3.920080280161096109e+00,2.907509311651604200e+00,4.185341676052991566e+00
2.015616093969189837e+00,3.958530030623377272e+00,2.562790346373748918e+00,3.753654370331558354e+00,2.013651723144487704e+00,2.981821931797187464e+00
2.302381045045250652e+00,3.136478667960650224e+00,7.537203485142399018e+00,2.815653910999329490e+00,1.345153489218734011e+00,4.081485556657969305e+00
0.000000000000000000e+00,0.000000000000000000e+00,0.000000000000000000e+00,0.000000000000000000e+00,0.000000000000000000e+00,0.000000000000000000e+00
4.410783709959226861e+00,3.154939470425564885e+00,4.137975658285191649e+00,3.425327809566474979e+00,2.999650639109301409e-01,1.765729041780905284e+00
5.955664981156701288e+00,2.927096293195715848e+00,1.594022940317894488e+00,4.410479068893040200e+00,2.142540396945271652e+00,3.502044065402617701e+00
5.260079340754090893e+00,4.468561566078227187e+00,4.322089317933973440e+00,6.957015678776041767e+00,1.819191223290311132e+00,1.980003318471560636e+00
4.558197893785678190e+00,2.838406604891138052e+00,5.101123436486679985e+00,5.511634277922152769e+00,1.510439616707864197e+00,1.331075012879293418e+00
6.324297122913183244e+00,2.888460633965678870e+00,3.478677838979954640e+00,6.421243459331011039e+00,4.652245209377118940e+00,1.926713570587192059e+00
5.794839310212648087e+00,3.840651871670774042e+00,5.714580813963938688e+00,4.761164643562494803e+00,5.019635279945214634e+00,2.696526996900092676e+00
3.466050425605302632e+00,5.779709641099186612e-01,5.668184182153911621e+00,9.175436625594901585e-01,5.182987772682063010e+00,3.416963632594333777e+00
4.687487187107606701e+00,7.259509216919525443e+00,2.564219511945230678e+00,6.557885993022878779e+00,4.661441970134355017e+00,6.074748832800759502e+00
4.351899110694282591e+00,3.202744964864626009e+00,8.809464066449891106e+00,6.574058740368005083e+00,3.779152997114318957e+00,6.459947872311404993e+00
3.393724408121782332e+00,4.579598081577569424e-01,3.195259909414659649e+00,3.593991221025206073e+00,5.342473254007094496e+00,7.551342983286805755e+00
3.602497638630475230e+00,2.225255544943256503e+00,5.628015578936345520e+00,5.725204348506304441e+00,5.191879656942225196e+00,6.323719415303687086e+00
3.280533374584244211e+00,4.716641830444882721e+00,3.157366723262409192e+00,4.235666254220591398e+00,5.276441834929698871e+00,7.264524781082481120e+00
3.283347006604047102e-01,3.650672446604890542e+00,8.670478306122490153e+00,3.803550794210324604e+00,4.373659986474840444e+00,5.094702071813880906e+00
0.000000000000000000e+00,0.000000000000000000e+00,0.000000000000000000e+00,0.000000000000000000e+00,0.000000000000000000e+00,0.000000000000000000e+00
0.000000000000000000e+00,0.000000000000000000e+00,0.000000000000000000e+00,0.000000000000000000e+00,0.000000000000000000e+00,0.000000000000000000e+00
2.823139787079657737e+00,6.340687931609030770e+00,4.649189200414981293e+00,5.001569813461294700e+00,2.686321552021861958e+00,1.974075885334400926e+00
3.495081363193099921e+00,2.220269061203952177e+00,6.088897329671791425e+00,4.200545438358910033e+00,2.186835665447226074e+00,2.980229774870464254e-01
4.014088649161974054e+00,1.383687463624513114e+00,6.555163019671979896e+00,6.359108414616066796e+00,2.304109986760426221e+00,3.303067077339446822e+00
3.627181574501604278e+00,3.413736564295075215e+00,3.084816320596322381e+00,3.741953218035369400e+00,2.998056547315200326e+00,2.366221543177045028e+00
3.870386344372684029e+00,4.345186648868557100e+00,6.096380615763788313e+00,3.102772067727807670e+00,3.855000837567341243e+00,5.131744697609136985e+00
3.982740169629387150e+00,4.366793165744923044e+00,5.821689248875292044e+00,5.200176310831199800e+00,3.939248340511787738e+00,5.239457421490076428e+00
4.896796560820201982e+00,2.902565097764728819e+00,5.628656989107096109e+00,4.494343627884302528e+00,4.301081403717665452e+00,5.235873955809713820e+00
2.687635048075389221e+00,1.542850369997133431e+00,4.170180027779314180e+00,1.869102312883738293e+00,5.026965652978462096e+00,3.684636120931742198e+00
3.457800473156070531e+00,4.519868584515011278e+00,7.794342233683693166e+00,4.020988744341935650e+00,4.292089920559194027e+00,7.055769758748942522e+00
3.180372968781933096e+00,3.250279283910898265e+00,6.214120395624545878e+00,3.119385082162168032e+00,2.866840832953797324e+00,5.675484824578624909e+00
4.417981772722354705e+00,3.984441085847442388e+00,2.643903312700203401e+00,6.009180348173302377e+00,3.753959353173512259e+00,2.620408229130945621e+00
