VR1,VR2,VR3,VR4,VR5,VR6
3.607722413108124027e+00,2.904558899287622786e+00,4.583575619247430843e+00,4.557765078470112030e+00,4.494644678900733048e+00,3.810341206890015986e+00
3.466508694263502388e+00,4.875921142150343890e+00,3.981554438875696267e+00,3.435490770183134757e+00,1.408031121585451517e+00,3.604625846483181739e+00
3.469946170694049314e+00,7.112924950378468836e+00,4.034920407340505832e+00,4.925803439816426987e+00,3.841339421448174640e+00,4.865306392115167355e+00
2.451174513546983125e+00,7.024800057834145406e+00,7.394739873786793538e+00,4.529678303679535389e+00,4.811207377462262791e+00,6.243694351783016572e+00
3.687493250594263028e+00,5.308470571077497979e+00,6.888550417354440292e+00,5.441901805492690869e+00,3.704240691107314021e+00,4.862728821047277883e+00
3.775395698790942056e+00,4.823804796754647128e+00,7.441856777179557625e+00,3.427026101012560222e+00,3.067260113961512324e+00,4.705834114419612746e+00
5.341603618811003429e+00,4.813810493298067428e+00,5.163567254018596842e+00,3.916949829484724255e+00,3.664893832571261001e+00,4.128030544384884593e+00
6.182138498178174402e+00,5.813912809375505475e+00,5.176339933187896314e+00,2.826457855329025382e+00,2.443409625522625639e+00,5.127972076235588261e+00
4.867462624072903310e+00,3.053118186370961773e+00,6.654808673946319253e+00,3.260432729124147944e+00,3.298871303223286588e+00,2.562031779260976361e+00
3.416187956629379574e+00,3.510718925257507728e+00,6.251148759076965433e+00,4.371792349411736112e+00,1.581949484826419949e+00,4.776477788075195186e+00
4.941566764270909573e+00,5.172644910451499989e+00,4.998543936228059259e+00,2.786849245113759643e+00,3.636412773363975504e+00,4.776656095337051156e+00
7.044447712851304999e+00,6.168456861273872605e+00,3.626333666677147960e+00,2.981924633354300802e+00,4.061404488946394942e+00,3.499458724629243900e+00
4.638722404229034701e+00,3.317420703740227683e+00,5.396875078616601762e+00,1.999930994299984111e+00,4.235810006863429678e+00,4.820251457853944821e+00
3.265821943875078404e+00,3.595086265985539598e+00,4.773589680200592156e+00,5.386976220950899119e+00,3.341668067503579476e+00,3.430232222766041783e+00
1.536455354014452768e+00,4.969415101309159866e+00,6.944069773458837247e+00,6.470912134930026482e+00,5.123814291685404143e+00,5.300350876195441430e+00
9.018107298680195782e-01,4.193482503520188587e+00,5.021996531123619434e+00,6.209136070354261072e+00,2.282780362542208508e+00,3.003987227094198520e+00
0.000000000000000000e+00,0.000000000000000000e+00,0.000000000000000000e+00,0.000000000000000000e+00,0.000000000000000000e+00,0.000000000000000000e+00
9.466749636220841424e-01,1.994942490073353447e+00,4.547421713390187747e+00,7.343818386781320484e+00,5.726142472587643972e+00,3.319521017472910174e+00
0.000000000000000000e+00,0.000000000000000000e+00,0.000000000000000000e+00,0.000000000000000000e+00,0.000000000000000000e+00,0.000000000000000000e+00
0.000000000000000000e+00,0.000000000000000000e+00,0.000000000000000000e+00,0.000000000000000000e+00,0.000000000000000000e+00,0.000000000000000000e+00
0.000000000000000000e+00,0.000000000000000000e+00,0.000000000000000000e+00,0.000000000000000000e+00,0.000000000000000000e+00,0.000000000000000000e+00
2.493482950347074123e+00,1.150739730425045515e-01,4.919274810870400749e+00,2.462240624723573301e+00,2.068280899890929447e+00,7.120637261673936180e+00
3.807189585313019542e+00,3.428900596345140439e+00,4.977180348455767067e+00,5.031869427561613151e+00,5.095249979852475519e+00,5.242680305723203205e+00
5.122254164614619576e+00,4.033204196658335405e+00,6.118539981450885179e+00,4.291768242880292128e+00,2.959150457398478817e+00,6.816636911869476734e+00
3.617639925723778571e+00,3.498730042815662244e+00,7.333299592443970560e+00,4.989473067010463225e+00,3.531785663206191472e+00,3.483064941939162829e+00
1.841079142189468332e+00,3.983056810576503182e+00,7.675203250252092602e+00,4.292583753988819417e+00,4.958439784862975763e+00,5.397519077906305363e+00
1.785373427667473090e+00,3.149470340190132944e+00,8.568747510426685920e+00,5.880687228728016080e+00,5.297116049836883889e+00,4.783346422036165890e+00
1.401476485778742065e+00,7.646733066173143634e-01,7.471174908620494826e+00,5.898445526403449435e+00,1.597120722976836271e+00,3.779756464765910984e+00
2.762629136603881541e+00,1.939634977977334085e+00,7.328491991745426759e+00,4.808866417525766934e+00,2.254664977350258948e+00,5.276497487361156757e+00
3.685954091166099733e+00,3.696469492923947442e+00,6.292246889176467128e+00,5.815799017671857030e+00,3.389316036266237564e+00,4.075085679490616286e+00
1.802555280658684644e+00,3.556451220054769102e+00,4.554072507049269802e+00,4.175510868357141803e+00,3.180401964158903194e+00,4.155913070777318197e+00
1.865637564067134102e+00,3.347062773970411076e+00,3.364616013283120211e+00,4.103976603861752892e+00,2.541794091346222473e+00,4.637883694204106177e+00
2.776926181784726388e+00,5.311963771260781897e+00,3.155607789676443176e+00,5.180147699664626515e+00,5.072309471797032288e+00,5.055859989578744162e+00
2.247328121410051338e+00,1.962913717695428550e+00,4.122515315459553520e+00,3.348628569399801247e+00,2.310915055995566014e+00,5.027442514466989643e+00
4.626354186731772344e+00,3.056483006346755626e+00,2.000436876202329906e+00,2.056258351216366798e-01,1.778218728219510769e+00,4.538637257032503314e+00
4.251786165674074525e+00,3.741821689512133453e+00,4.641700949456539327e+00,3.233727821655651979e+00,1.120169709831731808e+00,1.611614660566490276e+00
3.115994753205044709e+00,4.669110737954653700e+00,3.489649225806470856e+00,3.567516304284163997e+00,4.840717143280704349e+00,2.742330730858246746e+00
2.822869852090827081e+00,3.887673845093318370e+00,6.120871333607214027e+00,3.313573627774348385e+00,1.861013842493998371e+00,2.665079329966297372e+00
2.992330157729838902e+00,3.272592231751885627e+00,1.713305205070262627e+00,4.248608461100402245e+00,4.065090100735267775e+00,4.403568737193878313e+00
4.918068040240806127e+00,6.882608880442068866e+00,6.238360519461506826e+00,1.101229111161488028e+00,3.805316075361189654e+00,4.776422571032675535e+00
3.952213537448031833e+00,3.396724611610121514e+00,3.548732326031384776e+00,6.250170131566766152e+00,3.348894625639218248e+00,4.102762518029827277e+00
4.123390206662598700e+00,2.753595731091679433e+00,3.311331678628486319e+00,1.835406870746249197e+00,1.926939905182567303e+00,6.975564910192591839e+00
3.994161553308980483e+00,4.873782339746387748e+00,2.873246593407453808e+00,2.601895754672096661e+00,8.808673938193498643e-01,7.408886335890962016e+00
6.124044064680150612e+00,6.995476179089781255e+00,1.492771625653185552e+00,2.657536923885825964e+00,1.141508050150417564e+00,4.267949645215449728e+00
5.262244673947451545e+00,8.703961356787891290e+00,3.888290502476519528e+00,3.296387812498973169e+00,7.307700609919520751e-01,3.186149409461746629e+00
2.935179329688343053e+00,6.911948560929571883e+00,5.441234894594908056e+00,4.596940083196813021e+00,5.350260742384304713e+00,3.903473340415035686e+00
1.484604968903800781e+00,4.689992484886621682e+00,6.394713080042004449e+00,5.183065434660949045e+00,4.403108980019988294e+00,4.266534695144958533e+00
1.289694694381188000e+00,2.433402865663711001e+00,2.816473917933969506e+00,1.634523294748947642e+00,8.685217727817406974e-01,4.312496152440641772e+00
3.253435075961172096e+00,1.639054104271223444e+00,3.901544919332232020e+00,2.473199082887260758e+00,1.719284259506522528e+00,2.999720029372920038e+00
2.782657515715214025e+00,2.449974427094037122e+00,4.317321062722060176e+00,4.140164030743737733e+00,4.069054338640029300e+00,3.005014521892915180e+00
1.671667892742642714e+00,1.468943333712284804e-01,5.456999328599513532e+00,3.904743580693518901e+00,4.530158688044221726e+00,2.670659176717677497e+00
1.521871789140177844e+00,2.373696640550126524e+00,4.389457490868676537e+00,2.245532459301960770e+00,3.819484606977369801e+00,4.233500517819097198e+00
2.238570101420512160e+00,4.128201722459304612e+00,4.189472531638434027e+00,3.521340414753865389e+00,2.924451356774626642e+00,4.376987971569687552e+00
8.519717855612416457e-01,4.653580798463565316e+00,4.806849422387411863e+00,5.910341826853552583e+00,2.982644604190731741e+00,4.731356199580467603e+00
2.480590682559491000e+00,5.794423409821988891e+00,4.817407477582813513e+00,2.393342843070441539e+00,3.220936044589997937e+00,5.766346950003815586e+00
2.254701098676167526e+00,4.270831642674339790e+00,6.169771997533580965e+00,3.041731938432799431e+00,3.826674306521637092e+00,4.249861724159676335e+00
1.481992399022403095e+00,2.766067850465560696e+00,6.747517095842134438e+00,3.458824027787905209e+00,2.788511094874170926e+00,4.053544375008361733e+00
1.582934325290254129e+00,1.389735096532024095e+00,8.653825866997973293e+00,4.541361095771899059e+00,3.862035467063818395e+00,5.318841392595988538e+00
2.471090616913552918e+00,1.724362168508137172e+00,7.358886358155390717e+00,4.401276125932529482e+00,4.656317604014833300e+00,4.577884087810411451e+00
2.853086666996287768e+00,1.573018968944787765e+00,5.788596051477211901e+00,3.129869690403209948e+00,3.456951447004011690e+00,3.583136156174176357e+00
4.015126126364484627e+00,3.894965628370123500e+00,5.332068106470212676e+00,5.572653577725558804e+00,2.493780359822987069e+00,4.090573184808529383e+00
5.477598968820340808e-01,1.956991279307922049e+00,7.169564815120017975e+00,5.218895345375668349e+00,3.892456515663182515e+00,2.772116370269612773e+00
0.000000000000000000e+00,0.000000000000000000e+00,0.000000000000000000e+00,0.000000000000000000e+00,0.000000000000000000e+00,0.000000000000000000e+00
0.000000000000000000e+00,0.000000000000000000e+00,0.000000000000000000e+00,0.000000000000000000e+00,0.000000000000000000e+00,0.000000000000000000e+00
0.000000000000000000e+00,0.000000000000000000e+00,0.000000000000000000e+00,0.000000000000000000e+00,0.000000000000000000e+00,0.000000000000000000e+00
0.000000000000000000e+00,0.000000000000000000e+00,0.000000000000000000e+00,0.000000000000000000e+00,0.000000000000000000e+00,0.000000000000000000e+00
0.000000000000000000e+00,0.000000000000000000e+00,0.000000000000000000e+00,0.000000000000000000e+00,0.000000000000000000e+00,0.000000000000000000e+00
0.000000000000000000e+00,0.000000000000000000e+00,0.000000000000000000e+00,0.000000000000000000e+00,0.000000000000000000e+00,0.000000000000000000e+00
0.000000000000000000e+00,0.000000000000000000e+00,0.000000000000000000e+00,0.000000000000000000e+00,0.000000000000000000e+00,0.000000000000000000e+00
0.000000000000000000e+00,0.000000000000000000e+00,0.000000000000000000e+00,0.000000000000000000e+00,0.000000000000000000e+00,0.000000000000000000e+00
0.000000000000000000e+00,0.000000000000000000e+00,0.000000000000000000e+00,0.000000000000000000e+00,0.000000000000000000e+00,0.000000000000000000e+00
0.000000000000000000e+00,0.000000000000000000e+00,0.000000000000000000e+00,0.000000000000000000e+00,0.000000000000000000e+00,0.000000000000000000e+00
0.000000000000000000e+00,0.000000000000000000e+00,0.000000000000000000e+00,0.000000000000000000e+00,0.000000000000000000e+00,0.000000000000000000e+00
0.000000000000000000e+00,0.000000000000000000e+00,0.000000000000000000e+00,0.000000000000000000e+00,0.000000000000000000e+00,0.000000000000000000e+00
0.000000000000000000e+00,0.000000000000000000e+00,0.000000000000000000e+00,0.000000000000000000e+00,0.000000000000000000e+00,0.000000000000000000e+00
0.000000000000000000e+00,0.000000000000000000e+00,0.000000000000000000e+00,0.000000000000000000e+00,0.000000000000000000e+00,0.000000000000000000e+00
0.000000000000000000e+00,0.000000000000000000e+00,0.000000000000000000e+00,0.000000000000000000e+00,0.000000000000000000e+00,0.000000000000000000e+00
2.344453242946554994e+00,1.739207268854490396e+00,4.056241610866295311e+00,4.376811001691557124e+00,1.886600240913756998e+00,4.113013842901989570e+00
2.750524108753753971e+00,8.373376837616763879e-01,3.963207709960721026e+00,4.034781682728911356e+00,2.044638121153765642e+00,3.589331582802271825e+00
0.000000000000000000e+00,0.000000000000000000e+00,0.000000000000000000e+00,0.000000000000000000e+00,0.000000000000000000e+00,0.000000000000000000e+00
1.619032725080208568e+00,3.384622233430918392e-01,3.577639089772279846e+00,1.778711419729257504e+00,2.869708000217995103e+00,3.753839105656409103e+00
1.802462602667075142e+00,9.301674922876599361e-01,3.918991903884079253e+00,3.282715229680908120e+00,2.770627804468092759e+00,4.461574467231897323e+00
2.668745314264526769e+00,2.944960490585841750e+00,2.114417877384707989e+00,3.847620328536025536e+00,2.662744554959729282e+00,3.667827448005264834e+00
2.015189790695161243e+00,4.743113650033087936e+00,3.782171446912676593e+00,3.568067638311823941e+00,3.095722011595462231e+00,6.982494749210657936e+00
5.167621436876261853e+00,7.817286749870234530e+00,2.044740597157733486e+00,4.237496825376020126e+00,2.031455380896064700e+00,3.687269900170421000e+00
3.331634394377614328e+00,6.114217513453686692e+00,3.739313988450608583e+00,3.237654630024810132e+00,4.251811875537494956e+00,4.316272411391373964e+00
3.223794155379520632e+00,4.346612254302582912e+00,4.450743798631779491e+00,3.363134300205339766e+00,1.837056801481513180e+00,4.456149876981113422e+00
5.496002062393394283e+00,7.130812830076672881e+00,5.014264623592978865e+00,4.028147186416124903e+00,4.012826590873245003e+00,1.985006278373004029e+00
4.256861650399604180e+00,5.017053382645274340e+00,5.496553381161321639e+00,3.803662367350162388e+00,5.169193083919350507e+00,3.964314611231409824e+00
1.116659958320816326e+00,2.670050001871283385e+00,5.380873013494897883e+00,2.138963800668387094e+00,1.767993699669012431e+00,5.948541326629037229e+00
3.569199517414161971e+00,3.761126999875537447e+00,8.099937065798856750e+00,2.861281326261152724e+00,2.700098326839068363e+00,2.542012289679175030e+00
9.715677320148046192e-01,3.040145624851408712e+00,8.718120940163997190e+00,6.178911339544210790e+00,5.062358653737383918e+00,5.931331898028637362e+00
2.197959928294216159e+00,1.598893690421705926e+00,6.687004965018521929e+00,4.743862872747088844e+00,1.712646756308901619e+00,5.815152990956816481e+00
3.419936212177499879e+00,3.958209574897148642e+00,5.548870666671891883e+00,6.287862016460385561e+00,2.958372302706941959e+00,6.378277996785938875e+00
2.504525821153582132e+00,1.356271895286359053e+00,6.075777328050351755e+00,4.646411973018146568e+00,2.245946872066916900e+00,7.665161509434462950e+00
4.293975724348836565e+00,3.072290864580158765e+00,5.368019441863845387e+00,4.718548592064423453e+00,2.859934654734986204e+00,4.320861964920657883e+00
4.304481144533028214e+00,3.907374032915575945e+00,5.835788157096212458e+00,3.310430208410796382e+00,2.875793142686804860e+00,4.791006910434877142e+00
3.387026978865448790e+00,4.702967029761643047e+00,6.291895356800482730e+00,4.883968411606831594e+00,4.017651632961671382e+00,7.202543006112367863e+00
4.688173788347576476e+00,7.027233446000797912e+00,3.501929445592141477e+00,4.903926801570115401e+00,4.230395566015017650e+00,5.383842272004164542e+00
3.967039716709189534e+00,7.454118671834057963e+00,4.507593898864161730e+00,3.051057498835266557e+00,2.256165838915157540e+00,3.830643055526746110e+00
2.093697006455750298e+00,4.075704372424318045e+00,4.639426231214232033e+00,3.157895540120632560e+00,3.634989067903745763e+00,2.258215864926300664e+00
0.000000000000000000e+00,0.000000000000000000e+00,0.000000000000000000e+00,0.000000000000000000e+00,0.000000000000000000e+00,0.000000000000000000e+00
2.026693987262614183e+00,1.499466131093174948e+00,4.415546859777384370e+00,3.194955104181183447e+00,1.045954737350426544e+00,7.136293294929908271e+00
3.049929042136521495e+00,3.400245011354984914e+00,6.113563016678180695e+00,3.955428445551019134e+00,1.074387153658165950e+00,2.035204777596359982e+00
0.000000000000000000e+00,0.000000000000000000e+00,0.000000000000000000e+00,0.000000000000000000e+00,0.000000000000000000e+00,0.000000000000000000e+00
0.000000000000000000e+00,0.000000000000000000e+00,0.000000000000000000e+00,0.000000000000000000e+00,0.000000000000000000e+00,0.000000000000000000e+00
2.574468185255589070e+00,2.421336460054599460e+00,4.947125915597251122e+00,2.321241111802023749e+00,1.635899858027451970e-01,3.612698393795658713e+00
7.798642257787962162e-01,2.815032206173072371e+00,5.144750704541042552e+00,5.408606907404371000e+00,3.475043574631883292e+00,3.757012426952115014e+00
1.693880428555817552e+00,1.926127855048487270e-01,3.396802070020377151e+00,4.392001645512198849e+00,2.142038836192341034e+00,5.111799972379073687e+00
2.680365644291362148e+00,8.403423062013319900e-01,4.034965596641860053e+00,2.090927708678756325e+00,2.263874300149923524e+00,3.623080699860475207e+00
4.293522498443790525e+00,3.229929454952426227e+00,2.275327203831213119e+00,1.766541839222200760e+00,2.879059179423716586e+00,5.885602470612486314e+00
5.591698481485268601e+00,4.281178377111985789e+00,1.556399542933553981e+00,2.912231327661940483e+00,2.675527417467109093e+00,5.525650603615727796e+00
3.738441767250107794e+00,4.802956539977284223e+00,5.256630608583813924e+00,1.230065399160104711e+00,1.762244453098991803e+00,3.896871609109622270e+00
3.117167906924768417e+00,5.508828174547920398e+00,3.845303723845541199e+00,3.462485061315775603e+00,2.692388315610475313e+00,5.961186678974746300e+00
2.683235885582388569e+00,4.521719966836452720e+00,5.640255301974278268e+00,3.486295009500508968e+00,2.746567805237086546e+00,3.501750621600031366e+00
2.536888253332762133e+00,5.137434646707603747e+00,4.532531422852138725e+00,3.748398692760856576e+00,2.855504426129271245e+00,4.268005829574213372e+00
4.208737928845803999e+00,6.104988277617369619e+00,3.246005474884298359e+00,3.703894068116425409e+00,5.641345047615533126e+00,5.733840159394638647e+00
6.116728079035171461e+00,6.356776520745127002e+00,3.912774170392544271e+00,9.090853650686452347e-01,2.712943066884764942e+00,4.059468489899659360e+00
4.311376246886085895e+00,5.850569654397194341e+00,5.899141180078727231e+00,4.962005822257611776e+00,2.218217675938984002e+00,2.240586331113750607e+00
9.947591958402464130e-01,6.396543487347701173e+00,7.949660132665979262e+00,4.953108223699581814e+00,3.705980686684966052e+00,4.085563048703424016e+00
9.033300897960225839e-01,2.106895141972456642e+00,8.156479345531005620e+00,3.852801640469738054e+00,3.779820102856012554e+00,2.003479934545830510e+00
1.133162811491821076e+00,1.761132816081180774e+00,8.953043017086031341e+00,4.377279060514837283e+00,3.752894049766990925e+00,2.827176642430379694e+00
0.000000000000000000e+00,0.000000000000000000e+00,0.000000000000000000e+00,0.000000000000000000e+00,0.000000000000000000e+00,0.000000000000000000e+00
1.870937222757899754e+00,3.661674796324789316e+00,7.476538545794163326e+00,4.217553203786924776e+00,4.558494825436726572e+00,4.911606192492110168e+00
1.772301969022286761e+00,2.826806924232736051e+00,5.843184616999980818e+00,4.693001288716557085e+00,3.646716166872305820e+00,4.898825893004966403e+00
1.359141731005024445e+00,2.119135349345598662e+00,5.597567913142404983e+00,5.244362633375968308e+00,4.342114960834713600e+00,3.541157257156507754e+00
2.188603266569765005e+00,2.865444087157784647e+00,6.094051881836598739e+00,4.554161744545419666e+00,3.489644647645164799e+00,3.946799606972530405e+00
6.516953813082186908e-01,2.116586571668408467e+00,5.554558191064511874e+00,4.598356270993082973e+00,3.486328997279513064e+00,3.554688508732887886e+00
0.000000000000000000e+00,0.000000000000000000e+00,0.000000000000000000e+00,0.000000000000000000e+00,0.000000000000000000e+00,0.000000000000000000e+00
2.434165982588317068e+00,1.386505501432296228e+00,4.122117961781126994e+00,4.478570704097446509e+00,1.321900146401007170e+00,4.417030316981374050e+00
2.214975529147581224e+00,2.199105601730000359e+00,1.915758016349340842e+00,4.894971939288327079e+00,4.273154873921471086e+00,3.451293528127013399e+00
3.433486694741548106e+00,4.437083512590615619e+00,4.461600113984040661e+00,4.005339717725391324e+00,3.816566082015339312e+00,3.267241962861278992e+00
3.963501581948798425e-01,1.523223332435966970e+00,6.623453152380312403e+00,5.640572274820759624e+00,5.643888473655723104e+00,2.839823658796245098e+00
0.000000000000000000e+00,0.000000000000000000e+00,0.000000000000000000e+00,0.000000000000000000e+00,0.000000000000000000e+00,0.000000000000000000e+00
1.895287998013400532e+00,2.591904061539160420e+00,8.487620899753734349e+00,5.577756078779714244e+00,2.813692339055071212e+00,3.739857918728548114e+00
3.038302770008620257e+00,5.038103153135439882e+00,7.989591019169625774e+00,6.982099512309707379e+00,3.098021210340895060e+00,3.123197603849981352e+00
0.000000000000000000e+00,0.000000000000000000e+00,0.000000000000000000e+00,0.000000000000000000e+00,0.000000000000000000e+00,0.000000000000000000e+00
0.000000000000000000e+00,0.000000000000000000e+00,0.000000000000000000e+00,0.000000000000000000e+00,0.000000000000000000e+00,0.000000000000000000e+00
0.000000000000000000e+00,0.000000000000000000e+00,0.000000000000000000e+00,0.000000000000000000e+00,0.000000000000000000e+00,0.000000000000000000e+00
0.000000000000000000e+00,0.000000000000000000e+00,0.000000000000000000e+00,0.000000000000000000e+00,0.000000000000000000e+00,0.000000000000000000e+00
0.000000000000000000e+00,0.000000000000000000e+00,0.000000000000000000e+00,0.000000000000000000e+00,0.000000000000000000e+00,0.000000000000000000e+00
3.952025636578682111e-01,5.636724451317767226e-01,6.791569790311505095e+00,4.763253049989224941e+00,2.102034849938211103e+00,4.042910992249121094e+00
1.115838771699365406e+00,2.497786309486632828e+00,5.352810971382884198e+00,4.571960415367381181e+00,4.794825245024805227e+00,1.833684540771576721e+00
0.000000000000000000e+00,0.000000000000000000e+00,0.000000000000000000e+00,0.000000000000000000e+00,0.000000000000000000e+00,0.000000000000000000e+00
0.000000000000000000e+00,0.000000000000000000e+00,0.000000000000000000e+00,0.000000000000000000e+00,0.000000000000000000e+00,0.000000000000000000e+00
1.895633547216529546e+00,1.923343681846375830e+00,4.375661773906989183e-01,3.247649097639627946e+00,3.983042957253018379e+00,3.148065512055557846e+00
7.855053911454992210e-01,9.440155562585093030e-01,3.358801075555055249e+00,3.295041596172064935e+00,5.361932349620844640e+00,5.869257780371542665e+00
2.866682012404377922e+00,1.892577615107880806e+00,4.347972550159699523e+00,2.280944133373680849e+00,1.755571366125230348e-01,5.123785305976809923e+00
4.131111052068449752e+00,4.623828230552979868e+00,5.485761792055786401e+00,3.121387680489896788e+00,3.914277447720145631e+00,3.704475265429874042e-01
2.327371610071067298e+00,3.448435876207864847e+00,2.636516684527452359e+00,4.156259363424857689e+00,2.327800081878139249e+00,3.799919184129303407e+00
