VR1,VR2,VR3,VR4,VR5,VR6
3.200468165992297553e+00,3.035943151427304088e+00,6.849307172190990833e+00,5.389317899728839123e+00,2.893819825137208035e+00,3.723823183361523625e+00
9.499612955921754587e-01,1.736694169430153645e+00,5.762261025633805822e+00,4.420729866811203834e+00,2.540256118336812641e+00,3.991510992192485396e+00
1.569027752288154831e+00,1.220604665527406762e+00,4.725336683796072634e+00,4.195387700235234441e+00,9.968611977771604238e-01,3.016237214108295817e+00
1.979809154292634821e+00,7.621907436246004863e-01,4.021464692501163896e+00,4.460766253421631689e+00,2.720614586691379788e+00,3.583819505119314019e+00
3.461963398656813684e+00,7.668474258515400876e-01,2.810341099399394249e+00,5.176551170277590153e+00,8.483827589964594296e-01,2.675196751039811360e+00
3.627505197025941985e+00,1.624543490049756400e+00,2.484727390347046150e+00,4.837908964862180916e+00,3.549549725423208901e+00,2.632329579567911360e+00
3.483876013785804915e+00,3.373456960961767059e-01,4.313423201402923901e+00,1.403884007623950048e+00,1.857525178861883619e+00,8.728964758201289698e-01
4.106715881541423308e+00,4.696041489239966005e-01,4.016496909352131439e+00,2.027893703025484662e+00,1.823546006637296601e+00,7.364161341374879655e-01
2.569821365581490991e+00,2.314782603648462000e-01,5.526128196379788804e+00,2.273990099396573150e+00,5.703088297796630179e+00,1.211435377089244980e+00
0.000000000000000000e+00,0.000000000000000000e+00,0.000000000000000000e+00,0.000000000000000000e+00,0.000000000000000000e+00,0.000000000000000000e+00
4.866014741783281750e+00,3.446849686901509280e+00,3.929995575631024529e+00,2.647397537457907291e+00,5.188452942536740053e+00,2.491444064868758357e+00
3.328730914280917830e+00,2.264929736430596030e+00,5.829781193429839803e+00,1.220750416534905014e+00,3.833414977228445153e+00,1.168526507415599269e-01
0.000000000000000000e+00,0.000000000000000000e+00,0.000000000000000000e+00,0.000000000000000000e+00,0.000000000000000000e+00,0.000000000000000000e+00
0.000000000000000000e+00,0.000000000000000000e+00,0.000000000000000000e+00,0.000000000000000000e+00,0.000000000000000000e+00,0.000000000000000000e+00
3.272532712243113817e+00,2.263553660007022739e+00,4.197601035038727169e+00,3.833465554950194587e+00,3.292221376079456086e+00,2.120962085975337974e+00
2.580400246173698342e+00,2.919085703761830963e+00,4.815152633162193219e+00,4.288405376315055584e+00,3.487681437828636266e+00,2.704127926393394610e+00
2.115701179800835163e+00,2.953390220607425842e+00,5.144772414682050155e+00,3.231857409842248785e+00,1.602530703462618611e+00,3.317076178703075584e+00
1.822966675190472285e+00,1.642351106914035519e+00,4.847916458073168400e+00,3.103270689743282240e+00,5.168381675494002181e+00,1.716694048475337464e+00
3.449101245964508955e+00,5.851255536200672402e-01,2.083617485534672742e+00,2.391928272147096912e+00,5.273788091351057972e+00,1.638922649211830063e+00
1.396061830195606701e+00,1.490499129960012326e+00,4.780024114146858238e+00,5.890164485125648497e-01,1.233027725292143995e+00,3.758593752046848202e-01
3.171616021225288851e+00,2.117570935743676941e+00,4.910221558814449772e+00,1.383079379156641142e+00,2.768700464733726996e+00,7.205721272284160150e-01
0.000000000000000000e+00,0.000000000000000000e+00,0.000000000000000000e+00,0.000000000000000000e+00,0.000000000000000000e+00,0.000000000000000000e+00
3.289734528917934053e+00,5.275058441119867325e+00,4.935887166905482459e+00,3.704103970407091051e+00,3.122187791401708878e+00,2.246223839279899437e-01
3.988205131777929680e+00,5.413196897584112932e+00,6.083709556030815868e+00,4.124384899327953491e+00,2.638449110192369496e+00,3.119879167665124520e+00
1.775850071765026517e+00,4.090770315639835175e+00,6.044555235846583052e+00,4.150279289110522463e+00,3.559633465817938269e+00,5.442219951761879670e+00
2.317695643697630814e+00,4.422307836194088182e+00,4.083745860419358387e+00,1.612443096778202634e+00,2.534144752491235053e+00,3.354517655821908750e+00
2.397511044920364931e+00,1.967173943351626431e+00,5.131956460820187083e+00,2.751974974673057517e+00,3.644795357129202440e+00,2.302678985633397346e+00
2.073626174531852495e+00,2.339204639896582893e+00,4.173044596098660186e+00,9.068990057630577084e-01,4.638434449884812238e+00,3.490582531443253700e-01
2.687740173559606038e+00,3.957348100147562775e+00,5.601208064322295677e+00,5.762832260708776744e-01,3.727509991616091867e+00,6.370807324906415658e-01
2.990078808380251640e+00,1.532254258201445785e+00,4.779414148101635895e+00,5.977691871573078686e-01,2.786256500345500875e+00,7.316185481219403819e-01
3.565881892305091228e+00,2.786196398313645517e+00,2.865930759980122922e+00,2.417780214079634948e+00,2.839842239296452853e+00,4.390337213907704594e-01
3.589833824421893471e+00,3.276977850761343181e+00,6.424001280254634239e+00,1.895704653019462338e+00,2.503816678978851407e+00,1.311433475790932057e+00
4.462549271673936779e+00,1.145666792077924878e+00,2.209511898404964647e+00,1.245695483060819342e+00,6.502880192317697094e+00,1.719866992887800095e+00
0.000000000000000000e+00,0.000000000000000000e+00,0.000000000000000000e+00,0.000000000000000000e+00,0.000000000000000000e+00,0.000000000000000000e+00
3.233172731405237865e+00,2.416339306957551170e+00,5.116552928832449609e+00,1.940066361515321081e+00,2.753687614432225761e+00,9.010037499333662936e-01
2.642546822617257263e+00,1.352306453170929235e+00,5.848784379394525779e+00,3.955069667213350293e+00,3.994106632794609979e+00,1.328309087500228358e+00
4.001274335751720201e+00,1.901260087588980685e+00,5.368947716130975323e+00,1.283615615385534259e+00,5.253242759343692114e+00,1.724708028738612953e+00
4.496821128372216592e+00,2.936853665012763681e+00,3.905777720949552112e+00,2.082501233930078133e+00,3.335634517108090336e+00,3.927050759607918717e+00
1.138407852387489649e+00,4.329794021441863094e+00,6.910394089118351069e+00,4.022318394370715033e+00,5.854079687735395332e+00,3.601603590839019375e+00
3.880572508384728447e+00,5.260267273290618384e+00,4.481758752369206178e+00,4.775206376417006737e+00,3.935017432130050175e+00,5.197921541829425784e+00
4.582432835030719076e+00,3.703098208944085368e+00,6.168937630945627859e+00,5.741186561641592689e+00,4.472809632328327289e+00,4.124075901743218253e+00
2.067985547284598713e+00,4.698632293989385644e+00,5.442839785041801548e+00,5.379072792255007229e+00,1.766558887756537244e+00,5.652259376182684036e+00
1.327552071892998731e+00,4.343004547373786828e+00,6.614283506276551705e+00,5.833867448973964365e+00,1.336372411843104846e+00,5.440784214275677044e+00
7.159293965426685169e-01,2.658007057284060615e+00,6.263186048415153806e+00,7.478517074692588196e+00,3.595561267316956133e+00,6.442831590192126257e+00
1.496039305817806309e+00,3.552568104510006819e+00,5.970761784911601033e+00,4.861293062623849082e+00,4.053515809469625530e+00,7.182540719887637870e+00
1.527210554499709882e+00,3.190096516465453558e+00,2.449493659476372098e+00,3.604267510953552911e+00,2.764497302299089299e+00,4.951501443938587599e+00
2.159648249872182735e+00,1.937618618500512868e+00,3.674789320105071866e+00,5.243916876708890840e+00,3.801482967375902522e+00,7.559410383184306248e+00
3.698587480374865510e+00,1.177255236869357846e+00,5.580049269978626825e+00,5.418195595487127925e+00,3.920705652229535154e+00,6.611094866889907884e+00
1.252902317804502896e+00,1.145499926286921877e+00,5.896516701890015533e+00,5.603112035451355055e+00,5.281676874981481973e+00,4.574402146296679739e+00
9.004840329010632693e-01,7.263060516326280691e-01,4.096414091764623677e+00,3.004503860675387550e+00,2.584561768712797303e+00,5.277600941378793209e+00
1.989345471309937885e+00,8.247887940399785123e-01,4.772394054387330442e+00,2.655356271697315140e+00,5.312184815220946099e+00,4.522067743846010401e+00
1.593118427421819305e+00,4.474883382943078303e+00,2.933659053831134678e+00,2.371445111364909764e+00,2.716385823229536367e+00,4.802833495432619948e+00
5.795906897631020627e+00,1.328000149736885183e+00,6.228603326527975881e+00,1.976579733769414648e+00,3.226246355582002678e+00,5.224769217825016909e+00
1.623479326874659456e+00,1.944982377816124819e+00,5.125566224451592490e+00,1.430486976243409813e+00,2.364270050540597801e+00,5.385232044048244404e+00
1.740134593933301499e+00,1.287721503726147798e+00,5.188175900367350657e+00,4.626509439327063156e+00,2.776387995538917686e+00,5.083237604376713570e+00
1.786455599468862676e+00,4.450171221987069714e+00,1.672249972096507165e+00,7.487871755248487915e+00,3.886395685564256741e+00,8.571344056508387155e+00
1.983091086833317362e+00,2.940080610206695866e+00,5.279315845615928815e+00,6.820114298485405513e+00,1.789046505472146276e+00,7.698013400557206509e+00
6.452590023544280129e-01,3.723329677977246011e+00,3.760715331168871245e+00,5.650212199482387732e+00,2.185507577578637672e+00,6.112486982627941323e+00
1.086157433563008645e+00,4.028628916759821266e+00,6.199321456136786423e+00,6.757358577242757569e+00,4.309270892908004136e+00,6.155544971317917557e+00
8.853086680955968291e-02,6.432778950102139959e+00,6.052894784168989517e+00,5.791020698412907564e+00,2.258647245116721436e+00,6.825038896797863686e+00
3.504320737609673664e+00,2.358886449407838981e+00,5.684339230797885278e+00,4.962483134319011668e+00,4.057705409135321517e+00,5.282587877316903047e+00
2.682265063756467338e+00,2.079231263581917233e+00,7.153069079279353204e+00,1.386979369478011925e+00,3.272797622040358068e+00,2.646502179338946714e+00
1.522235704997998873e+00,1.748839944099505717e+00,2.314292293682243873e+00,2.171300589918778279e+00,3.197363617582119844e+00,2.836116962809042352e+00
2.272212150073233072e+00,3.258441680628370474e+00,6.611681763591104932e+00,1.468383446264008185e+00,3.250450052916296073e+00,1.265461309111072019e+00
0.000000000000000000e+00,0.000000000000000000e+00,0.000000000000000000e+00,0.000000000000000000e+00,0.000000000000000000e+00,0.000000000000000000e+00
0.000000000000000000e+00,0.000000000000000000e+00,0.000000000000000000e+00,0.000000000000000000e+00,0.000000000000000000e+00,0.000000000000000000e+00
0.000000000000000000e+00,0.000000000000000000e+00,0.000000000000000000e+00,0.000000000000000000e+00,0.000000000000000000e+00,0.000000000000000000e+00
0.000000000000000000e+00,0.000000000000000000e+00,0.000000000000000000e+00,0.000000000000000000e+00,0.000000000000000000e+00,0.000000000000000000e+00
0.000000000000000000e+00,0.000000000000000000e+00,0.000000000000000000e+00,0.000000000000000000e+00,0.000000000000000000e+00,0.000000000000000000e+00
0.000000000000000000e+00,0.000000000000000000e+00,0.000000000000000000e+00,0.000000000000000000e+00,0.000000000000000000e+00,0.000000000000000000e+00
0.000000000000000000e+00,0.000000000000000000e+00,0.000000000000000000e+00,0.000000000000000000e+00,0.000000000000000000e+00,0.000000000000000000e+00
0.000000000000000000e+00,0.000000000000000000e+00,0.000000000000000000e+00,0.000000000000000000e+00,0.000000000000000000e+00,0.000000000000000000e+00
0.000000000000000000e+00,0.000000000000000000e+00,0.000000000000000000e+00,0.000000000000000000e+00,0.000000000000000000e+00,0.000000000000000000e+00
0.000000000000000000e+00,0.000000000000000000e+00,0.000000000000000000e+00,0.000000000000000000e+00,0.000000000000000000e+00,0.000000000000000000e+00
0.000000000000000000e+00,0.000000000000000000e+00,0.000000000000000000e+00,0.000000000000000000e+00,0.000000000000000000e+00,0.000000000000000000e+00
0.000000000000000000e+00,0.000000000000000000e+00,0.000000000000000000e+00,0.000000000000000000e+00,0.000000000000000000e+00,0.000000000000000000e+00
3.685053975115599734e-01,5.285960740488812704e+00,3.763798850786939099e+00,2.479819586602612702e+00,1.809519900783707058e-01,6.574538769323132748e-01
2.850137267890564541e+00,5.572637273202859731e+00,5.607563629086927293e+00,4.063321714064197288e+00,3.764039943819681433e+00,1.992400645926802660e+00
3.517436360951577967e+00,4.831240794965429686e+00,3.119950842683418379e+00,3.819652475898084987e+00,2.174676834450029794e+00,2.128696135279133816e+00
3.309520428217171073e+00,4.652725746790250305e+00,5.271100889456569405e+00,3.254990156276592383e+00,2.722844052743791821e+00,2.940600295726181201e+00
2.019775408129846461e+00,5.212876772392692537e+00,6.983667315037289214e+00,2.983437086632821256e+00,3.328037348807816098e+00,2.065422169253005702e+00
4.601734405671668249e+00,7.228610724829115597e+00,5.202816382015635455e+00,3.856888026771402522e+00,3.181369397506496721e+00,3.226924439829077507e+00
2.028863391161034091e+00,5.735699050021221268e+00,6.372258031414371970e+00,1.287370080687828100e+00,2.769590433303286137e+00,3.238811027897438244e+00
3.244427495703002151e+00,3.996098687452146692e+00,6.660163115538557221e+00,2.343470078833786996e+00,2.852317758767492606e+00,5.470737459838986183e+00
2.308933381700710719e+00,4.074139122576996286e+00,4.294604859689785670e+00,3.980789007688154246e+00,4.764274760903823847e+00,5.862843788662210898e+00
2.898627036464596518e+00,2.955376893263820026e+00,4.305927614646750001e+00,5.003866350270948615e+00,5.800731934141905022e+00,6.582660122644950818e+00
2.873322323742629969e+00,2.048121645172139793e+00,5.070735319481241454e+00,4.112181443536684355e+00,2.980490814111888653e+00,4.551977670956867783e+00
3.095585667965573329e+00,3.593084578849811805e+00,4.589817853319499541e+00,4.820862460443795072e+00,2.995413064907349376e+00,3.946070614687605893e+00
1.019976142425237819e+00,3.320174866713211603e+00,4.463748784948061044e+00,3.278660735656322434e+00,9.629457997820152215e-01,5.143766825898632433e+00
1.491200279752795677e+00,5.102326577766692850e+00,5.628717620218710138e+00,4.503767930027807509e+00,4.388254211868332533e+00,4.464698393650179398e+00
2.889767520190287708e+00,4.336770354059746424e+00,6.316363669210322662e+00,3.125951048991297831e+00,2.807340413504653576e+00,2.296475391077756001e+00
1.514246099496311615e+00,4.670493561838844343e+00,3.869649119281431737e+00,3.076127115269297718e+00,2.201046060459784570e+00,2.550309769201787535e+00
3.634453035386958852e+00,3.380669109259152982e+00,7.330287917887218896e+00,4.981631931799193502e+00,3.462001094908834453e+00,4.109661682066031219e+00
1.799075695290103916e+00,3.608329848851377086e+00,3.764691043483138877e+00,4.639203518610756305e+00,3.250336672958352491e+00,4.578838980571546813e+00
7.249146990015422620e-01,1.881736664374578538e+00,3.344144259673866415e+00,7.795719507937462822e+00,5.919461940544401557e-01,7.259710556279290294e+00
1.319860139190349502e+00,1.860517151538352509e+00,7.945548275395196036e+00,6.927809976156051874e+00,3.015752828385231954e+00,6.815564934172453349e+00
2.133783753107675540e+00,2.260269450520679513e+00,5.586420614387869854e+00,7.987977537369948422e+00,3.563438522421500387e+00,7.018676935443054710e+00
2.564715614075319561e+00,2.995496380112883550e+00,6.610049861210938182e+00,8.370144084887407132e+00,3.020369137679963067e+00,5.463765233612173589e+00
3.850660225080445365e+00,3.097412689059194424e+00,6.403557557068175754e+00,5.934897238628592753e+00,6.017233039938018280e+00,6.650688263510622811e+00
0.000000000000000000e+00,0.000000000000000000e+00,0.000000000000000000e+00,0.000000000000000000e+00,0.000000000000000000e+00,0.000000000000000000e+00
1.651992162212063686e+00,3.014035472645455016e+00,4.357923815604063833e+00,5.678916109341335172e+00,2.985967207731476059e+00,6.338223298315169174e+00
4.681351188918204898e+00,1.844134352319003467e+00,5.076906113265281739e+00,4.913356369978738591e+00,3.460026637163402086e+00,6.924386562659559985e+00
2.418137696143596305e+00,3.254335626307654827e+00,6.302535491561573444e+00,4.724184859775517609e+00,2.527464227055538082e+00,4.842503206854198439e+00
2.141330877038951641e+00,6.368967749296496450e+00,6.958602828329943257e+00,4.137975200255386454e+00,4.430382758424936895e+00,5.687302603386053867e+00
8.728886245705429481e-01,3.798528109943782649e+00,3.714790780444043428e+00,3.983106705870284259e+00,5.444272698630058471e+00,5.639446764938138124e+00
1.124436956300854495e+00,2.910875311234802254e+00,5.484107454613335264e+00,4.410488122008942469e+00,3.643017484610417522e+00,5.073295062362340069e+00
2.633163342449464484e+00,3.233441047215078967e+00,7.966743869888936125e+00,4.298345852822268220e+00,2.712165166800518001e+00,3.567110731152810299e+00
3.658430771699979545e+00,3.799398365752325368e+00,5.626224367165818308e+00,4.421988783007073209e+00,4.537635322726809584e+00,5.790486132780177542e+00
9.948812572750846961e-01,5.249228879929779268e+00,5.464582369932391437e+00,4.087298944233715758e+00,2.943579045968639285e+00,5.172285572665675346e+00
2.698034098513213408e+00,5.151235503197511889e+00,6.962508907089233645e+00,6.812777584502951456e+00,4.426882714004494623e+00,5.529551925889359509e+00
2.225963323105887959e+00,7.294877812897922809e+00,7.349552505285839921e+00,5.805021337279626437e+00,5.353977429027219515e+00,5.186235050633843713e+00
2.320398558270528433e+00,3.872668774641982115e+00,1.833831813519986476e+00,7.280618059599230918e+00,4.970400588027571231e+00,5.110153857409212463e+00
1.617878537751147761e+00,4.991096800281957790e+00,6.004215144676143368e+00,4.841321235319823835e+00,2.712160214941468084e+00,4.865936349895580548e+00
3.512716962370687313e+00,5.069452671901489182e+00,6.520737703495338877e+00,3.243679283245743505e+00,4.667843069567966019e+00,3.766912436372379602e+00
2.417642095264508129e+00,4.746423363395141592e+00,5.523094156546084044e+00,4.663198034222185484e+00,2.263720684404107786e+00,2.473953307025614112e+00
5.387977104772806669e+00,5.739148574663238023e+00,7.838836631983733483e+00,5.849142184164197289e+00,4.209443859542027155e+00,4.541281237230560208e+00
3.187446544064133747e+00,6.412713086192219691e+00,5.475733821739050100e+00,6.046252438203007173e+00,5.585352202631584717e+00,5.896843307138078139e+00
1.042028161356340465e+00,4.987268206170234919e+00,2.742510027159003716e+00,5.338587546786149218e+00,2.451810989042524813e+00,6.044168150839373865e+00
2.646703759845400405e+00,3.287471263101926944e+00,7.653296038323992079e+00,4.955106099471456638e+00,3.236904453787159408e+00,5.089464544888150144e+00
2.270798181474575905e+00,3.757591629870210781e+00,3.822610470400944926e+00,2.251608105050708630e+00,3.239600034886746194e+00,2.847061346520134428e+00
0.000000000000000000e+00,0.000000000000000000e+00,0.000000000000000000e+00,0.000000000000000000e+00,0.000000000000000000e+00,0.000000000000000000e+00
2.977625149893059486e+00,4.198368795373369267e+00,5.190251869312451305e+00,2.468448257321370409e+00,3.128290829251339389e+00,3.792924567930038293e-01
0.000000000000000000e+00,0.000000000000000000e+00,0.000000000000000000e+00,0.000000000000000000e+00,0.000000000000000000e+00,0.000000000000000000e+00
0.000000000000000000e+00,0.000000000000000000e+00,0.000000000000000000e+00,0.000000000000000000e+00,0.000000000000000000e+00,0.000000000000000000e+00
0.000000000000000000e+00,0.000000000000000000e+00,0.000000000000000000e+00,0.000000000000000000e+00,0.000000000000000000e+00,0.000000000000000000e+00
2.770748387196316997e+00,4.762089070302622851e+00,6.441487131329481919e+00,2.530575302409372007e+00,2.927030889822667792e+00,8.640965671392741854e-02
3.850964853361281914e+00,2.264212698276695246e+00,4.569958486403261411e+00,3.004845519063465975e+00,4.551724664364336981e+00,1.699814289340259243e+00
1.215061139674594504e+00,1.185653002314577931e+00,1.860554216837487562e+00,7.949918456724365257e-01,2.041905406501046905e+00,2.006891116505022055e+00
2.885159324757848864e+00,2.657865744200466729e+00,6.012422807273480885e+00,1.308629753170962751e+00,3.899944223972517499e+00,2.362118348980784432e+00
3.173868516501778814e+00,2.338474442149392818e+00,6.093620844314338925e+00,3.474270031780802626e+00,3.581754119388201651e+00,2.394529089593619098e+00
1.891833785376414667e+00,2.317643519068158575e+00,3.112282406970017679e+00,4.236304440454928155e+00,2.496234494452958863e+00,2.977635224932855262e+00
2.886516606631077675e+00,3.223632092957821271e+00,3.836421275763618688e+00,1.421166228822587918e+00,4.179115316701640381e+00,1.708339911673550482e+00
0.000000000000000000e+00,0.000000000000000000e+00,0.000000000000000000e+00,0.000000000000000000e+00,0.000000000000000000e+00,0.000000000000000000e+00
1.410980388096853666e+00,6.459291677963254763e-01,1.834193973912476849e+00,2.512938716083245261e+00,2.342129697285191714e+00,3.673927819860205446e+00
1.684461424217754022e+00,2.792732683839414420e+00,4.581076753746157415e+00,5.660703429857777635e+00,1.857482567319009625e+00,4.475673439760702976e+00
6.778633356514012220e-01,3.323479948980368803e+00,6.566914595985894998e+00,5.665626287516602133e+00,5.786317113067096507e-01,6.045925124861621924e+00
2.381278900985181579e+00,1.685656844477427585e+00,5.011338994432827931e+00,3.050853375340785600e+00,1.862236262302695344e+00,4.220424960785045698e+00
2.779187380740873792e+00,1.506540555465643028e+00,3.508738233057300260e+00,4.353600996775633725e+00,3.002700789204678422e+00,3.037263779928022878e+00
8.200287126342415966e-01,1.839031187298671988e+00,2.417208903875955439e+00,3.762075026628007191e+00,3.853532483374315198e+00,2.841640327122512577e+00
1.827238942165597457e+00,4.519777782572757197e+00,6.404845819995276024e+00,3.210915723852246106e+00,1.965004428330588304e+00,1.977497048342122810e+00
3.759306629520446474e+00,4.767296307632080676e+00,6.397756045015945858e+00,5.467847254203305418e+00,4.500543676001883320e+00,3.086457122407196607e+00
4.203877074524074331e+00,3.858930760877417487e+00,5.848282136388006869e+00,3.989643980344948826e+00,4.209587766481829973e+00,3.532429114422712235e+00
5.464981640811851449e+00,5.569549501220194543e+00,7.323953113923541203e+00,2.355727211118964437e+00,4.076187268100720296e+00,5.257415580131273636e+00
5.660754618314154385e-01,1.390439037450690307e+00,5.443584943319320857e+00,3.565992041066888163e+00,5.169505200266737432e+00,3.291806835621827965e+00
3.937666942351313537e+00,2.518269369116789669e+00,5.511497749197387996e+00,1.804692922519737230e+00,3.892412942543211685e+00,1.854516018063353755e+00
3.712371165042616550e+00,3.139733450757786759e+00,6.328972948802126908e+00,2.460001388037008407e+00,1.897221159948181635e+00,2.862227616510168993e+00
2.905388381149542898e+00,5.804333885876517662e+00,6.956391579317446450e+00,4.254452566018116499e+00,2.126005519884244244e+00,4.657092334762015007e+00
1.639321194159601092e+00,4.573755304471057492e+00,4.680945801033230325e+00,3.784187325805624003e+00,4.439329594452480876e+00,4.897136589206118273e+00
2.548930019538163894e+00,2.473041417576923973e+00,3.391448164640595841e+00,3.380249253577840118e+00,4.469360118293346673e+00,2.994795181818574736e+00
2.056826751318602930e+00,2.704314615683060641e+00,3.957610772277466271e+00,2.916890204560796285e+00,3.391102517145188067e+00,2.000113547218409504e+00
