VR1,VR2,VR3,VR4,VR5,VR6
2.820901584534442286e+00,3.202397311672578351e+00,5.250314174101552211e+00,4.648410901855796418e+00,1.669863927809182691e+00,2.498333590405676929e+00
2.051742910325434543e+00,3.058770374243842571e+00,6.403406307275228748e+00,6.105109789368340145e+00,1.176095136381205553e+00,2.324044075565821821e+00
3.529246536592499428e+00,5.493844380132339111e+00,2.761558633138928798e+00,2.188426161662038183e+00,9.735212016971734883e-01,1.782474806787782029e+00
3.824539783397399972e+00,2.327273663842178486e+00,3.786568334710121775e+00,6.735794273423351797e+00,1.652043139205260802e+00,4.351393854428015295e+00
3.097401140202967973e+00,3.819568152979667452e+00,4.745565640755201819e+00,4.373883062335629290e+00,2.188123157609279446e+00,4.570317037132692661e+00
2.145616255334396705e+00,1.427549954720344072e+00,7.092210936342324246e+00,1.914274895055740000e+00,3.195797631449719400e+00,6.202006357690271088e+00
3.076277605624541778e+00,4.444024006166825025e+00,3.681625441983506164e+00,6.556330757677094390e+00,3.486124961317490278e+00,2.987529897786488142e+00
3.093263035399000938e+00,9.940461450326902870e-01,7.841045111888781172e+00,2.744251845975611115e+00,3.332843208125661594e+00,4.569822425916457043e+00
2.360497246621757306e+00,5.302325147732735111e+00,4.621345939876490228e+00,3.084853476261625982e+00,2.121190359736848663e+00,4.671756260191940235e+00
4.424054997868928751e+00,2.288975893589060284e+00,3.602541770692883727e+00,4.449037971896993682e+00,9.223575003297792563e-01,4.262352374536654942e+00
3.623358541303268510e+00,2.607879133100070579e+00,4.562536518794920504e+00,3.569600052797767376e+00,1.329157042361629237e+00,4.705998165519855725e+00
3.233910010789028178e+00,1.183315792972796210e+00,3.682279107640485716e+00,5.496057796871499868e+00,5.268460625968884870e-02,4.901849456878379030e+00
2.001923227636142943e+00,5.590981094922211625e+00,4.333033691258470377e+00,5.287506778324383205e+00,1.102291279878910402e+00,2.732197252497613249e+00
1.271510482473283687e+00,1.283139381491281483e+00,5.207161617075827920e+00,3.591604906710606837e+00,1.902306580863547536e+00,2.425154139384365415e+00
9.469674561543106606e-01,4.008765081319738854e+00,3.936920959451933655e+00,4.540879657937605174e+00,2.701575907930115150e+00,2.046492249021714116e+00
1.155129122406153730e+00,9.278442618928655072e-01,5.673223559256079795e+00,2.080294156905980962e+00,3.154207829218576897e+00,5.301644690159506013e+00
1.990790045039708023e+00,2.620991627236309185e+00,5.531237246422074705e+00,5.069458416123654665e+00,2.694285132962892071e+00,5.843054577899635227e+00
2.000749390219577428e+00,2.458200493965943867e+00,4.885199735394508025e+00,4.864597307979286356e+00,1.164613789763697671e+00,5.494542033566160555e+00
1.443420930475020514e+00,3.401961129379787341e+00,6.745643558808396278e+00,4.480287409185625513e+00,1.816969055475011530e+00,5.280619460180886016e+00
2.075717471732895003e+00,1.960724838360686118e+00,6.315227951079966928e+00,1.201997786538013813e-01,2.037709463813808242e-02,3.472233635894077075e+00
3.078961798424864504e+00,5.646780987406838648e+00,2.354512310669119479e+00,8.487232299716776396e+00,4.185079177316363364e+00,2.305745337583913201e+00
1.710043731814406165e+00,2.604847507141057061e+00,5.840759905515167105e+00,1.304728692005379109e-01,4.087246691087339734e+00,3.662591876672912861e+00
5.019240806426914503e-01,7.056980827807905143e+00,3.104080639497287741e+00,7.281622239498759974e+00,1.576258199435826235e+00,2.057249066681696270e+00
0.000000000000000000e+00,0.000000000000000000e+00,0.000000000000000000e+00,0.000000000000000000e+00,0.000000000000000000e+00,0.000000000000000000e+00
2.065284225993153200e+00,6.705268865657817656e+00,5.364276402728005877e+00,5.468454584820682918e+00,7.830579226020444317e-01,2.058527698920532334e+00
2.099804841083301010e+00,5.631570067760880427e-01,3.424282463273326194e+00,2.646052362038368244e+00,8.951238677376682773e-01,3.765380087221440686e+00
3.884680486532769095e+00,4.302291622802080440e+00,3.698634749667546906e+00,3.973127851282268530e+00,4.781845679557461537e-01,3.189309754341282499e+00
4.415397665297817298e+00,1.134553687028609703e+00,5.917237507312019140e+00,6.173575097067617534e+00,8.076461200352338388e-01,4.909816139604697760e+00
5.122076555013711285e+00,4.534467299462423107e+00,5.977308769213466988e+00,5.252039720016417945e+00,3.831140599663624968e-01,5.156873341018246570e+00
3.588937611515819359e+00,3.608525340118236890e+00,4.552859890096648599e+00,5.244368454374580324e+00,2.444761425459586857e+00,3.678104636587588683e+00
2.485023109177102896e+00,1.195479948323092900e+00,6.750056084293801106e+00,4.533683035995064614e+00,3.209892824896100727e+00,4.219499673241366544e+00
2.500417879639624363e+00,4.063557504901968542e+00,2.827295303961653072e+00,3.151154782311704317e+00,3.295024969226787892e+00,2.338902206689429164e+00
1.823059759403981683e+00,2.934998659814656907e+00,3.690618207171300291e+00,4.300901701080470652e+00,2.148674389295181619e+00,3.945674783311297951e+00
2.614244871593780051e+00,4.348864253347967335e+00,5.697961082033224045e+00,4.250626259023430720e+00,3.311665109386533246e+00,2.059890916246600590e+00
7.869517678301345409e-01,3.858333835218217711e+00,2.148965964800853001e+00,6.023379627518579582e+00,2.358006216606303163e+00,1.503584429488798335e+00
2.450962180786036892e+00,1.573458803234753400e+00,3.769806645741774265e+00,1.946364237673475550e+00,2.408425633845940883e+00,1.918008820915383161e+00
2.945735200149282917e+00,4.353326176571303385e+00,5.914389271597180198e+00,5.041145590826513256e+00,2.834036078197323949e+00,4.286474339113960141e+00
0.000000000000000000e+00,0.000000000000000000e+00,0.000000000000000000e+00,0.000000000000000000e+00,0.000000000000000000e+00,0.000000000000000000e+00
2.964014555813090812e+00,1.121136219638682041e+00,4.195456823429111637e+00,5.925606801802604906e+00,3.169318192779330801e+00,5.982559699118179530e+00
9.964216998367425582e-01,3.610639193569278760e+00,6.186281853318448043e+00,4.900224614215918706e+00,1.892102050577823880e+00,4.859845809759555380e+00
0.000000000000000000e+00,0.000000000000000000e+00,0.000000000000000000e+00,0.000000000000000000e+00,0.000000000000000000e+00,0.000000000000000000e+00
3.737489123681705827e+00,5.167534137109493386e+00,2.150702149734220914e+00,2.308839813226368776e+00,2.910035462740470535e+00,1.348975678311696846e+00
4.006295659834696821e+00,1.402273912194313077e+00,8.005823687832316793e+00,2.623929933260279679e+00,6.079824295809719281e-01,1.929459926459165864e+00
2.573217022244378427e+00,3.688423190131895346e+00,4.903777608706585411e+00,6.382230577605607635e+00,7.857043316251530740e-01,2.626009908834363582e+00
0.000000000000000000e+00,0.000000000000000000e+00,0.000000000000000000e+00,0.000000000000000000e+00,0.000000000000000000e+00,0.000000000000000000e+00
2.904700153237215865e+00,3.713080709343450359e+00,5.826342043394096670e+00,5.967669083002341779e+00,9.285483641552416678e-01,2.408266526529908802e+00
2.987951827135263194e+00,2.159984198812270773e+00,4.503630006885650516e+00,1.490994458103143572e+00,3.731911630173687211e+00,1.582220293915512777e+00
2.176277585513758606e+00,3.094048913543471890e+00,2.249690377992870083e+00,2.208789914861533532e+00,3.677359782272420663e+00,1.578886156956941011e+00
1.754704199270060272e+00,3.527465009846453725e+00,5.966515059910687313e+00,4.035289945764329644e+00,2.540293217474260512e+00,3.455320458288089647e+00
0.000000000000000000e+00,0.000000000000000000e+00,0.000000000000000000e+00,0.000000000000000000e+00,0.000000000000000000e+00,0.000000000000000000e+00
6.907022923538028714e-01,2.109714392570511077e+00,3.870899973244051218e+00,4.512070673007015031e+00,4.569731763533289026e-01,2.455963590802880070e+00
1.361578162883814835e+00,4.627388439636488826e+00,5.758541789665129862e+00,6.204400644226466532e+00,3.436880477263063227e+00,4.160927660127239136e+00
3.743845634143858625e+00,2.431627714444855037e-01,2.694181594245239619e+00,1.846920570428501662e+00,3.788659093632551045e+00,3.413659546329976813e+00
1.613480865056375890e+00,3.053689190431418066e+00,4.606590958043948802e+00,3.889394980078424879e+00,3.836312234668390886e+00,2.013968617768991720e+00
1.289343725418804709e+00,3.538906486135697804e+00,3.468762754668565318e+00,2.468264926200440357e+00,2.719664223519537849e+00,3.116450264223142863e+00
1.790728766001766559e+00,2.216976972274723234e+00,4.568251440368626071e+00,5.359665106109776644e+00,4.684355314486264632e+00,3.275227289261801289e+00
2.116700750785677876e+00,2.447747293165250859e+00,5.085356586497558951e+00,1.481045091325118968e+00,5.235366382461206669e+00,3.336998123956268270e+00
1.402994035992901622e-01,2.761049209286325912e+00,4.429636250162408473e+00,2.534783110727223843e+00,5.783428709433516168e+00,4.178950844646561968e+00
1.990622991612340797e+00,3.260411707322650177e+00,5.650087384575638971e+00,4.639450706233659183e+00,4.324766308780728430e+00,5.317429565083002352e+00
7.024150945062981322e-01,1.000299809823611330e+00,3.264248221215784618e+00,2.154941900097935292e+00,3.378032519039709580e+00,5.327163050300255165e+00
2.898957816566523071e-01,3.881282667741597248e+00,5.523832391377031747e+00,5.965514582351074679e+00,3.536433380559520501e+00,6.818965530124792451e+00
2.763728273834322291e+00,1.169617371445669463e+00,6.406059732598154532e+00,2.711147739084392327e+00,3.789766871256142533e+00,5.674990875030925253e+00
3.915407827300207089e+00,2.851683441472352420e+00,3.851450520470091732e+00,2.077043308823608214e+00,2.566211764004067586e+00,5.001995390683833698e+00
2.346473227121411931e+00,2.389676961848227421e+00,2.483501501966125957e+00,4.955617231850085957e+00,6.299307887615545276e+00,3.903604279051199999e+00
2.746450876753191217e+00,3.926682379213837670e+00,4.301305375090041849e+00,4.271590433568090539e+00,4.825630401051471452e+00,3.947613737549502400e+00
4.029397186855507407e+00,1.035880637176745056e+00,6.474910857387951246e+00,4.024038706583395353e+00,4.230452551666068040e+00,5.752118627674937201e+00
2.866751779813569989e+00,2.812123315646917643e+00,5.318682093611320383e+00,3.263831070578697702e+00,4.033804494251689299e+00,5.239500947059054781e+00
3.358551686772204725e+00,3.335138228722289711e+00,5.520259107900150397e+00,2.835382559552287240e+00,7.221996790553303569e+00,4.417881751225420928e+00
5.349511520908057705e+00,5.501486391128095121e+00,3.007864277754070947e+00,5.665855718087730253e+00,3.371906906780828717e+00,1.849994765483544690e+00
2.904942880612555456e+00,1.727934017668934619e+00,6.225707854715806455e+00,2.472087923858017344e+00,4.730511946754029751e+00,1.953163839550323022e+00
1.632957637100673987e+00,4.017264489460107946e+00,4.514356410124239716e+00,4.500135763700807701e+00,4.765058875190766763e+00,2.299624081028003530e+00
0.000000000000000000e+00,0.000000000000000000e+00,0.000000000000000000e+00,0.000000000000000000e+00,0.000000000000000000e+00,0.000000000000000000e+00
1.737406290066092707e+00,2.739903343998835172e+00,3.163324112962843770e+00,5.276663545189959947e+00,5.208759236841824070e+00,2.731901833980676209e+00
3.291048748657110501e+00,2.351821534073390119e+00,3.788456484623060394e+00,2.536269613694406733e+00,5.476003276418407673e+00,3.353923438039184912e+00
2.795313985324950234e+00,5.649282481983849635e+00,5.461330403165551850e+00,6.450714909323425061e+00,3.704294051949999389e+00,5.297203569373073684e+00
2.019591484304557927e+00,4.986155863639609720e-01,4.553501255133586056e+00,1.126376291965036636e+00,3.261362296555759599e+00,3.916244708390495433e+00
2.206247655331996516e+00,4.204943269594211053e+00,4.215766894558499622e+00,4.998686984252293186e+00,4.683230128812538418e+00,3.938912989461259340e+00
1.512602019524621699e+00,6.704488526314862362e-01,8.158404282922038675e+00,4.841847769620319042e+00,3.347811999195783539e+00,6.834142921678362015e+00
1.295713137588148545e+00,3.155760624261813252e+00,3.293025538410972786e+00,3.070900130202232958e+00,3.006998452275325473e+00,5.541093857108390530e+00
9.902892948899453263e-01,5.306219584393608635e+00,5.163361083816510266e+00,3.941522688591978962e+00,5.029002754668214337e+00,2.456320709902690247e+00
2.521456291080806267e+00,5.333878519423792319e+00,6.618931593077618913e+00,3.492535827499069434e+00,3.674449413911613060e+00,3.226966914544514786e+00
3.084394733753494933e+00,1.442141435206080402e+00,5.046958455829032353e+00,4.415889281130858102e+00,3.867765440673299526e+00,3.849254118654831469e+00
3.177651117792402502e+00,5.651816069858028868e+00,4.978682766718470099e+00,4.392741076062748995e+00,5.553410372790897220e+00,2.719135171159441811e+00
1.678901987990706113e+00,2.073184403299254797e+00,9.054329184949335030e+00,4.940507454310341551e+00,4.397355578807887966e+00,4.340241250074728718e+00
3.247702403595930765e+00,1.214246888581000272e+00,7.182460214083830508e+00,3.611247897886316061e+00,4.913494949271566270e+00,5.239544810027674693e+00
3.006525069814632634e+00,3.416838492163725594e+00,2.044911922527459236e+00,2.947452992446704556e+00,4.118442213461182888e+00,3.764997742373718648e+00
2.570568066896587567e+00,4.625484477966730346e-01,7.323005843940393333e+00,3.447478463180341901e+00,5.482013378343493670e+00,5.120330182665165708e+00
4.127077558152267400e+00,6.822118837193194452e+00,2.019482196663174189e+00,4.995894336811584679e+00,5.441729284780229214e+00,2.015996823779444114e+00
2.815893168431574445e+00,3.763437047792171697e+00,4.293793676687198690e+00,3.353175051205403268e+00,5.914072642432724791e+00,1.103493636310528103e+00
2.046265273258046413e+00,2.413544804009353228e+00,4.051471989581910904e+00,4.518152167914016637e+00,4.100578849470498888e+00,2.483656446026541342e+00
0.000000000000000000e+00,0.000000000000000000e+00,0.000000000000000000e+00,0.000000000000000000e+00,0.000000000000000000e+00,0.000000000000000000e+00
5.569390645191956146e-01,1.754547949444416055e-01,3.813491122911233155e+00,3.727877089311429692e+00,9.106051113432185318e-01,3.362988313551341868e+00
1.727712690157829023e+00,7.244865074720435061e+00,3.868660008333337785e+00,7.101608390238023816e+00,1.952412241624391864e+00,3.567352425197451993e+00
5.272599134365995255e+00,2.205540140490224843e+00,4.589176356931949030e+00,3.676929060722746279e+00,1.979292172743968514e+00,3.888933069211329308e+00
5.423910749840203493e+00,2.656896744929898802e+00,3.293629046225394319e+00,7.537446383553820795e+00,1.705201490161360578e+00,2.101598591137406213e+00
4.912722791591539462e+00,3.721517989296273754e+00,4.300270404989277040e+00,4.947232619774766249e+00,9.418145308234846524e-01,3.367540550617950323e+00
2.886601230229025816e+00,1.772614665116292176e+00,5.807962440177453445e+00,3.967243746819939076e+00,2.860458828699256717e+00,2.694500639323805569e+00
1.657486091614104318e+00,2.870790789263819143e+00,7.204895377749823027e+00,3.841247233295612684e+00,4.309399810317760426e+00,3.961319857762723551e+00
1.328841959623648261e+00,4.117848118588015360e+00,5.751054721552659288e+00,2.365537665116736132e+00,3.000888776573832573e+00,3.575307088784207110e+00
1.775907974746288698e+00,3.202948305008423535e+00,6.727127479269812582e+00,4.881566468937617032e+00,3.171173584464018980e+00,5.618115755277718115e+00
3.554194661538034428e+00,2.299153564143076700e+00,2.993669203731448292e+00,1.815454538861384748e+00,4.208687569067425471e+00,3.551359548934984289e+00
5.216852809573723881e+00,3.118300596143066095e+00,4.827629769914537405e+00,1.922688139574707300e+00,3.806920609127722344e+00,5.490720054545269235e+00
0.000000000000000000e+00,0.000000000000000000e+00,0.000000000000000000e+00,0.000000000000000000e+00,0.000000000000000000e+00,0.000000000000000000e+00
5.506868027589394643e+00,6.411115232089288796e+00,3.965172900933026767e+00,6.291597344570622141e+00,2.107017156825906401e+00,4.975808965404381112e+00
3.169370234060808311e+00,1.187044194170081557e+00,6.976565719179443015e+00,3.190932027436780949e+00,1.669098352250804052e+00,7.242386515187835272e+00
8.103696274412854894e-01,3.506217216659915703e+00,4.807533469115360170e+00,5.277152346652250969e+00,2.772090416636818766e+00,6.629221495931140851e+00
0.000000000000000000e+00,0.000000000000000000e+00,0.000000000000000000e+00,0.000000000000000000e+00,0.000000000000000000e+00,0.000000000000000000e+00
5.030649637858524148e-01,3.431101937058839368e+00,5.274828734138691466e+00,7.198526520072459078e+00,1.171225591956339684e+00,6.697523867456260938e+00
0.000000000000000000e+00,0.000000000000000000e+00,0.000000000000000000e+00,0.000000000000000000e+00,0.000000000000000000e+00,0.000000000000000000e+00
0.000000000000000000e+00,0.000000000000000000e+00,0.000000000000000000e+00,0.000000000000000000e+00,0.000000000000000000e+00,0.000000000000000000e+00
1.433616833114113476e+00,4.575572419404886126e+00,4.399976344853079091e+00,2.494223013034958747e+00,4.027112754740114653e+00,4.707329488845437560e+00
2.468850722706894540e+00,2.219026869801007162e+00,7.463908504822431844e+00,4.670247606486865877e+00,3.212916954842865991e+00,5.132041131162030645e+00
2.076510140468135202e+00,1.931422057306042106e+00,4.638093304062034683e+00,4.276362888794163375e+00,3.165899825094260489e+00,4.089767110854345411e+00
0.000000000000000000e+00,0.000000000000000000e+00,0.000000000000000000e+00,0.000000000000000000e+00,0.000000000000000000e+00,0.000000000000000000e+00
2.303966058667539230e-02,3.082772162384087355e+00,4.587280890652052356e+00,1.896446256925421014e+00,3.873395299468374908e+00,2.773427580377274992e+00
2.165445688882168263e-01,2.144867866480191232e+00,3.669603485833746070e+00,4.092893483292417756e+00,3.449783181942242649e+00,2.302726814259857591e+00
7.282471141201789511e-01,4.372435518544049771e+00,4.275780675537173892e+00,4.104095370446973590e+00,5.046555909570655807e+00,3.307217340959851093e+00
2.276131214435785921e+00,4.840281559546765422e+00,4.555283197864160805e+00,5.200992562056191204e+00,4.369345749463621864e+00,1.185208684819742508e+00
1.348089818390433736e+00,3.708399578125958662e+00,3.955637366151136369e+00,2.380639953604662740e+00,5.224009037288727342e+00,3.323452083662834955e+00
2.444363571842740779e+00,2.879042681098590073e+00,4.456822574517141256e+00,3.733932276203169032e+00,4.772640075104124691e+00,3.251871565106348783e+00
1.423057138612369155e+00,5.451877197513766760e+00,1.219173617557708145e+00,5.338625628868733486e+00,3.461000554870577339e+00,4.151259511986173933e-01
1.217857661455355789e+00,3.864081602540433646e+00,3.218249854737369020e+00,3.584445504020070672e+00,2.716276661090756495e+00,3.182467875687491343e-01
2.595742634377256941e+00,4.232133758565186810e+00,2.512293475689637567e+00,6.588819565083311680e+00,6.239785620663230503e+00,1.334693623862870826e+00
3.260117121759362746e+00,4.491115207966969614e+00,5.935500058138477364e+00,1.265356536720323444e+00,4.508681693675975488e+00,1.217518601821272028e+00
4.967976852028005652e+00,3.400822432560329123e+00,6.139641586586003896e+00,4.843271357599758353e+00,2.546006943076053908e+00,2.161817000059901073e+00
0.000000000000000000e+00,0.000000000000000000e+00,0.000000000000000000e+00,0.000000000000000000e+00,0.000000000000000000e+00,0.000000000000000000e+00
1.403517509496253091e+00,3.595879809425281515e+00,3.755158359533117718e+00,4.710299534569238666e+00,2.846370002300530722e+00,3.190351866227940203e+00
1.712456545272019293e+00,3.554309667750201296e+00,3.306695922835402257e+00,4.151928697744834196e+00,2.063866924517931967e+00,3.972811501194317252e+00
3.052231013040580976e+00,3.511736027357072576e+00,4.034734445925597157e+00,3.941622128836248073e+00,4.509919269719910417e+00,4.729460599147023991e+00
1.759095746607152178e+00,4.134338900289163732e+00,5.383783306270152558e+00,4.296992977444290318e+00,3.505920733149944013e+00,3.635282704221983519e+00
2.591585620909780285e+00,3.086359430459507447e+00,2.295401841447297198e+00,2.611654320803303619e+00,2.840474862620580687e+00,2.826232051044897275e+00
1.213116866824123230e+00,3.131702055470811263e+00,7.454657980376456550e+00,3.741310448711312464e+00,1.238157613498568344e+00,4.145396579297365491e+00
2.987517659639056244e+00,1.082489848378041186e+00,7.273278175312333005e+00,5.046821294361703458e+00,3.661566544458058736e+00,3.561655029222556834e+00
2.429579597011651160e+00,5.080598173543046769e+00,3.788663751886828912e+00,3.567265191917471157e+00,3.010406829987485544e+00,3.136261073723422221e+00
1.513522115913644939e+00,9.591585673703177939e-01,6.529180533366778505e+00,5.354203536822674359e+00,4.602028667948964369e+00,4.999713350954237079e+00
3.175309758808145588e+00,2.743768308748048668e+00,4.795103499485881215e+00,3.958302121822192099e+00,5.877177784291307105e+00,7.418152870475033467e+00
3.988987263996356170e+00,1.949093550834436028e+00,5.756740007142973958e+00,4.391688361399647356e+00,3.226236223476951270e+00,6.327993106510716892e+00
4.344085860244152997e+00,2.074297474635312000e+00,6.854948025021839086e+00,4.792598617303736042e+00,3.230465400441655088e+00,6.004884698623987660e+00
4.769363897274587316e+00,2.656066321678762776e+00,2.632536588449781778e+00,2.911570704789752995e+00,2.547300730143997161e+00,2.349269868195372091e+00
5.708457048570533487e+00,4.102123639741813044e+00,4.656198753701822568e+00,8.033016251250545636e+00,3.073252307993282528e+00,2.643472663981729198e+00
4.343260894948288708e+00,1.515024984147250509e+00,5.119381525038941838e+00,3.551507714639976498e+00,2.135549164592321247e+00,5.622054332852424174e+00
5.240795390110726260e+00,4.342411619361818076e+00,5.447128621362574030e+00,3.724653051215655264e+00,3.638978398823221383e+00,4.892276466471713547e+00
4.425356471030870154e+00,4.594735688200707102e+00,2.616803535614579790e+00,3.792693791388635383e+00,3.235418029976998788e+00,4.136376701410791057e+00
2.901607178667351850e+00,2.676567498107008447e+00,4.400276665401964493e+00,3.586876971738441888e+00,3.381861756706725952e+00,2.466647461133800956e+00
2.173759807050197779e+00,3.124767511930543584e+00,4.416549457194439476e+00,4.529120761657902783e+00,3.294713401839121758e+00,3.361635801057883732e+00
1.868749163718696593e+00,5.048513836115928299e+00,5.600529626782124737e+00,3.606071275950084143e+00,2.357495146818759935e+00,3.758519206051019523e+00
1.339798015928533870e+00,2.939421017470598585e+00,4.764022508341870576e+00,2.763407885986868262e+00,1.461597407444343855e+00,2.651619353864317574e+00
0.000000000000000000e+00,0.000000000000000000e+00,0.000000000000000000e+00,0.000000000000000000e+00,0.000000000000000000e+00,0.000000000000000000e+00
8.723842387758840022e-01,8.682968853466257464e-01,3.224345034305540203e+00,1.849546028134406050e+00,6.526685389519015779e-01,5.604489356821408919e+00
1.121420093803431772e+00,6.431504283922674148e+00,3.095160246479170318e+00,6.003814125338034380e+00,2.851748514907173515e+00,2.957625043441875157e+00
