VR1,VR2,VR3,VR4,VR5,VR6
3.392501638096621974e+00,1.055678341764241468e+00,4.332118056730577926e+00,4.348869064900256376e+00,3.056802802372557970e+00,5.493869632639078127e+00
3.608498119336152499e+00,1.870779117336905717e+00,3.683296385216003443e+00,2.037635986475749394e+00,1.676404802473804967e+00,6.025920241954215939e+00
1.780467166569179582e+00,3.019440886832341686e+00,4.909026231583484723e+00,4.384387287163125535e+00,3.312838627058413810e+00,5.197975120505862634e+00
2.823835009316833844e+00,1.617467672923883937e+00,9.021879391917144275e+00,4.785101707809364946e+00,1.790251120566479059e+00,4.169017963879920963e+00
5.252562414710430616e+00,4.240766915822238303e+00,5.883912725706247571e+00,2.974566664182964004e+00,1.160128114735414773e+00,3.422671741147778057e+00
2.355551930771967672e+00,4.369021343752015341e+00,5.104429475129736105e+00,3.537610280641019678e+00,5.512871149427195583e+00,4.239107126706972650e+00
3.377640008471767263e+00,7.539160180671147238e-01,3.016799895141450971e+00,4.605406900663298053e+00,3.586218679934929821e+00,4.669597593972897975e+00
2.909045610066054444e-01,2.488294362065541776e+00,4.480858950287235132e+00,4.611493619865072446e+00,5.306283980057902028e+00,4.229402147541017953e+00
1.726715784707736123e+00,2.805930945984471236e+00,4.892785817454678998e+00,4.046963860617304398e+00,3.461273957158104153e+00,2.838115768029603636e+00
2.878057266905780232e+00,5.658082572771030883e+00,2.528035368985209086e+00,3.474630963864561828e+00,2.731054198951432088e+00,3.378992297204827189e+00
3.452893162715981568e+00,4.215299613502648590e+00,4.680168430188597739e+00,2.328239424933858714e+00,2.863168206955620576e+00,6.471499877250620258e+00
1.456129401709773230e+00,2.762530324548542637e+00,3.897403390758670039e+00,3.535060639476720556e+00,3.518960482843318083e+00,5.632627681354185789e+00
0.000000000000000000e+00,0.000000000000000000e+00,0.000000000000000000e+00,0.000000000000000000e+00,0.000000000000000000e+00,0.000000000000000000e+00
8.881746407440958002e-01,2.553961699718256817e-01,5.532801847062001954e+00,4.999594982164392576e+00,4.392205279197524348e+00,3.958633294280778703e+00
1.874745372235652852e+00,6.330622624625008577e-01,5.428756804459939467e+00,2.252940433200679493e+00,2.517106729061877601e-01,3.740223324528550108e+00
2.513084343510583185e+00,3.227514133664810103e+00,2.852416927903075106e+00,4.886647689382729531e+00,1.927348396371773687e+00,4.133263213602691444e+00
2.544481721871127533e+00,9.530425589943112286e-01,4.905672450492311931e+00,4.065040621136318144e+00,2.307785920717464023e+00,4.631905528721238952e+00
3.755621416808041957e+00,1.933301275316684942e+00,4.436980824562055226e+00,2.350963155296116103e+00,2.255436986372067132e+00,3.757086421136515586e+00
6.799086822086442439e+00,5.324124201827071801e+00,2.985616147232689865e+00,1.991884251237026504e+00,1.124378137439000724e+00,3.567272096623702815e+00
4.534806834969717038e+00,3.083196355594548965e+00,3.676646997803142192e+00,3.002247159913698393e+00,6.011480990242437095e+00,2.185731188390118707e+00
1.790073852736890903e+00,2.274801225003843186e+00,3.876887339478811256e+00,5.883459400110144344e+00,4.227208499739678160e+00,2.997368997803092405e+00
2.145244367604272728e+00,2.992390207847240191e+00,4.071327264330586004e+00,1.796748940583014154e+00,3.033414782791203912e+00,6.145968508294025412e+00
1.994943675967872920e+00,2.612168347783851985e-01,6.418228717289739649e+00,4.745385404832980214e+00,5.433374562965243015e+00,1.961822149901153001e+00
3.969462631228517946e+00,2.610200864732020509e+00,5.877252705405913602e+00,2.111022660067257473e+00,4.123811204125500396e-01,4.098679321792828567e+00
5.676867659533348487e+00,6.177205299167632724e+00,6.002198248779823331e+00,1.586501246546650368e+00,4.149977189767550811e+00,2.203883985514642152e+00
5.222946066646644958e+00,5.067955588537602196e+00,6.281565766170483123e+00,2.351411315340619979e+00,3.271799378226836641e+00,6.185279653531678079e+00
3.299266776369619514e+00,5.981203582000786056e+00,5.066312477287812754e+00,4.824384025576991419e+00,5.115486735437778876e+00,2.033711753168863101e+00
3.392790936032950011e+00,6.489792928586298970e+00,6.647064966901590211e+00,4.457202652570330770e+00,4.064600922829137986e+00,3.332850598900980454e+00
8.147243241297630334e-01,2.699533549871623972e+00,8.789973220109327912e+00,2.878891225503548146e+00,3.829698699023191821e+00,3.407113091625795676e+00
3.245383287804255446e-01,1.505306806967085853e+00,6.219130416864996569e+00,4.851590657763942716e+00,4.188117427327100906e+00,5.266780311781323221e+00
8.592674691707007373e-01,1.310255353438051884e+00,7.449784428437920880e+00,5.606589736905313259e+00,6.399755807056806134e-01,4.231294160919504499e+00
2.702423155513224984e+00,2.721465311850747693e+00,7.913151374425095419e+00,3.348283966820277957e+00,3.547501496818729283e+00,5.228051746443302505e+00
1.181085902382515318e+00,4.510848025337701017e+00,7.976872266614206453e+00,4.373335610311813504e+00,3.539620912435622824e+00,2.050396439892271605e+00
9.077002220990872949e-01,5.115371880601676580e+00,5.276178845092103664e+00,5.164491276832146482e+00,4.285575142224375966e+00,3.852323177277170885e+00
9.745592731733614400e-01,1.827941310895635940e+00,4.010617069631517317e+00,5.100973776105464985e+00,2.972843276975815741e+00,4.742552144583437546e+00
2.096922732856598692e-01,1.522458721810700188e+00,6.251905987095972783e+00,4.835406036486718406e+00,4.381407649392280668e+00,2.596112374171934079e+00
2.505481391239760658e+00,2.794974947700843870e+00,4.974746238678785737e+00,3.542583147243719477e+00,1.946906610735249066e+00,4.155177253866589204e+00
2.734650108449798722e+00,7.478027291844715485e-01,3.867257539044543169e+00,3.513889044462367828e+00,2.299925779349871746e+00,4.700591875016205456e+00
2.275733494488219044e+00,1.145768065387120060e+00,6.469073424877524126e+00,5.466616849628956665e+00,1.661421034087819937e+00,3.157737310289425281e+00
2.170673155369161389e+00,2.358940085847286205e+00,7.702491580471228616e+00,4.348813097022957486e+00,1.932805331230295298e+00,5.858634785702513170e+00
2.817116714955126167e+00,4.215236105399785771e+00,8.270872689598952832e+00,1.716152317986837872e+00,2.236789375879833841e+00,4.585685411845815906e+00
4.240006023137118163e+00,4.374086278285723495e+00,3.955072087145738102e+00,3.337427370040490171e+00,8.059803486306575948e-01,5.363291671895007440e+00
3.431470279584726057e+00,3.590361109720041632e+00,4.052719465935321175e+00,4.703131218321537688e+00,4.044021947903165604e+00,2.323902163980541502e+00
2.503580773838977702e+00,2.026299790997314609e+00,2.246522021758230458e+00,3.647401103332125860e+00,2.001564638554603537e+00,5.222790907562000484e+00
2.261122576569180254e+00,1.429060938959188398e+00,4.530553433940919028e+00,1.155338871388198463e+00,8.469823189374174888e-01,5.931297540427340920e+00
3.510325450369493616e+00,1.862114102919525616e+00,2.809394833406195335e+00,3.930603811186351937e+00,3.144714129625802990e+00,2.904369257829040762e+00
7.800633096309786296e+00,4.300370472801558819e+00,4.521389329701382742e+00,2.464231935571939758e+00,9.685702013289523293e-01,2.938383011817995438e+00
8.859168099723087053e+00,5.951024788009474875e+00,4.519124988787845076e+00,3.678288436249352422e+00,3.611399127720501312e+00,4.852963067435164923e+00
7.043284075857792814e+00,3.640984688676566439e+00,3.632645119301634473e+00,1.486568672763002752e+00,2.024875405373033566e+00,3.920388669287869110e+00
5.564039187733662573e+00,6.555958032525234458e+00,6.374501943465771703e+00,4.964159892846155664e+00,3.325380168316161900e+00,4.688889006415053018e+00
2.424646836269452876e+00,6.963437699907883527e+00,4.802649794485124524e+00,3.038676127733213939e+00,4.238858623016134253e+00,6.469739880403535537e+00
5.394874949926506957e-01,5.317205397544537249e+00,6.908953314267524348e+00,4.651469375031769715e+00,6.146587884017128189e+00,1.460162831700073660e+00
2.414318503007324423e-01,4.061447180948801972e+00,3.751824733543892787e+00,4.639921189150717495e+00,2.421398492882031572e+00,4.351859045369190326e+00
1.972744517876720227e+00,6.098050298637200939e+00,4.433128178057883950e+00,4.432539793950605045e+00,5.359376272640194117e+00,4.173047818153543531e+00
9.080055750948308191e-01,2.043712674308948429e-01,5.556600989667708212e+00,5.120156952540286355e+00,5.591277737003211179e+00,3.142709602270627123e+00
0.000000000000000000e+00,0.000000000000000000e+00,0.000000000000000000e+00,0.000000000000000000e+00,0.000000000000000000e+00,0.000000000000000000e+00
1.099242510976004672e+00,1.582341504802088794e+00,4.894210317444253278e+00,5.170500754574796076e+00,3.454817692106842753e+00,5.039251134689733291e+00
0.000000000000000000e+00,0.000000000000000000e+00,0.000000000000000000e+00,0.000000000000000000e+00,0.000000000000000000e+00,0.000000000000000000e+00
4.470676543829203098e+00,5.201685033243882650e+00,4.613053054577260781e+00,2.602362372091801213e+00,9.814474582117558299e-01,4.274709403942083874e+00
4.237517660279168652e+00,4.504170719703606274e+00,5.310314688261718707e+00,4.652356477139877100e+00,4.714300230195047625e+00,5.179976626104640935e+00
4.797158875505117770e+00,3.933537651486362918e+00,6.063867967625217403e+00,1.852737808626883531e+00,2.320214130918265560e+00,3.432961093434054867e+00
4.443682529136456338e+00,3.584431780243451104e+00,5.097082151986924714e+00,5.769202441323549202e+00,6.045513520363525295e+00,4.787908260800928240e+00
3.756334223980332787e+00,5.170909217072489739e+00,7.247229697532032056e+00,4.723677278912310484e-01,1.426714314029114083e+00,5.338561745152067495e+00
5.336232577253621656e+00,4.468140839318486712e+00,4.292380645875392808e+00,3.722606212840394502e+00,3.217217007298576625e+00,4.442100472942174250e+00
3.757583221955322461e+00,4.599836616090001051e+00,4.779314774256627985e+00,3.372055393028469794e+00,3.673074201941388228e+00,4.703341413050258879e+00
2.721005959312917888e+00,1.341838670232105235e+00,3.351928031960856202e+00,5.154870255986829797e+00,4.395943172746823890e+00,4.310598915983963053e+00
2.304365325581189783e+00,2.962494826295304584e+00,6.533368125788431513e+00,3.665288723507631019e+00,1.879971254722770491e+00,4.841059679975559860e+00
3.611378869951961335e+00,3.904197569528160106e+00,4.607044646440331626e+00,3.013883641819337100e+00,4.426263505156155631e+00,1.796214726401373696e+00
1.520617223118637007e+00,2.571560305649861711e+00,3.658711028660184272e+00,3.877992661796469065e+00,3.579776912103785236e+00,2.631419766937167282e+00
1.399919570325725671e+00,3.203789001603314368e+00,3.527402590969206386e+00,5.800886218834758523e+00,4.392865499207347924e+00,5.349557949606007945e+00
4.218352679381069947e-01,1.938607996678598289e+00,2.553481962540223194e+00,2.919582483445680943e+00,2.988891698874429625e+00,4.129144468617488073e+00
0.000000000000000000e+00,0.000000000000000000e+00,0.000000000000000000e+00,0.000000000000000000e+00,0.000000000000000000e+00,0.000000000000000000e+00
0.000000000000000000e+00,0.000000000000000000e+00,0.000000000000000000e+00,0.000000000000000000e+00,0.000000000000000000e+00,0.000000000000000000e+00
0.000000000000000000e+00,0.000000000000000000e+00,0.000000000000000000e+00,0.000000000000000000e+00,0.000000000000000000e+00,0.000000000000000000e+00
2.924311173394298358e+00,4.329576951823488784e+00,5.390343514979444528e+00,4.079872084363738161e+00,3.762569069999547100e+00,3.141024669938266012e+00
3.022437416616448935e+00,2.144822825686270473e+00,4.190178106763212895e+00,2.430279282673715624e+00,4.247760093760457600e+00,3.532203390453791503e+00
4.820491958292313583e+00,2.065473829842229492e+00,5.416825818775357959e+00,3.271804992177651084e+00,1.713140678948934070e+00,3.616076450121614272e+00
3.027167695290105875e+00,4.884322376337190796e+00,3.698828841279194979e+00,5.231136015856922228e+00,3.110714270757931388e+00,4.828330371742302063e+00
2.657457671022992685e+00,1.854631990694444621e+00,6.615062244741736208e+00,5.468405939049768349e+00,7.296336786791809637e+00,2.006248169273729953e+00
3.213324139652191658e+00,4.062668804700084735e-01,5.860912387124170841e+00,3.867198313365523443e+00,2.686718676023168939e+00,4.358406343898248991e+00
1.698432206308944092e+00,2.171774830176357973e+00,7.998363523276374565e+00,4.501245006527245351e+00,2.636893047562516301e+00,1.149150156517896981e+00
1.247232943494121837e+00,3.327186146955378288e+00,3.387277960520677755e+00,2.954177980131774017e+00,3.460214433128835587e+00,4.485232867061235140e+00
2.590574960202435939e+00,3.193657132436851676e+00,3.134372872292655376e+00,2.276770742688555060e+00,3.348865742279972579e+00,2.760456380508598428e+00
2.619960765112684609e+00,6.615426556608690056e-01,5.229093593928752171e+00,3.549996111949576427e+00,4.393102998345929322e+00,4.756737141900657662e+00
0.000000000000000000e+00,0.000000000000000000e+00,0.000000000000000000e+00,0.000000000000000000e+00,0.000000000000000000e+00,0.000000000000000000e+00
1.684828677729449886e+00,3.436066917083404171e+00,4.736651125939842721e+00,5.028277882354659667e+00,4.294592214673556008e+00,3.517823338631861585e+00
3.158740026339869722e+00,4.243275487473201935e+00,6.204818436325284736e+00,3.360430008838048543e+00,1.261070613158040254e+00,4.022455540487647419e+00
4.688493745216145037e+00,6.524504189544298782e+00,8.137221847507266403e+00,3.925419814752892034e+00,6.275253204371764149e+00,4.230976467752580739e+00
4.928854941353784103e-01,4.262546879698046354e+00,8.304004465329088092e+00,6.549994032489010465e+00,8.897628096305730594e+00,3.719611910233716401e+00
1.613733871511671358e+00,5.127549607089199490e+00,8.283412806039928356e+00,3.823158045418054041e+00,2.822631434985197973e+00,6.876706575981439862e+00
2.497333513284069717e+00,4.940951468367540400e+00,7.430380339423130920e+00,2.833109672784747346e+00,5.106705107467888638e+00,3.816704771864930734e+00
2.165028113587474046e+00,4.206849421137339284e+00,5.957350970306607429e+00,3.239071719200875332e+00,4.705746479800776427e+00,5.801828662447315210e+00
3.376937529104587998e+00,3.633890140271633928e+00,6.643254808521952270e+00,5.470447611900980611e+00,3.317689431807153255e+00,4.854267883845371223e+00
2.462224953517650139e+00,3.400289656090211832e+00,4.685855433658803193e+00,3.736944567752329860e+00,2.620035631194128634e+00,4.802183705230731903e+00
1.684697660206368131e+00,4.309134129207474295e+00,7.855641089037330715e+00,6.736592926909953150e+00,5.167258339834810421e+00,4.070613490003791135e+00
8.685847474733123796e-01,4.402090960328941094e+00,6.850800196937375297e+00,2.482560986251581614e+00,2.561115875877193027e+00,3.716073988455309340e+00
2.258844881438785812e+00,3.055412928801159111e+00,3.811822951292139550e+00,4.435455077921101719e+00,4.190718538806176063e+00,3.213513556327912912e+00
0.000000000000000000e+00,0.000000000000000000e+00,0.000000000000000000e+00,0.000000000000000000e+00,0.000000000000000000e+00,0.000000000000000000e+00
0.000000000000000000e+00,0.000000000000000000e+00,0.000000000000000000e+00,0.000000000000000000e+00,0.000000000000000000e+00,0.000000000000000000e+00
0.000000000000000000e+00,0.000000000000000000e+00,0.000000000000000000e+00,0.000000000000000000e+00,0.000000000000000000e+00,0.000000000000000000e+00
0.000000000000000000e+00,0.000000000000000000e+00,0.000000000000000000e+00,0.000000000000000000e+00,0.000000000000000000e+00,0.000000000000000000e+00
2.163959934395380813e+00,2.299225337928641810e+00,3.230035920453891318e+00,3.768825482864191834e+00,2.177511000703177046e+00,4.678287936853116946e+00
3.996735625885526666e+00,5.327423831356457029e-01,6.251691852567632601e+00,4.009279620382824483e+00,2.958640508497484056e+00,4.217958578099808342e+00
4.640065552638291457e+00,2.165022039348281524e+00,3.817452805143881633e+00,3.410853674690347948e+00,3.104991775344731586e+00,5.921407827430917870e+00
4.361894006241188393e+00,4.550172285349250778e+00,4.481008551706723964e+00,4.464369468072113101e+00,4.025237316155039657e+00,3.743732014830865484e+00
2.919974348332162961e+00,3.193776214303743366e+00,3.244509966644760546e+00,3.264731849435483557e+00,2.104810450474372541e+00,4.471379058634179948e+00
2.818142360563894222e+00,2.225588190868374561e+00,5.992278996808461322e+00,3.048960049723808741e+00,5.520912990632439232e+00,3.777066994219040907e+00
2.290765133271211784e+00,2.078896884460900818e+00,5.070115325647478244e+00,3.941913186787949108e+00,4.020244770439064474e+00,6.470319496286174754e+00
0.000000000000000000e+00,0.000000000000000000e+00,0.000000000000000000e+00,0.000000000000000000e+00,0.000000000000000000e+00,0.000000000000000000e+00
0.000000000000000000e+00,0.000000000000000000e+00,0.000000000000000000e+00,0.000000000000000000e+00,0.000000000000000000e+00,0.000000000000000000e+00
2.988162440740032011e+00,5.085149619314035085e+00,3.955051504287642850e+00,2.637151491189094088e+00,2.517487433640797967e+00,4.385104568702705485e+00
3.709794022095785238e+00,2.661594687209764665e+00,1.753746319174251056e+00,3.054797889194373006e+00,3.265759919317901439e+00,5.725789377403293301e+00
4.413936143599650030e+00,4.173536552640936037e+00,2.990393936686601251e+00,5.125171641425719571e+00,5.271870268286108718e+00,6.094118374895667323e+00
4.118488949550884293e+00,2.012431619493037616e+00,5.242574839352322158e+00,1.702386829859762862e+00,3.686341045753849688e+00,1.690294784337432077e+00
0.000000000000000000e+00,0.000000000000000000e+00,0.000000000000000000e+00,0.000000000000000000e+00,0.000000000000000000e+00,0.000000000000000000e+00
4.669101138387361516e+00,6.853166371591250083e+00,8.111213834030293057e+00,3.403688839752841755e+00,4.519026033435613598e+00,2.459995949592815201e+00
3.592355380118370078e+00,5.539871863260579232e+00,7.707399125985194388e+00,2.719404989961114794e+00,3.639689771442415456e+00,3.778326564471281124e+00
3.177613580714727437e+00,5.068077602584932784e+00,5.818924896236663535e+00,4.896935605635766464e+00,5.781462434577294474e+00,3.032472398762517507e+00
2.058402892810831997e+00,3.194939146717291401e+00,5.321512115287036160e+00,4.403922583250726497e+00,4.851981117601200211e+00,4.938937339247163827e+00
3.313136261192871856e+00,3.821209388989291078e+00,6.128907985435544603e+00,3.438203216956470243e+00,1.720300055961110575e+00,4.359952348302237546e+00
2.703930636451101766e+00,3.019171616154966209e+00,6.815410063701850873e+00,2.727665182179383141e+00,4.480564740458619966e+00,4.469753510618080128e+00
2.558973875361855388e+00,3.774617217294724991e+00,5.951573601100514033e+00,5.972458428021444554e+00,3.596636843859579269e+00,4.592548603824695874e+00
5.518414071942885357e-01,2.510933273767149032e+00,3.497090739808453641e+00,6.136557455523044879e+00,3.364565061427000181e+00,4.534981583795688387e+00
0.000000000000000000e+00,0.000000000000000000e+00,0.000000000000000000e+00,0.000000000000000000e+00,0.000000000000000000e+00,0.000000000000000000e+00
0.000000000000000000e+00,0.000000000000000000e+00,0.000000000000000000e+00,0.000000000000000000e+00,0.000000000000000000e+00,0.000000000000000000e+00
8.857888034153336143e-01,1.278226750922105692e+00,5.733482805742969646e+00,4.021434211792629831e+00,1.958816499303302372e+00,4.126698192661414133e+00
2.863118722638755109e+00,3.845269229488678775e+00,5.300935570693209087e+00,2.666004027478683369e+00,1.095248574160110788e+00,6.542756365479263536e+00
4.919111459083509885e+00,2.837556438923974689e+00,4.675100320818046384e+00,3.695613163737839546e+00,3.639958481488775544e+00,6.361289698955903127e+00
3.305774204772303548e+00,1.604550531904881172e+00,5.395187358145398626e+00,2.457124040878424509e+00,5.438026971754274186e+00,5.638926672546221042e+00
1.843568429368112271e+00,1.545274138452996215e+00,4.910095433829917866e+00,4.254968492768594679e+00,3.357556344009070326e+00,2.775923779434075200e+00
2.713300254331474815e+00,8.311855497516447144e-01,4.253417725864520271e+00,3.689949759119799833e+00,2.602134532144096735e+00,5.070859519257519210e+00
2.093777956974353316e+00,3.923085383700851025e+00,5.522151125053386345e+00,4.782270150589997826e+00,4.266480833621535851e+00,3.442284221743445727e+00
3.055840895871670959e+00,3.605822147737958616e+00,4.496485401945180094e+00,2.448358662093673033e+00,4.305372995253927471e+00,1.865477952057697397e+00
3.151480977267992589e+00,2.998102641274363656e+00,5.079317229139351575e+00,3.883574585719007377e+00,5.884337067998442805e+00,2.735678243572198909e+00
5.280945212370641073e+00,2.665036457390336455e+00,4.718219115028122523e+00,1.835681180701039139e+00,3.161135251815920810e+00,3.361242684217831123e+00
5.910847304544844860e+00,4.549906119119834891e+00,3.784906923530700684e+00,4.584121562820525853e+00,3.202338045003710221e+00,5.143942009910363211e+00
2.105191931865074917e+00,3.681619566403405042e+00,2.459867515135503613e+00,6.433922597047359915e+00,3.246700147077617782e+00,5.338551983329846706e+00
7.319072507527506488e-01,9.204803581752645236e-01,3.996140472718686887e+00,4.597037405238779684e+00,3.295477671037357670e+00,4.688063614388872757e+00
1.293894994843594715e+00,1.334080096328033038e+00,4.759191744528720847e+00,4.067651577071635494e+00,1.732713235053142897e+00,6.407987742624055016e+00
2.598530569692348635e+00,4.250848578963767999e+00,4.719278798832849731e+00,5.165856757509088126e+00,3.483312326640200851e+00,5.380529777407076608e+00
3.265954856260242956e+00,3.928477829746571004e+00,5.591556793200502362e+00,3.925207249787429742e+00,4.347145283035340313e+00,3.168886254342376141e+00
3.267438020837991619e+00,2.844368900881499851e+00,8.146150550037244642e+00,4.548631699079450641e+00,2.374783840214235386e+00,2.739902773261771340e+00
5.014873365047494147e+00,2.580671870768084020e+00,6.030190821823814495e+00,3.897612645931989750e+00,2.621365773122429577e+00,3.449291661211504767e+00
3.422939173820532588e+00,3.335489730290388088e+00,5.677893838002829874e+00,1.974411996550869297e+00,3.408818682080893225e+00,4.637303734337378636e+00
3.034061241654954610e+00,2.882989110567709456e+00,4.983983414642313647e+00,3.698331561688917635e+00,2.387042509729841555e+00,3.562324363255636506e+00
3.042178210446642161e+00,1.555917832063086426e+00,4.717787531302239046e+00,5.550118283190445645e+00,4.857970101722242973e+00,4.584597684396945816e+00
0.000000000000000000e+00,0.000000000000000000e+00,0.000000000000000000e+00,0.000000000000000000e+00,0.000000000000000000e+00,0.000000000000000000e+00
1.025898815271975906e+00,1.420406772853639144e+00,5.476594149403523737e+00,5.653001157151976486e+00,1.742297164180743652e+00,4.102489537813780451e+00
0.000000000000000000e+00,0.000000000000000000e+00,0.000000000000000000e+00,0.000000000000000000e+00,0.000000000000000000e+00,0.000000000000000000e+00
7.685955068342313901e-01,3.467949389445874608e+00,7.918979722298195689e+00,2.677535085226326217e+00,1.681380631660203351e+00,2.043775134650900771e+00
