VR1,VR2,VR3,VR4,VR5,VR6
5.492775128859737066e-01,5.690673388612408345e+00,5.390183897356981113e+00,5.317278231122383403e+00,3.460256098067610253e+00,3.454811105374710589e+00
4.019730117576294504e+00,3.891002341858354363e+00,6.439134331847056636e+00,4.287185341513314540e+00,3.746865808034204104e+00,4.866712319494055805e+00
0.000000000000000000e+00,0.000000000000000000e+00,0.000000000000000000e+00,0.000000000000000000e+00,0.000000000000000000e+00,0.000000000000000000e+00
0.000000000000000000e+00,0.000000000000000000e+00,0.000000000000000000e+00,0.000000000000000000e+00,0.000000000000000000e+00,0.000000000000000000e+00
1.987733150495202494e+00,2.854989583338943149e+00,6.618520173241773996e+00,3.705850752245782864e+00,5.120358262320324094e+00,3.168425265230333743e+00
1.284052835063331344e+00,1.469295758081970105e+00,3.728768484184480148e+00,2.917308320839895774e+00,4.425125343043167625e+00,6.105242773013968893e+00
3.951326466455593600e+00,2.953197893375641758e+00,1.830624758154983933e+00,4.239723500182013716e+00,3.938613532275865303e+00,4.081161041929252775e+00
2.808924110957612186e+00,3.107967124258412817e+00,6.827236020131657313e-01,4.873910326125543868e+00,2.506861795682081784e+00,3.296024180090187272e+00
4.825322406097232175e+00,2.842809090371805958e+00,4.676877722144666016e+00,3.311694603419574889e+00,2.835760140126796003e+00,9.936535803897559305e-01
1.885870135340602882e+00,2.079777260810360406e+00,7.030751611075102048e+00,3.350396619348799288e+00,3.050989033612417689e+00,2.859187748312819188e+00
5.241671894069006576e-01,1.401363669636608522e+00,5.160881447703057567e+00,5.937331307876272390e+00,3.674850648990918955e+00,4.236474252177334421e+00
1.446812597678081458e+00,1.870130510001476232e+00,4.957589810092548177e+00,4.685340055751558985e+00,4.604945340836426482e+00,4.240121290641831742e+00
1.480697320885232982e+00,4.661239057254814355e+00,5.251643679914726803e+00,5.500601064311840815e+00,3.641726020637940486e+00,5.436649519600177172e+00
3.955498225007568980e+00,3.194847886850083363e+00,1.378237736175766059e+00,5.166070485395985123e+00,2.907049236099601419e+00,2.401722253857868417e+00
2.905400708547031474e+00,3.735405983141825370e+00,3.718201379180323229e+00,5.300718138938774970e+00,3.392401619916319611e+00,4.489840741894300713e+00
2.121751297890544397e+00,2.557889811477622288e+00,2.543193622515118157e+00,4.219538018444966454e+00,5.240294145484599042e+00,3.587235952988857335e+00
1.807379974718568372e+00,2.629934184450279933e+00,4.873819280310268454e+00,3.868718856286532226e+00,6.077045149286796288e+00,4.504196171153507677e+00
9.132453157634949914e-01,2.760500381121818503e+00,4.609099685072746588e+00,5.566806911137677893e+00,5.173403994737311606e+00,3.129295842805590588e+00
1.209245023819856879e+00,3.102962469171808735e+00,4.529214477679905926e+00,5.217695037748461218e+00,4.287959401111891111e+00,3.054250353272704110e+00
1.488315355595162259e+00,3.587418911859145965e+00,4.149410326613446109e+00,4.255769222240797234e+00,3.577765321965761469e+00,3.077159435315110159e+00
2.495441623916311968e+00,2.212284880540221543e+00,5.179317963029632210e+00,3.872992741044984033e+00,4.650928112935732273e+00,4.822214977064079200e+00
0.000000000000000000e+00,0.000000000000000000e+00,0.000000000000000000e+00,0.000000000000000000e+00,0.000000000000000000e+00,0.000000000000000000e+00
2.673396399871907914e+00,4.048869309142681061e+00,4.125167015682770888e+00,1.448325546014809451e+00,4.365210000814670366e+00,2.570598268730492464e+00
7.704071645535597312e-01,1.009025781188426230e-01,4.110082903371052865e+00,2.512711053498680069e+00,4.753597145504263821e+00,7.058277504862655150e+00
3.154472216798279049e+00,3.366072292115616094e+00,4.714702272005125927e+00,3.828961916671393517e+00,4.728237800464407670e+00,2.873757663026350162e+00
0.000000000000000000e+00,0.000000000000000000e+00,0.000000000000000000e+00,0.000000000000000000e+00,0.000000000000000000e+00,0.000000000000000000e+00
6.075088291689919373e+00,4.052504622567884240e+00,2.824080263071397923e+00,8.625456891767977474e-01,9.189056601953549119e-02,2.305604410672882576e+00
7.565612139177626538e-01,2.202522115602524533e+00,3.562116749545462202e+00,2.922752494931788014e+00,2.756067130973720580e+00,3.997911762570971916e+00
3.019395816455881842e+00,5.019134890443399222e+00,5.470237759092175800e+00,3.390885436007250231e+00,1.136391205039271934e+00,3.868265145701076158e+00
0.000000000000000000e+00,0.000000000000000000e+00,0.000000000000000000e+00,0.000000000000000000e+00,0.000000000000000000e+00,0.000000000000000000e+00
0.000000000000000000e+00,0.000000000000000000e+00,0.000000000000000000e+00,0.000000000000000000e+00,0.000000000000000000e+00,0.000000000000000000e+00
4.804478602246901708e+00,1.275845764404887284e+00,2.657889297162600251e+00,1.966416378451899316e+00,1.747305159349934467e+00,3.590928143237865910e+00
0.000000000000000000e+00,0.000000000000000000e+00,0.000000000000000000e+00,0.000000000000000000e+00,0.000000000000000000e+00,0.000000000000000000e+00
2.205995101764917976e+00,2.910445624260146413e+00,3.541035415590284785e+00,2.720606665164459592e+00,2.158186992242742797e+00,3.188396602566105464e+00
4.561009154563334889e+00,2.024644952758625660e+00,4.523731032825996756e+00,4.087427731396179098e+00,8.962359258494432268e-01,3.494622950316842669e+00
2.427472857766821868e+00,1.677103504423924862e+00,4.293995790763372788e+00,2.356233478211708476e+00,2.455320810045333424e+00,3.099948918942932341e+00
2.724495025694397832e+00,9.992325657138230177e-01,5.713796954290725871e+00,2.184668715178011755e+00,3.125903733267068052e+00,5.453123690643628230e+00
4.063522903929658092e+00,2.826286957728390892e+00,2.788709502208001734e+00,4.344764170526944191e+00,2.773719038541404114e+00,3.818825089401657102e+00
9.332984718530363821e-01,5.403564670547402748e+00,4.942151382046287011e+00,3.590818527402203308e+00,2.344844285708852727e+00,5.688784217557735445e+00
9.037019249672655352e-01,1.528701254934621723e+00,6.674464717331207275e+00,5.717627231743699134e+00,2.669105661638703886e+00,3.338323717111071787e+00
1.814374247957188047e+00,2.786037532732029032e+00,4.082275736245119191e+00,4.186214153769451940e+00,2.811579226906016249e+00,1.685057949578770309e+00
2.760775878623144219e+00,1.388025803308135631e+00,2.215531787840410605e+00,2.574927771942498111e+00,2.258704790151780273e+00,1.517380786379211699e+00
1.223420382950703766e+00,3.614378022620151398e+00,2.859663951885088373e+00,6.231502072822507898e-01,2.162843672906254788e+00,2.812787485742370031e+00
3.427584135820075595e+00,1.088489877341916934e+00,2.619051332377210883e+00,2.060718338844936603e+00,2.768805824931093174e+00,2.291096095418577505e+00
0.000000000000000000e+00,0.000000000000000000e+00,0.000000000000000000e+00,0.000000000000000000e+00,0.000000000000000000e+00,0.000000000000000000e+00
1.141070402070342826e+00,1.296142973404404097e+00,5.217506839182950884e+00,2.812800258771351647e+00,4.935764334412500176e+00,5.505359169462776592e+00
3.857569890877685648e+00,3.371700336642625029e+00,4.222042880056359415e+00,5.402657219343554473e+00,9.833087348870428457e-01,4.516149826797302147e-01
2.369342727616700284e+00,3.875839901010309951e+00,4.142727632371967950e+00,3.850477305499356184e+00,1.961311714709388365e+00,3.577881353668038056e+00
8.209815470943353510e-01,1.335115414679594048e+00,5.165359319710415065e+00,3.426068242649228601e+00,5.880075717752991871e+00,3.632814233784571023e+00
0.000000000000000000e+00,0.000000000000000000e+00,0.000000000000000000e+00,0.000000000000000000e+00,0.000000000000000000e+00,0.000000000000000000e+00
0.000000000000000000e+00,0.000000000000000000e+00,0.000000000000000000e+00,0.000000000000000000e+00,0.000000000000000000e+00,0.000000000000000000e+00
2.405192689389981542e+00,2.752046844196854192e+00,7.752363574456002659e+00,3.537374023988702376e+00,2.916574813259559029e+00,2.263612716141124359e+00
4.410958882414640847e+00,4.517786621092689359e+00,4.312003133637029251e+00,2.705156161458874386e+00,1.382093469613495884e+00,5.921072083398122743e+00
8.238792020194189991e-01,1.308827412717203709e+00,6.756675838321636540e+00,3.736000278334033808e+00,3.678385145641282605e+00,4.923302908159010727e+00
2.727978888555479653e+00,4.886032226905504317e+00,7.882638966665089342e+00,4.165104707263041384e+00,3.561323318256345960e+00,4.994220744790500710e+00
3.043589457934715803e+00,4.003339430124995602e+00,6.144327901043262763e+00,4.786792507174511435e+00,4.254959001054032797e+00,6.583607133846245851e+00
3.238697518959170019e+00,1.977415750167094366e+00,6.619766787596748969e+00,4.922346040028140912e+00,4.740354584116751369e+00,6.026644813744014506e+00
3.672380260249639150e+00,3.668153854115407952e+00,5.738855630864120094e+00,7.426163171045944367e+00,3.634940314872120659e+00,6.209527834009830549e+00
2.272917137206993399e+00,3.001179610523728503e+00,4.864996119328514723e+00,6.666865917840938849e+00,4.219640000253818357e+00,4.315961703995023768e+00
1.915757197624139208e+00,3.391292859428802320e+00,7.131896039517663155e+00,5.998579016069212955e+00,3.162006081419473702e+00,2.312183022833626644e+00
4.749622149733784937e+00,4.061246681102133493e+00,4.746018402614640586e+00,4.460161445001094904e+00,3.437355680877812070e+00,4.909721098632734204e+00
4.957126855456760239e+00,5.114081970335564442e+00,5.530515007045449849e+00,3.075220434078193232e+00,1.775881755520698269e+00,5.469263770106756795e+00
6.220673852170059526e+00,4.700107725951222726e+00,3.599049626670913327e+00,2.540051997555146546e+00,2.636487839021679935e+00,5.204751480253428930e+00
9.980490072284529113e-01,2.177862723125355782e+00,6.594670380717589708e+00,3.887585602414412200e+00,4.080863733017993766e+00,4.616138405251619226e+00
3.905814950330976920e+00,2.379858470262375736e+00,3.469118966075668276e+00,4.889786247419828591e+00,4.876938095238746662e+00,4.729373424203997089e+00
1.896273556614031630e+00,3.625288865849432884e+00,4.695774791885728661e+00,3.130803557788513380e+00,4.130667280067522817e+00,4.736602108969792724e+00
3.640263419383448440e+00,4.807400734164309242e+00,3.703094135924335895e+00,2.309265118411305551e+00,2.734024141799419105e+00,2.627264142435322469e+00
1.497359950812631624e+00,2.361789331261090474e+00,5.462881003721638429e+00,2.573424014564807738e+00,3.933007666958564741e+00,5.876220970072386862e+00
3.107045873178461370e+00,3.354930096703422127e+00,4.725581996005686847e+00,3.419602986637572783e+00,4.307430524079530088e+00,3.651957841661747306e+00
2.805492738131488473e+00,3.972884156207695305e+00,4.577568739483385052e+00,3.390808620912517668e+00,4.828082275949942215e+00,5.395965273874681500e+00
8.092986424142323276e-01,7.759694707484676712e-01,4.690535734913600763e+00,3.002870875920758742e+00,7.201405211910872239e+00,5.467127800721424791e+00
3.255922040030306164e+00,4.334019152282261089e+00,4.621428777136534549e+00,3.048319668061048482e+00,5.026468285535838021e+00,5.093067781937209659e+00
0.000000000000000000e+00,0.000000000000000000e+00,0.000000000000000000e+00,0.000000000000000000e+00,0.000000000000000000e+00,0.000000000000000000e+00
8.268197110506672054e-01,2.803855859083745461e+00,6.378460074105376520e+00,2.750962222692610482e+00,3.624946729490812203e+00,4.284362124258656479e+00
4.029233478202201013e+00,5.100157715116854007e+00,6.852348765679903586e+00,6.470586866446758734e+00,3.008286466129292069e+00,2.261910146894321016e+00
