VR1,VR2,VR3,VR4,VR5,VR6
2.353824291370250066e+00,8.328401943807999253e-01,3.127034772420029363e+00,7.252076467876621635e+00,2.920794800558148996e+00,3.896359182486244688e+00
5.767908683100526623e-01,9.816435965624061843e-01,3.132954680227632238e+00,5.494125555445032560e+00,4.613533784041615959e+00,4.561094863438177605e+00
2.568549407404468798e+00,5.351160819293165893e-01,3.939259252063615602e+00,4.158230535870136357e+00,2.268071818843839793e+00,3.088412117002714563e+00
3.277042080854036588e+00,3.665678668505405469e+00,6.639827042241041255e+00,4.823576036803526534e+00,5.661715234607553882e+00,2.405450925811766005e+00
2.874869864237485029e+00,4.045891940549349641e+00,4.967561298876034925e+00,4.404885631472782670e+00,3.855639351479881238e+00,1.422390620284772034e+00
1.761171413698667809e+00,3.473746076663148052e+00,8.869802768915061364e+00,3.135731176733567604e+00,8.175191000815758002e-01,5.664468702628953523e+00
4.349532294736683014e+00,2.657561690111450048e+00,8.798509226278980577e+00,3.340447351186368152e+00,2.711057971788617404e+00,3.296198252027410014e+00
3.419357022607285579e+00,2.985770350307160204e+00,5.846232773241069047e+00,4.787200926410248414e+00,6.273240711745875942e+00,3.626681979085057073e+00
1.613507700197701844e+00,3.250935636712459775e-01,5.301579473528753361e+00,2.795193560862990978e+00,2.894619862213327899e+00,5.132510060819260644e+00
3.301501820803204978e+00,2.091112459037597127e+00,4.100633032640521591e+00,3.364313792468737407e+00,4.007827221748955893e+00,2.761227743526256884e+00
4.378127471008289362e+00,6.660161629025640906e+00,4.228085195215485648e+00,4.725003994824893638e+00,3.370398419772212328e+00,4.445992075280985389e+00
3.491230315396400385e+00,6.858090510599332390e+00,3.109214793356223971e+00,5.054525092299284594e+00,6.885979473407696005e+00,3.958204590183610261e+00
3.971703262484886032e+00,5.560754723068649596e+00,2.973369344020077687e+00,3.268870356432187485e+00,3.658655224309898202e+00,3.789882775386327118e+00
3.533248249572576327e+00,5.572716062236821699e+00,7.015775434842488778e+00,3.668304615386750456e+00,8.743323503699844679e-01,3.527747676398045318e+00
4.860081263320937595e+00,7.485312770553939288e+00,7.164598904340149232e+00,2.281435998631645035e+00,2.451225368232513802e+00,4.258837855111059056e+00
4.228225981565961078e+00,3.397872238538694578e+00,4.964416920484120865e+00,3.940432021815527541e+00,3.623349879350382885e+00,3.658329695677079663e+00
2.622422320232595361e+00,2.268836587240909974e+00,4.788376562827986405e+00,3.123992920652478134e+00,3.757502038349320728e+00,3.129099546341783444e+00
0.000000000000000000e+00,0.000000000000000000e+00,0.000000000000000000e+00,0.000000000000000000e+00,0.000000000000000000e+00,0.000000000000000000e+00
5.343397927508680034e+00,5.046905805086506547e+00,4.728705906936472303e+00,3.498929056269768356e+00,3.364988079365226703e+00,6.015406706470722398e+00
2.285651581601430671e+00,3.072436080578055950e+00,6.841962378636827324e+00,4.556407445517529631e+00,2.899063170749890173e+00,5.264923676997640634e+00
4.110172883624871432e+00,2.985218188597721145e+00,5.634120872216554332e+00,5.334730236149258786e+00,3.801452787154860680e+00,3.348551072883681812e+00
4.133706282006992083e+00,2.992331489212706419e+00,4.949278278236453055e+00,3.902339757616596572e+00,3.051098100819291226e+00,2.808242565096413568e+00
3.803891714646539857e+00,4.620061662272198610e+00,5.046494070963842837e+00,4.260277942156432296e+00,2.530342997556900286e+00,3.959838121129596988e+00
1.741565506945454977e-01,4.015970846874444611e+00,5.980650040478153073e+00,4.728238027666412435e+00,4.150064321195408468e+00,3.720666163596631826e+00
1.971825821517723121e-01,2.760837950860516088e+00,3.204119324853391682e+00,4.744832742316155816e+00,4.558172392621720803e+00,7.202191856760283173e+00
3.199593824405679854e-01,5.149796965358155454e-01,9.681094571708266372e-01,4.585223629574764814e+00,1.544512342320668363e+00,4.277172659730005044e+00
1.199595117818233803e+00,1.151245549030363691e+00,2.163337325362544306e-01,4.395698704492057907e+00,1.644652610355194167e+00,5.766279912073075664e+00
1.396963162479987197e-01,2.174543725475732270e+00,2.837426162389812045e+00,3.983801975647693006e+00,4.416423247899881943e+00,4.191756175533533302e+00
0.000000000000000000e+00,0.000000000000000000e+00,0.000000000000000000e+00,0.000000000000000000e+00,0.000000000000000000e+00,0.000000000000000000e+00
3.142581278963322511e+00,3.045542174778197442e-01,6.432703470609467011e+00,4.195449205968966311e+00,3.754957915489360420e+00,3.791025871051550311e+00
3.076401898611919705e+00,1.902571387608845033e+00,6.660355300858578964e+00,3.628251970931013481e+00,3.833353160268146986e+00,3.753461957041024366e+00
1.731907794884993024e+00,3.243379248822444438e-01,5.028766354830564111e+00,3.336100452382287695e+00,7.451904849535906372e-01,5.774707688214281376e+00
2.685473967310996191e+00,1.682303993803414111e+00,4.412795204475290056e+00,2.142274057392209219e+00,3.194386080429806984e+00,4.384021880891195266e+00
3.012862914803084102e+00,4.547462548060750009e-01,6.337480804502527043e+00,3.623472126987822506e+00,3.652537436969232054e+00,2.293091189663903684e+00
6.858974253672220911e-01,1.206623507317498678e+00,5.301343034549586442e+00,5.033796199442292618e+00,3.184879089474734748e+00,5.362149429997248973e+00
1.004208135207757868e+00,8.408400985830728480e-01,4.577155751566649222e+00,2.807463047719277682e+00,2.714827418009451598e+00,4.949031086628773224e+00
1.867856632799361982e+00,1.791346701615834203e+00,6.089432223962430335e+00,3.241879632350008755e+00,4.064914373735939002e+00,4.331370577219478157e+00
1.529244215242213878e+00,1.512510359627475598e+00,3.499865458207367830e+00,5.886090334239836963e+00,3.356214555877879313e+00,4.356071129730588964e+00
0.000000000000000000e+00,0.000000000000000000e+00,0.000000000000000000e+00,0.000000000000000000e+00,0.000000000000000000e+00,0.000000000000000000e+00
0.000000000000000000e+00,0.000000000000000000e+00,0.000000000000000000e+00,0.000000000000000000e+00,0.000000000000000000e+00,0.000000000000000000e+00
0.000000000000000000e+00,0.000000000000000000e+00,0.000000000000000000e+00,0.000000000000000000e+00,0.000000000000000000e+00,0.000000000000000000e+00
0.000000000000000000e+00,0.000000000000000000e+00,0.000000000000000000e+00,0.000000000000000000e+00,0.000000000000000000e+00,0.000000000000000000e+00
0.000000000000000000e+00,0.000000000000000000e+00,0.000000000000000000e+00,0.000000000000000000e+00,0.000000000000000000e+00,0.000000000000000000e+00
1.108161257483411211e+00,3.620030242920089236e-01,7.284683188486975602e+00,2.154615028673651178e+00,2.521398741382772535e+00,4.170638046858776704e+00
0.000000000000000000e+00,0.000000000000000000e+00,0.000000000000000000e+00,0.000000000000000000e+00,0.000000000000000000e+00,0.000000000000000000e+00
1.685894967617963314e+00,9.564851226186443789e-01,5.519104056589693386e+00,3.174692244733173130e+00,2.811917661989432826e+00,3.427423537070364290e+00
3.163961312099192735e+00,3.862272706347155360e+00,5.312199606986302669e+00,4.890380757560313540e+00,3.326878874849592105e+00,4.835099424076146235e+00
5.904730502495023625e-01,1.798987903969774038e+00,4.562275264566101995e+00,4.513847768867210064e+00,1.712656856181985709e+00,4.721830825744619098e+00
1.354328429045900339e+00,3.020382806283701260e+00,7.161078077590101287e+00,2.329644977438241504e+00,2.070908992193274845e+00,6.355095101785146028e+00
1.472559222976875581e+00,1.297412638176328459e+00,1.026399915596133283e+01,3.693692688501576171e+00,4.676931504984768395e+00,2.559714365671975411e+00
3.216841541979218455e-01,1.378380817991998075e+00,7.394641996108684445e+00,4.513534153834607210e+00,2.112754924456167416e+00,5.567853563533645911e+00
0.000000000000000000e+00,0.000000000000000000e+00,0.000000000000000000e+00,0.000000000000000000e+00,0.000000000000000000e+00,0.000000000000000000e+00
0.000000000000000000e+00,0.000000000000000000e+00,0.000000000000000000e+00,0.000000000000000000e+00,0.000000000000000000e+00,0.000000000000000000e+00
0.000000000000000000e+00,0.000000000000000000e+00,0.000000000000000000e+00,0.000000000000000000e+00,0.000000000000000000e+00,0.000000000000000000e+00
0.000000000000000000e+00,0.000000000000000000e+00,0.000000000000000000e+00,0.000000000000000000e+00,0.000000000000000000e+00,0.000000000000000000e+00
0.000000000000000000e+00,0.000000000000000000e+00,0.000000000000000000e+00,0.000000000000000000e+00,0.000000000000000000e+00,0.000000000000000000e+00
4.108972585540988653e-01,7.259810275688711734e-01,3.580180092884168719e+00,3.923984171524182774e+00,3.436966665094948414e+00,5.648455073904878887e+00
3.166607653465325356e+00,2.355941856750530139e+00,2.408804201320786653e+00,3.985507074147922157e+00,1.939941686427415934e+00,5.290840341830710614e+00
0.000000000000000000e+00,0.000000000000000000e+00,0.000000000000000000e+00,0.000000000000000000e+00,0.000000000000000000e+00,0.000000000000000000e+00
6.380944109261190711e+00,9.149531948493759614e+00,6.956040190199606954e+00,4.336870574476832552e+00,3.112226534589461746e+00,2.432361366652699974e+00
3.628029878187125412e+00,7.355012020875543399e+00,8.143419813927964768e+00,2.982215156973167414e+00,3.379597050537478609e+00,5.184411270659008864e+00
2.751211663717200384e+00,7.398777821405126076e+00,5.229909750723333417e+00,6.309344859475599421e+00,5.277035540421569415e+00,4.198311789025658491e+00
2.180393808517991694e+00,3.363136554774972975e+00,2.772316360911314170e+00,6.562994729376658398e+00,4.935452024696377116e+00,3.554913388324600909e+00
2.281557321688940654e-01,2.360383272572214697e+00,2.431192031685547317e+00,1.615905665324845142e+00,1.430433918686314643e+00,4.773752282611581244e+00
2.283272151453530352e+00,3.896044024647269843e+00,3.566599648433190328e+00,6.337561740109554975e+00,3.841377694110221785e+00,3.789542424245800678e+00
4.499753467509259863e-01,3.742921469664951317e+00,7.674867653532935208e-01,3.410613759897329178e+00,2.151010764087998517e+00,4.694469072432781331e+00
1.146427084688420805e+00,3.699954085854420427e+00,3.157823305709894335e+00,3.738575978053981341e+00,4.233977774223657953e+00,4.655167524265274359e+00
0.000000000000000000e+00,0.000000000000000000e+00,0.000000000000000000e+00,0.000000000000000000e+00,0.000000000000000000e+00,0.000000000000000000e+00
9.352949738809861469e-01,1.455623063143473228e+00,7.956640282497112970e+00,5.696666938838323091e+00,1.843882998790996597e+00,3.299447268692095037e+00
5.685558792727085642e-01,2.158320708389587672e+00,7.752160232114023941e+00,2.451768582038631017e+00,1.662651027417039407e+00,3.271148071673309232e+00
9.031627971045725900e-01,2.911519076616619905e+00,3.526842493542779788e+00,3.775581451510124698e+00,3.804967443166108243e+00,3.451450198144457193e+00
3.855897951155551340e+00,4.609414910504617602e+00,2.983414832690848062e+00,5.313070808133318224e+00,4.624361845930673454e+00,2.243545298632548590e+00
1.109272073445314977e+00,2.864948709396650361e+00,3.398556199939908318e+00,3.199228658982272933e+00,1.417656883471021478e+00,3.316448894716599316e+00
2.601564794250901258e+00,4.017720106930559254e+00,6.410508943753664646e+00,4.318033422461046378e+00,1.543432621492643042e+00,4.440346729529528247e+00
1.882109111166130777e+00,2.449250877088550382e+00,3.438250534151290783e+00,3.037286990342206394e+00,2.468084880399615599e+00,3.392626916673600057e+00
2.066154641856536855e+00,1.180352457459127535e+00,3.084940169443102675e+00,5.656171274324286458e+00,1.935865399214293348e+00,5.063573172182743498e+00
1.958136247930912344e+00,3.973730312488927829e+00,3.988958630053827115e+00,3.773804056111885075e+00,1.520042362631194521e+00,7.037576903510826654e+00
8.704755734170295245e-01,2.435191899000249904e+00,3.172490955577660365e+00,3.481197789693203593e+00,2.064053715452209836e+00,6.113245111470575033e+00
2.182892198417873075e+00,2.770524650082673013e-01,2.540793987534164966e+00,5.242977098652452206e+00,2.464593286419646478e+00,4.342853574852080456e+00
7.716287718183285627e-01,2.524715378895897366e+00,2.006099054179764529e+00,3.533796170603845432e+00,2.065994143444503273e+00,5.184218245187849128e+00
1.868354564906574478e+00,4.698639749774359942e+00,6.032332414336794457e+00,4.146669019183588212e+00,4.781662430455154045e+00,4.943559736981121944e+00
2.500883734061747354e+00,1.710515389218876248e+00,4.543176057837865045e+00,3.258698550995187571e+00,3.127075085606054738e+00,4.066111636638387594e+00
4.510222583733499491e+00,2.956267689427901857e+00,6.296291121897271914e+00,2.915214111809655506e+00,2.170494470956406907e+00,3.904738073635626971e+00
3.573599075618390408e+00,3.240976751169936776e+00,6.773006506628966861e+00,4.796365106272221901e+00,3.073304865160766841e+00,5.045827003339708128e+00
2.336185928603014439e+00,4.227695654316028673e+00,6.925729813297608395e+00,2.828205575376940395e+00,3.395103371385183699e+00,6.251839229633127992e+00
2.615742816536570370e+00,3.105121026202553036e+00,7.672300491945660106e+00,3.846589455711955985e+00,1.463082970680341655e+00,3.977975898942897270e+00
3.569456279228595097e+00,3.215748956164332206e+00,5.119185129260707789e+00,5.500166775164339050e+00,3.518084991804474537e+00,3.555719187695931538e+00
1.312306937008917540e+00,3.581440854607902402e+00,5.699217472945205643e+00,1.311264913165465007e+00,2.512987612213219979e+00,5.495569102126570904e+00
4.184086789033571563e+00,6.638697453466235743e+00,7.068184462446801319e+00,4.539739675847186184e+00,3.587324676976324511e+00,4.416576159018466008e+00
2.894161178008828106e+00,3.541118246954286342e+00,6.074900017536705832e+00,1.692530793713956871e+00,2.782070526958602574e+00,5.241779412402491900e+00
3.729360916767383571e+00,2.590360007371541595e+00,4.519658909465887220e+00,4.873783176764104219e+00,3.482003998664528588e+00,3.445354421162845959e+00
3.172149168683245257e+00,3.378804835523323113e+00,3.693706906742305396e+00,4.223489090513868227e+00,3.307957757170081337e+00,5.567614463639257494e+00
3.071255931558771302e+00,2.896881500571599322e+00,3.057691436587125278e+00,3.844533827602008458e+00,3.807201234360136244e+00,2.903427160624362013e+00
3.507842997569478705e+00,3.761140494011829372e+00,9.759986038203294356e-01,2.113433049400232910e+00,4.438418095881930370e+00,5.011092791260766788e+00
3.458257249761904628e+00,4.139168508981867944e+00,2.685413370936555300e+00,4.096012083409639182e+00,5.250257831992991342e+00,2.875696079518589521e+00
3.642036980593458928e+00,5.281132275399734510e+00,3.398213386457119789e+00,3.610959331304453457e+00,3.555775986666453115e+00,4.877946977571733456e+00
3.780875405768977515e+00,4.481968261932077091e+00,4.297427129745178931e+00,6.178471167685717802e+00,4.045331746620169255e+00,2.872141363962044114e+00
1.669856808934155668e+00,2.964818224520268330e+00,6.339874928883777905e+00,2.488367364676155269e+00,5.484225479376419798e+00,6.281960948597831162e+00
4.475334565996883285e+00,3.256360243396883014e-01,3.390564785164318806e+00,4.411433185472780849e+00,3.734743510449727300e+00,4.479919888462555733e+00
3.291211401828183725e+00,1.093390466990546095e+00,4.263636597269976569e+00,5.250457339618924024e+00,2.836445022432546370e+00,3.430026921485591185e+00
2.171351816228042075e+00,1.008389058272002980e+00,6.037786883041571961e+00,4.170567212300993809e+00,4.063443682653753442e+00,3.919210310188148139e+00
0.000000000000000000e+00,0.000000000000000000e+00,0.000000000000000000e+00,0.000000000000000000e+00,0.000000000000000000e+00,0.000000000000000000e+00
1.368989148076679374e+00,1.198645799486431240e+00,4.688972339043840698e+00,4.091653107894654084e+00,2.386700277570615203e+00,6.321023157304381357e+00
3.494860658500447137e+00,1.475480176679245581e+00,5.728425248886035881e+00,4.093415299291950582e+00,2.918614845842324002e+00,6.777339093662315683e+00
0.000000000000000000e+00,0.000000000000000000e+00,0.000000000000000000e+00,0.000000000000000000e+00,0.000000000000000000e+00,0.000000000000000000e+00
5.452417257912332893e+00,3.073706384565640271e+00,7.182175744097772707e+00,4.306678886359232905e+00,2.392693033651642764e+00,2.795052953080234825e+00
4.339269039943410178e+00,2.632236954015257702e+00,8.798630968262719065e+00,2.758810976044537178e+00,1.865525516748110402e+00,3.234999687001380408e+00
5.120717271746707766e+00,5.728436825067122484e+00,9.280039086002386028e+00,6.350457568728451463e+00,7.016994724402142225e+00,2.532179703548738559e+00
3.783778211144451120e+00,2.929469638450278524e+00,6.659459925101654854e+00,4.436214996196139460e+00,2.744732151387113905e+00,5.786182125327790970e+00
1.992586583045617310e+00,2.013470704468518058e+00,6.048379101515584999e+00,5.410818440868231605e+00,2.451968220810924137e+00,4.413543382336690968e+00
1.808885530535371267e+00,3.881147575829033691e+00,5.324026983017066783e+00,5.559032001480829877e+00,3.388981121021210630e+00,5.242036842628879256e+00
3.850946221535671121e+00,1.786617263191251803e+00,4.143146182313921067e+00,4.295337768711051218e+00,5.861753753196282446e+00,2.039474006870825917e+00
2.031613091627273882e+00,2.995228891533714410e+00,5.412770167514242559e+00,3.203425541079740313e+00,3.513410984271770232e+00,3.603716585800370797e+00
2.206713974345488882e+00,4.410806225116028934e+00,5.306687921512946104e+00,4.612699493543326312e+00,4.007237601469755717e+00,3.877197345682200424e+00
1.565593062521648982e+00,4.564036767297260155e+00,4.164450572581845478e+00,3.316701762626177885e+00,4.609566223484107717e+00,3.266728931138695557e+00
2.021578896413367410e+00,5.001388125250353589e+00,4.833421100625987066e+00,4.656322145313784411e+00,3.139695551313189892e+00,4.286610273877356825e+00
3.105398052682329268e+00,4.816110538258024043e+00,5.293365844627743400e+00,3.986400709456354274e+00,1.970315087247989316e+00,4.841125879220316008e+00
3.139070796336701274e+00,3.067326807184662218e+00,5.413631725301686792e+00,5.503246496588759307e+00,5.218100774008714637e+00,4.036078793812965415e+00
2.302700482031264428e+00,5.024958284014131138e+00,5.293919205291231833e+00,4.126255784909500512e+00,5.567707714693648668e+00,4.480312893452881084e+00
8.915427488827298852e-01,2.009130709005433779e+00,2.697977500265694051e+00,4.101325848628913029e+00,4.242861178636461617e+00,3.709151343274487367e+00
0.000000000000000000e+00,0.000000000000000000e+00,0.000000000000000000e+00,0.000000000000000000e+00,0.000000000000000000e+00,0.000000000000000000e+00
4.587000534239612293e+00,3.382593691970336991e-02,5.088380967231556973e+00,3.944986043466444769e+00,2.530654038234356751e+00,1.366074600048186927e+00
8.466628522572939630e+00,3.678336911864682257e+00,4.032850608036119944e+00,4.419252539743519392e+00,5.942300778247762594e+00,1.545892849981929995e+00
5.024797888466277840e+00,4.148615097377557071e+00,5.302297265607139209e+00,5.873080600606986224e+00,4.528923888278159282e+00,2.915678331280820323e+00
2.216724842362800096e+00,5.304818762204535076e+00,5.503647818827508864e+00,3.623685408047069512e+00,3.493398011948795734e+00,4.572699758810949255e+00
1.279214309138708483e+00,2.673783377101692782e+00,4.937468385514289793e+00,2.908186310061072088e+00,3.180892379948837778e+00,5.088641663247392088e+00
2.399578991100352443e+00,3.001014236173804584e+00,5.647328567593814519e+00,4.272805685051547897e+00,4.928020541815866906e+00,4.332842241360007840e+00
0.000000000000000000e+00,0.000000000000000000e+00,0.000000000000000000e+00,0.000000000000000000e+00,0.000000000000000000e+00,0.000000000000000000e+00
4.417726524072680405e-01,2.622145979945626149e+00,4.108803987681028502e+00,2.957222326182901817e+00,3.141384623066980186e+00,4.699581903637542801e+00
9.476089468388675385e-01,1.784574781177027614e+00,4.794318766834027024e+00,5.635883472672100325e+00,2.948463332192303277e+00,5.449744653513477033e+00
0.000000000000000000e+00,0.000000000000000000e+00,0.000000000000000000e+00,0.000000000000000000e+00,0.000000000000000000e+00,0.000000000000000000e+00
0.000000000000000000e+00,0.000000000000000000e+00,0.000000000000000000e+00,0.000000000000000000e+00,0.000000000000000000e+00,0.000000000000000000e+00
3.879461974786786005e+00,3.349439047047405360e+00,8.212047405188634741e+00,3.122333657841786181e+00,3.323429743514024093e+00,4.130850378376816678e+00
4.134490923845582699e+00,3.260859106592754575e+00,5.489859898517556402e+00,4.080716621025382018e+00,2.711657236094716872e+00,3.083288723087934002e+00
3.948028558668375876e+00,5.728135879655727791e+00,5.079570773530776684e+00,2.983501077097882703e+00,1.690320834190097044e+00,3.967761994840642181e+00
4.843065483537816185e+00,5.928152470486571346e+00,6.815357917190191017e+00,3.019727915425145071e+00,4.356591892083749862e+00,2.962199303641373405e+00
4.584111591691650389e+00,5.675455493673858598e+00,5.496056046012777863e+00,4.993426510766203918e+00,2.504147141237083929e+00,2.325005931134624504e+00
2.665934746127755162e+00,8.284890172474744574e+00,7.028348934088114675e+00,2.881053535630216267e+00,2.677858058793622931e+00,4.241958965162502260e+00
3.586837446478501779e+00,7.066212659836597965e+00,5.331806103443596179e+00,2.375767690037217328e+00,2.304305733476925688e+00,3.210861838850929573e+00
2.326759207072017333e+00,4.715352652326577854e+00,7.200288386049598977e+00,4.571032301678287446e+00,4.869716008662383189e+00,2.557745340197846051e+00
1.995760558759780867e+00,3.538104534727590789e+00,5.857593906527590377e+00,4.834838494614950299e+00,3.366114955993877444e+00,2.433577339980084631e+00
2.911198003354871666e+00,4.604410618720564230e+00,6.641897046852643705e+00,3.545302347000532706e+00,4.344284020636628441e+00,3.506030473631695177e+00
3.630636058115268572e+00,3.885308120327405135e+00,5.219348897362020345e+00,2.769135273597551183e+00,2.483814157690742874e+00,3.970137800896865077e+00
3.802023043458434337e+00,6.329567891629122478e+00,5.339695407190552245e+00,6.148501323533370311e+00,5.264192442715136089e+00,3.470077394655626257e+00
1.131844951987786896e+00,5.154048524528445085e+00,4.509095493801419607e+00,3.734515886868914336e+00,3.460542766138053672e+00,4.224165810360397622e+00
3.842258648859924186e-01,3.729288838551316321e+00,3.199897007756035805e+00,8.576803105934752480e+00,5.562527012753798239e+00,4.005309508989780554e+00
0.000000000000000000e+00,0.000000000000000000e+00,0.000000000000000000e+00,0.000000000000000000e+00,0.000000000000000000e+00,0.000000000000000000e+00
0.000000000000000000e+00,0.000000000000000000e+00,0.000000000000000000e+00,0.000000000000000000e+00,0.000000000000000000e+00,0.000000000000000000e+00
7.665892938943090762e-01,2.240079821467238386e+00,2.481618158536754493e+00,4.475716617143259413e+00,2.364953427691847132e+00,4.662423835214078771e+00
0.000000000000000000e+00,0.000000000000000000e+00,0.000000000000000000e+00,0.000000000000000000e+00,0.000000000000000000e+00,0.000000000000000000e+00
