VR1,VR2,VR3,VR4,VR5,VR6
2.401268469898838021e+00,3.013233375773803679e+00,4.985218646525084729e+00,4.038201723647537378e+00,3.213485462320268216e+00,4.232420421033282310e+00
2.403839491147009788e+00,3.007920711100296352e+00,5.032727342561681638e+00,4.048117516067614829e+00,3.220981810828249081e+00,4.190841296087461920e+00
2.407282233705558827e+00,3.008766449255313891e+00,4.994208186432149255e+00,4.057425500723394585e+00,3.219393313825859693e+00,4.217760029341705241e+00
2.397290090570125098e+00,3.005639283580573196e+00,5.024601843398011525e+00,4.064172663811699948e+00,3.211627707750127847e+00,4.224670861435835256e+00
2.410705285207416892e+00,3.003278387532025029e+00,5.012383359525053983e+00,4.042997515594334956e+00,3.196423829999150534e+00,4.249850518941575395e+00
2.399071783308885486e+00,3.014390353667439459e+00,4.991692066328594635e+00,4.048013880029919243e+00,3.189539065590891287e+00,4.259080784609794890e+00
2.405653126897414840e+00,3.021199113283936200e+00,4.978937448351079098e+00,4.035327142143946055e+00,3.222377282338314775e+00,4.256962234922783139e+00
2.374988325303033498e+00,3.018437461226256779e+00,5.052657409001213296e+00,4.014994071837321599e+00,3.233868170600520120e+00,4.207386198063113092e+00
2.399815325912602937e+00,3.005042557568697426e+00,4.986724940273260742e+00,4.017478295977973346e+00,3.199664799289614336e+00,4.246558550134438725e+00
2.374977397466904172e+00,3.012613974243392612e+00,5.011855865126077170e+00,4.038935361297806281e+00,3.226835793461320989e+00,4.210481813523762717e+00
2.416661041254191566e+00,3.012268361410855633e+00,4.997851771821555822e+00,4.078393210796622981e+00,3.199737821009646765e+00,4.217153113097536377e+00
2.393377505642209080e+00,3.004568186579794631e+00,5.008595268153936075e+00,4.075069155979387681e+00,3.224435785228425999e+00,4.239698934420898624e+00
2.406828277453476606e+00,3.007626594713631363e+00,5.005273463295228709e+00,4.046373079499885783e+00,3.207178067335886951e+00,4.239451754842468389e+00
2.403723396010307489e+00,3.003059134560348564e+00,5.007683212232468151e+00,4.055707747076998437e+00,3.204333405155638026e+00,4.231514407981061154e+00
2.401349010624193259e+00,3.035297649535113607e+00,5.001844360180737858e+00,4.061528199685058738e+00,3.215882043204846052e+00,4.218637979495400536e+00
2.401918186282983925e+00,3.019222267655238934e+00,4.991564041015334574e+00,4.046802119377127305e+00,3.186524755668456166e+00,4.254755040750717754e+00
2.397999191603909619e+00,3.013632010647198545e+00,5.043911925266601592e+00,4.047851055890352434e+00,3.224161990226158014e+00,4.216505187753010198e+00
2.404894048448845467e+00,3.021546994223472282e+00,4.958032708908953090e+00,4.066133287562378129e+00,3.184267478432455611e+00,4.245323454751860126e+00
2.417448419104575308e+00,3.041670421925152024e+00,5.040433146998928748e+00,4.045695292632120577e+00,3.221180330134667980e+00,4.215675941553999273e+00
2.403767535708154490e+00,3.024888762505883566e+00,4.977760083816353820e+00,4.027824581945776750e+00,3.225130780610072634e+00,4.222342478421895251e+00
2.431469516448600654e+00,3.012965194936588098e+00,5.013944698109097153e+00,4.041590561438199281e+00,3.228381715232621740e+00,4.229979126960586200e+00
2.410735790362027231e+00,3.009489737480933513e+00,4.991573915396915417e+00,4.010986566156022448e+00,3.210187098464432509e+00,4.245440534812341404e+00
2.398588192617188142e+00,3.017265170320588386e+00,5.012755131645666218e+00,4.043420141901968634e+00,3.205263534506897827e+00,4.253013431328763083e+00
2.383085513825334179e+00,3.036956871478694087e+00,5.020816758730854090e+00,4.056771038439181964e+00,3.214722297131781481e+00,4.246388806671100191e+00
2.405038121116981120e+00,3.037965144434368714e+00,5.006935540495204506e+00,4.056805827919580665e+00,3.195569965818975344e+00,4.245934051747231486e+00
2.411822738803316213e+00,3.051004493294606323e+00,5.017524239552584753e+00,4.021766596464117605e+00,3.231739953787435393e+00,4.219904378786837995e+00
2.402620715499670823e+00,3.038205050748949976e+00,5.030470100706403436e+00,4.021280610592500082e+00,3.225728235522440368e+00,4.213827689366890894e+00
2.411359366760696510e+00,3.008902903225405545e+00,5.021880607322578349e+00,4.036965625833261129e+00,3.231493016611775460e+00,4.197805109496392184e+00
2.405437657890153957e+00,3.022795125877236533e+00,4.994787681057466955e+00,4.062623428826534600e+00,3.191374497686572997e+00,4.204332932831530201e+00
2.417021202587144035e+00,2.998913003125750709e+00,4.982039693408178316e+00,4.084038385212230615e+00,3.223010285432253319e+00,4.220456457877364009e+00
2.402104850698697280e+00,3.014799999105633788e+00,5.008704692423211036e+00,4.058818732958206610e+00,3.209931516969878551e+00,4.223699575130132722e+00
2.386124262470072477e+00,3.002468123828099245e+00,5.014072325958530918e+00,4.060565218861499126e+00,3.208331469029631844e+00,4.220628690865765087e+00
2.406071119577299466e+00,3.008287711689348054e+00,5.025661916445039346e+00,4.039081970529183607e+00,3.185005372239997801e+00,4.221628074196880576e+00
2.379630161933778520e+00,3.020038284678555396e+00,4.995309626562187688e+00,4.055923661394471580e+00,3.208872563382464183e+00,4.247457188545716633e+00
2.411185362654755693e+00,3.013296020988433188e+00,4.988744292061013219e+00,4.051837718567147029e+00,3.193705221057334231e+00,4.240587143691004535e+00
2.388175440140345440e+00,3.027932770113546557e+00,5.020789850164901758e+00,4.035863024487102102e+00,3.193541995110260601e+00,4.239199056343022853e+00
2.407486905770332530e+00,3.029344522481161928e+00,5.036523360275205974e+00,4.016872190734980919e+00,3.186293167564152373e+00,4.225234615771975122e+00
2.430432714851848530e+00,3.011590207716943191e+00,4.995628064644904498e+00,4.040247663223609287e+00,3.198644521460312973e+00,4.273794999364952218e+00
2.377700505849421830e+00,3.009797290474127696e+00,5.000224335006985932e+00,4.035543207955380574e+00,3.214949170416142810e+00,4.239672161908169201e+00
2.390836050527369583e+00,3.025410142283122106e+00,5.027358520756885163e+00,4.037863492723060332e+00,3.206808233582368661e+00,4.206798919201467868e+00
2.396720204898403761e+00,3.044740927692292765e+00,5.023646708349863488e+00,4.045627974851799813e+00,3.204389308006524217e+00,4.219578053905584270e+00
2.414703141386961960e+00,3.030936725659260755e+00,4.993044182306325851e+00,4.057675239267435785e+00,3.194013566805698368e+00,4.231233671516753780e+00
2.393108972622605801e+00,3.033575477092929518e+00,5.011233441875955208e+00,4.048487830475854921e+00,3.183613881864848949e+00,4.220852216160531079e+00
2.428503259448784757e+00,3.037626338376335777e+00,4.992797698662732486e+00,4.045459027431970611e+00,3.197171856533001399e+00,4.247821442253296276e+00
2.406603950327018904e+00,3.031262182606504041e+00,5.014410220884328417e+00,4.032897071403726663e+00,3.232285921076269108e+00,4.209080390805726601e+00
2.415399747584277002e+00,3.046677930195909934e+00,5.052495583954628167e+00,4.031034076579227410e+00,3.224731836090965142e+00,4.202162456386143496e+00
2.395815230856153999e+00,3.016794466348390102e+00,4.979824741008942013e+00,4.047711953078596103e+00,3.210613278026552386e+00,4.249880981066093355e+00
2.402694197661315201e+00,3.027707506442832486e+00,5.025224143484291695e+00,4.037897386806204025e+00,3.234712136337600796e+00,4.243210912420885883e+00
2.391703896622955572e+00,3.024020080980241332e+00,5.015541498962500455e+00,4.053078927615142213e+00,3.223030702393677061e+00,4.240653420640051685e+00
2.388046047658279214e+00,3.021793756425289690e+00,5.004293297614750280e+00,4.046316734138142301e+00,3.214764177862921901e+00,4.243334504984960454e+00
2.399091409251540963e+00,3.021415766507073108e+00,5.012975942010313268e+00,4.061317936161223052e+00,3.199600874814094276e+00,4.238642764244904271e+00
2.406448918653584013e+00,3.027108139496290651e+00,5.010967800160216257e+00,4.040724537441556130e+00,3.216505794329087120e+00,4.226820838313592787e+00
2.418637212185360319e+00,3.039860472640707023e+00,5.022324536857788679e+00,4.039580648269116558e+00,3.216284867421954186e+00,4.234426798415150017e+00
2.389804010606156215e+00,3.003882686276968972e+00,5.030018938881408275e+00,4.031266533582570588e+00,3.204950748023694285e+00,4.228994480842354520e+00
2.400828208599757208e+00,3.021615560408595247e+00,4.989111174910044966e+00,4.052245499126557959e+00,3.212416152818514892e+00,4.231595064317145827e+00
2.371490272701207047e+00,3.030351942641956953e+00,5.016795461541938117e+00,4.068685385683616040e+00,3.211199363082315461e+00,4.237681159463964065e+00
2.399670642727734116e+00,3.022808168294517817e+00,5.008376845317753734e+00,4.029077791438894884e+00,3.205624070870474629e+00,4.228589484279954291e+00
2.411609832574939993e+00,3.020913579878623523e+00,5.002218521226353687e+00,4.015351576252570887e+00,3.232526255929808912e+00,4.212093622829035766e+00
2.422302697862175336e+00,3.033510733374327639e+00,5.022891602103340070e+00,4.036011568550220474e+00,3.228673616974506722e+00,4.214668368033844814e+00
2.393748094476957355e+00,2.994129637452059178e+00,5.003300153599495204e+00,4.047263763300192885e+00,3.193640697962601749e+00,4.249647585799968041e+00
2.400889750971209935e+00,2.986835726908256383e+00,5.021741675410212657e+00,4.046590883246096837e+00,3.206096097471405226e+00,4.223699990336612586e+00
2.393456391963649565e+00,3.018093679005873664e+00,5.020943920656637971e+00,4.051390596023963120e+00,3.212378220855066857e+00,4.236693595158659953e+00
2.418724950712473287e+00,3.022890868693338895e+00,5.007844638439863161e+00,4.044133214297681356e+00,3.203029760478667942e+00,4.246269002305910867e+00
2.361424767645386336e+00,3.024474573604489791e+00,5.007532159434673780e+00,4.053732743755218415e+00,3.212271683098418595e+00,4.234107926635164887e+00
2.386219334739451359e+00,3.040432534321983127e+00,5.018083184606779490e+00,4.049084215814601428e+00,3.223239922090157972e+00,4.200838635239079188e+00
2.435490260391371287e+00,3.032868589288597150e+00,4.990213413122381425e+00,4.049019914655127117e+00,3.187454851177401682e+00,4.252762733979521315e+00
2.392747388267241426e+00,3.012865045158905186e+00,4.997375280815703036e+00,4.066182492622847811e+00,3.202706062902319406e+00,4.237855651664675705e+00
2.400023454991656813e+00,3.023554466997173229e+00,5.005181462247231039e+00,4.039986837563493971e+00,3.209040736945177219e+00,4.226920103607268331e+00
2.399740719674639422e+00,3.011006560027559953e+00,5.013628052148496828e+00,4.058806280341340944e+00,3.215726614885214385e+00,4.234163052684012385e+00
2.388902905686887124e+00,3.012823807391995068e+00,4.998612869021349603e+00,4.070894134976659196e+00,3.201649723419437432e+00,4.231230394025605968e+00
2.393926801541037985e+00,3.019407618455649089e+00,4.990503719739786348e+00,4.043511214744140325e+00,3.224647691619243695e+00,4.238532930675891208e+00
2.397651342600458424e+00,3.036312966282160630e+00,4.999343696879428478e+00,4.052814074068363581e+00,3.201374664863124497e+00,4.225571032123057513e+00
2.394524848510359849e+00,3.030372629175443588e+00,5.010097403631578850e+00,4.038124673372943008e+00,3.218620593800833873e+00,4.237932583521636154e+00
2.386939306298951458e+00,3.030355544655928490e+00,5.018766434254942510e+00,4.051039487234594283e+00,3.226780976480409180e+00,4.223784279720041113e+00
2.425996948129194752e+00,3.025884939408258312e+00,5.013435444990538059e+00,4.053211687691037568e+00,3.215718848082764314e+00,4.236889648940699971e+00
2.391498194562046375e+00,3.010672466415694970e+00,4.991890210297716735e+00,4.036105255883208009e+00,3.202015809203284658e+00,4.242486266789851967e+00
2.403217085928737173e+00,3.025514747932338988e+00,5.011017241032388547e+00,4.039087824454862918e+00,3.229451127367241714e+00,4.233290206448886650e+00
2.406670138804654524e+00,3.014160477950317496e+00,5.009123102355609092e+00,4.036764698303054288e+00,3.209648402630620900e+00,4.224635479111818803e+00
2.399689819900233001e+00,3.021293055677565231e+00,4.995807916731129339e+00,4.073846799257659690e+00,3.211599951930592667e+00,4.229341462769624194e+00
2.405661477103380186e+00,3.022469483607520768e+00,5.022415817707088337e+00,4.061169360371669868e+00,3.224907211485227521e+00,4.219499578518083105e+00
2.381525017940469002e+00,3.038929378605338627e+00,4.994875567850140641e+00,4.053363892690473591e+00,3.198195233390022540e+00,4.226710945486990667e+00
2.394398814160813682e+00,3.029827459995188654e+00,5.011918877240968406e+00,4.063524999484695144e+00,3.220334402917926386e+00,4.231237887654741847e+00
2.411658887316406652e+00,3.011331084621255538e+00,5.015614258540523451e+00,4.057791282941490607e+00,3.216755721887815778e+00,4.213563039584682812e+00
2.393478086450788300e+00,3.035125633377940613e+00,4.988278448935001386e+00,4.076232622497338198e+00,3.172974017899151011e+00,4.255068914956527060e+00
2.371900365633694552e+00,3.030815643436117757e+00,5.033554775726482688e+00,4.056600453933453032e+00,3.238468500736682909e+00,4.216107767691050334e+00
2.427706900836297699e+00,3.012186562888363728e+00,4.973564711387693293e+00,4.045331750585194897e+00,3.190737115465586360e+00,4.244958768428152673e+00
2.403089325016991573e+00,3.020516567183833878e+00,5.043859878286517606e+00,4.034976128757005398e+00,3.222256756483337536e+00,4.201342170538024057e+00
2.415824904306198118e+00,2.999728086295200047e+00,5.010594159092442546e+00,4.032710691581957718e+00,3.217624621601902657e+00,4.217600018485438973e+00
2.410752803433510394e+00,3.009970883898577032e+00,5.032898404993801478e+00,4.066821017842723762e+00,3.233778879452477995e+00,4.218872698399172450e+00
2.415993626731296917e+00,3.031245044483122264e+00,5.017068566448262601e+00,4.065617866015768911e+00,3.189592683054508715e+00,4.203589374163339443e+00
2.395742292804635909e+00,3.011520533360244389e+00,5.018930939975482453e+00,4.059744152059828082e+00,3.208346506017213162e+00,4.204415137734398122e+00
2.422038919987357986e+00,3.015014304358917041e+00,5.009850649334643080e+00,4.058369627002263336e+00,3.217407682984207096e+00,4.229976424324273232e+00
2.405388530074930031e+00,3.016639762242949718e+00,5.019559081258499589e+00,4.049422090441283650e+00,3.210688663744422300e+00,4.233266097800081340e+00
2.406089309944876575e+00,3.017385007108248640e+00,4.975622494485487657e+00,4.050210952969663047e+00,3.204511946824074364e+00,4.261704725020541318e+00
2.389277775159114547e+00,3.019999305893875441e+00,5.024094414384521201e+00,4.043452046380600073e+00,3.219339826884646261e+00,4.231671318120237224e+00
2.404205554621847263e+00,3.020924486338089299e+00,5.003067782852434142e+00,4.031772917033537240e+00,3.208207735707582220e+00,4.232460412063028699e+00
2.410135314003484464e+00,3.033380121035878396e+00,5.012835960287470805e+00,4.046607714429574898e+00,3.209732353268846872e+00,4.229136649212708932e+00
2.396099615408342043e+00,3.032966760614675295e+00,4.999425626801467182e+00,4.057422908821004093e+00,3.211897680885137163e+00,4.218830524288143202e+00
2.389430172736783931e+00,3.026315879296277878e+00,5.003467619791706511e+00,4.069261907844339277e+00,3.197342346876542951e+00,4.219217435192805787e+00
2.391266753186643168e+00,3.033610467440437830e+00,5.017086963264228316e+00,4.064777219419163146e+00,3.234167644657814922e+00,4.225423244002503687e+00
2.404091056744692256e+00,3.027484516677300341e+00,5.014932577474803921e+00,4.038765295598634175e+00,3.212872343455225099e+00,4.219720302402210521e+00
2.413528530824574414e+00,3.011004242692084443e+00,5.016133602754797138e+00,4.046443509717748910e+00,3.218694443881271461e+00,4.217861697986394098e+00
2.395607744116128757e+00,3.014715639392155033e+00,5.030689622267574990e+00,4.052045685378091733e+00,3.219830916899669493e+00,4.221948230890781417e+00
2.407232836043552648e+00,3.032235298305612226e+00,4.979403834069773715e+00,4.076918746061974907e+00,3.202661258524434285e+00,4.233390696971770950e+00
2.386040780388841487e+00,3.025647050717827025e+00,5.015044554299394441e+00,4.047502040007698199e+00,3.211267455693551653e+00,4.239044710513544700e+00
2.386418814500727237e+00,3.024370754492826219e+00,4.988902040651631786e+00,4.046143938187794831e+00,3.195091721507858473e+00,4.248892811209021403e+00
2.398309277247673066e+00,3.010284832766784380e+00,5.021662763455138290e+00,4.056630346240249096e+00,3.217420422627564225e+00,4.223192824098299880e+00
2.400539917666498546e+00,3.021734301671037404e+00,5.021678529093398957e+00,4.065356038256782156e+00,3.218863013911474891e+00,4.207923788637479845e+00
2.392627666131944775e+00,3.014132410916337435e+00,5.014774702019131780e+00,4.047000004391398065e+00,3.244027049522388850e+00,4.237258111991261345e+00
2.410706700719505324e+00,3.047579813971320828e+00,5.024344714599577877e+00,4.036801398811128649e+00,3.227432829099965428e+00,4.217135528720718618e+00
2.391608431900206000e+00,3.043082737444038788e+00,4.998106385147184305e+00,4.042139187598220218e+00,3.222002730102769608e+00,4.219276320390575208e+00
2.418428820235305476e+00,3.019270638935838580e+00,5.013209219625677449e+00,4.058778635611917096e+00,3.214687419339188779e+00,4.235377960988462753e+00
2.403689890221510250e+00,3.037614822762950695e+00,5.029392699011030921e+00,4.054749626998018108e+00,3.213194320031195872e+00,4.250321410653081777e+00
2.415892660137122228e+00,3.021444837292653673e+00,5.023988294162914592e+00,4.048987579049355467e+00,3.192582884164501866e+00,4.242204020565438327e+00
2.393777526496661867e+00,3.026696344011109208e+00,5.021279729245340384e+00,4.042561352719434176e+00,3.217995230619492997e+00,4.220840101483702256e+00
2.400495408505005646e+00,3.018579987344111704e+00,4.996107187867607990e+00,4.039958708862561920e+00,3.205648296919149320e+00,4.232660996615058124e+00
2.387652959286212351e+00,3.012067624505923913e+00,5.010811269338490526e+00,4.070755195051664721e+00,3.204204960775217881e+00,4.259906185376063803e+00
2.383891825697702416e+00,2.985739551979520900e+00,5.000331830158152080e+00,4.040412088615513930e+00,3.196843991784679151e+00,4.251855352241405761e+00
2.404674244324254140e+00,2.999422713148530928e+00,5.014047785891027509e+00,4.042344108283629112e+00,3.213278371150612767e+00,4.237414380352494625e+00
2.411997311940540900e+00,3.025327336518870869e+00,5.007378356339584613e+00,4.076674926223791573e+00,3.216724089863784553e+00,4.225759596560109799e+00
2.390254257820273676e+00,2.998948814468977986e+00,4.993405068466817198e+00,4.059243386373345253e+00,3.202689236884757484e+00,4.236010079840479392e+00
2.420084568543712678e+00,3.002034110254089949e+00,5.032596952055461870e+00,4.043450994196733816e+00,3.231769536559713440e+00,4.199437084480448057e+00
2.410354647478078149e+00,2.994079596651122444e+00,4.992454681639964420e+00,4.068340762708017699e+00,3.199179554339062204e+00,4.242844447938203700e+00
2.374629294049808159e+00,3.011916545578055437e+00,4.999698057572658172e+00,4.073286365723924440e+00,3.172561907792569524e+00,4.263642042759355988e+00
2.369431993749483656e+00,3.006747776430131580e+00,5.012971347315160919e+00,4.050031499239578281e+00,3.188139078015506556e+00,4.256541638479344414e+00
2.384328892438978276e+00,3.006119027598944893e+00,5.002271424091560448e+00,4.046561114609731113e+00,3.204271367058761033e+00,4.257597226159591131e+00
2.411871085157145433e+00,3.000067459441542628e+00,5.019693492521025924e+00,4.037540426110906466e+00,3.204806005077213360e+00,4.230580506372010774e+00
2.412725371796172968e+00,3.013545121538153460e+00,5.036936509966863262e+00,4.037067426585090324e+00,3.221790069114307098e+00,4.197242381675811096e+00
2.431624168891059146e+00,3.016221759770306932e+00,5.006970694827106882e+00,4.053920634002329493e+00,3.204422296785629953e+00,4.212934667379447440e+00
2.411142734460043791e+00,3.023083263225768480e+00,4.999522200874620736e+00,4.072257001544827837e+00,3.212697199198247588e+00,4.213683294262641432e+00
2.406144903159849413e+00,3.021794185304758074e+00,5.012979783824204283e+00,4.051908751629764716e+00,3.212099630155009322e+00,4.248430248545355781e+00
2.362663840762127876e+00,3.007873567346503130e+00,5.019283717385938814e+00,4.044293171953214028e+00,3.214142742959440913e+00,4.221445209913792240e+00
2.427797036419012677e+00,3.011303231372743472e+00,5.016032970022034299e+00,4.057784993019313724e+00,3.224839821592139444e+00,4.217844341838989486e+00
2.417164594794215304e+00,3.014467044196773582e+00,5.003548538929243783e+00,4.056194557030181613e+00,3.222571904313553226e+00,4.239886059241214866e+00
2.410472996235641485e+00,3.009508222562805813e+00,5.017505428720150817e+00,4.025168134767065808e+00,3.221130291796689527e+00,4.237099578562802726e+00
2.389097414158992905e+00,3.017672994380687257e+00,5.022999108871280427e+00,4.048155037478137430e+00,3.210535704224595666e+00,4.220749567685463610e+00
2.394205897655863335e+00,3.027241224826169308e+00,4.995673794491201747e+00,4.053834724235720444e+00,3.195079989984458635e+00,4.227651750797202013e+00
2.399100180925370029e+00,3.009245130096702692e+00,5.032426621299604719e+00,4.065496209986886100e+00,3.208126229106530669e+00,4.225832954772454464e+00
2.400874739156498627e+00,3.038021371745042387e+00,5.016400377105119546e+00,4.063176378307999492e+00,3.200440108768189074e+00,4.225862750868822459e+00
2.406155218838435417e+00,3.029690040652779359e+00,5.023039909022971372e+00,4.039646712460656985e+00,3.218102861528577385e+00,4.208035936432608537e+00
2.412088192093408079e+00,3.037350547228595321e+00,5.011095975602634311e+00,4.044497478868801288e+00,3.214757216484145808e+00,4.224416542464028979e+00
2.401363364685360935e+00,2.999560191210945082e+00,5.007697912399657447e+00,4.070946548508308283e+00,3.185244620684286598e+00,4.236950697989232850e+00
2.397528587076791950e+00,3.007754201108391534e+00,5.001289356832818278e+00,4.038238246265677844e+00,3.195637032435695968e+00,4.247171414091218900e+00
2.377219871925723815e+00,3.021367362027122638e+00,5.003620390327411904e+00,4.036076978780716473e+00,3.206881574892367581e+00,4.229258039626444088e+00
2.424875087543636454e+00,3.029176689616366325e+00,5.004254169315670353e+00,4.032969604769894190e+00,3.212979350045721549e+00,4.223966528224305961e+00
2.408844629012531602e+00,3.040416342264252059e+00,5.007767423887446334e+00,4.069010691914553668e+00,3.235722993256802571e+00,4.236887994658864010e+00
2.394713800583094354e+00,3.030380015126237669e+00,5.005155505770587432e+00,4.042528468476561443e+00,3.206736185063829847e+00,4.218404123597299105e+00
2.405235621994212813e+00,3.018039313820187086e+00,4.988141940652345951e+00,4.038176358806969901e+00,3.211901829555602994e+00,4.245752495717651342e+00
2.387165100690161523e+00,3.040581162651282643e+00,5.010611043886088467e+00,4.047091490865532215e+00,3.204442519493698516e+00,4.230229166980755906e+00
2.389281814693033912e+00,3.023560505650244590e+00,5.021812756292873381e+00,4.058914674612515761e+00,3.186355277534766994e+00,4.235026701219529066e+00
