VR1,VR2,VR3,VR4,VR5,VR6
3.283199448765758532e+00,4.673492208368045020e+00,3.972537338680013796e+00,4.016926514250912739e+00,4.812009394559503050e+00,4.456551422785149263e+00
0.000000000000000000e+00,0.000000000000000000e+00,0.000000000000000000e+00,0.000000000000000000e+00,0.000000000000000000e+00,0.000000000000000000e+00
7.264732189275269203e-01,2.215429713976910353e+00,6.259647412479153239e+00,4.761825023402792567e+00,6.114605769257921430e+00,3.878512661146780616e+00
0.000000000000000000e+00,0.000000000000000000e+00,0.000000000000000000e+00,0.000000000000000000e+00,0.000000000000000000e+00,0.000000000000000000e+00
8.719881182503330663e-02,3.967035823777353976e-01,5.681627759197311889e+00,4.906687153463952455e+00,3.078487342673668081e+00,3.831613535694404771e+00
2.698683047206339225e+00,2.720336490894066372e+00,3.747373176943432416e+00,2.132090256826741026e+00,2.364705537431523119e+00,2.547633137300137740e+00
0.000000000000000000e+00,0.000000000000000000e+00,0.000000000000000000e+00,0.000000000000000000e+00,0.000000000000000000e+00,0.000000000000000000e+00
9.252188461867101310e-01,2.711716008343372675e+00,4.872396614869257014e+00,3.817034777781087573e+00,6.622613235177966295e+00,4.279393676731833018e+00
9.379175577409293307e-01,5.516310007294091378e+00,6.280839430857659167e+00,2.500584364697615136e+00,3.864179427437590242e+00,3.543146955336919923e+00
2.399675177488455269e+00,1.813036462878856891e+00,5.778705918185033319e+00,5.687720062060281023e+00,3.975630442245006169e+00,4.176484198133245229e+00
2.109842110635824497e+00,3.718202586558310596e+00,5.867720863396373332e+00,5.559924758747357032e+00,2.226104529461943038e+00,4.123832986610813656e+00
2.848090028122694850e+00,2.606363421947685222e+00,7.331663409763953254e+00,4.076963303494679280e+00,3.062043047594502632e+00,2.222877149113359430e+00
3.329908009651555201e+00,2.695464675580088176e+00,4.979819323803178932e+00,5.552166998995718750e+00,2.550683981732935646e+00,6.039925278370326112e+00
1.563638492332185770e+00,3.854992474406873981e+00,5.443851134580765638e+00,6.047540669069226382e+00,3.394743644608344102e+00,5.480057538065757683e+00
3.977972244576041927e+00,4.662860748884013695e+00,5.927634088756462916e+00,4.169092634038374712e+00,1.393972226780028523e+00,4.207270737463751686e+00
3.150330010817483206e+00,4.270724905834780927e+00,6.323579857685400540e+00,4.070101591566573696e+00,1.167128550513383267e+00,4.639040855518835826e+00
2.107245994580330350e+00,6.757157643081219689e-01,6.644963737339550036e+00,5.898123487799159292e+00,2.861107002378878938e+00,2.933439392408743629e+00
1.577630943984562384e+00,4.191701445676273785e+00,6.206282962549099835e+00,6.363257092887092625e+00,3.852224821453868575e+00,5.483077507380196280e+00
3.800897349577059270e+00,3.287384053451443133e+00,4.506572762163574275e+00,3.503171887118277539e+00,2.494650095417746627e+00,2.756402098569580517e+00
2.902736952807867254e+00,1.772445690774530513e+00,5.881349433687693917e+00,3.350161330335831966e+00,4.685411278098396970e+00,4.116074590676838341e+00
1.676249407804446090e+00,3.028597938408180479e+00,5.228902504755398084e+00,2.885521047182132648e+00,2.540061487158296494e+00,5.005006837955109589e+00
3.394179345618632659e+00,1.090272452527173419e+00,6.796674274242103131e+00,4.292862900915926261e+00,3.014778916599968550e+00,4.976288486842605607e+00
2.246829851665839151e+00,2.927829380472226184e+00,6.769227864318826171e+00,4.565161724211717953e+00,3.150443458116811257e+00,4.237821141191915331e+00
3.847802609876619595e+00,3.714961447038786169e+00,5.332146633596623886e+00,3.456692870873244061e+00,4.122123719220373239e+00,4.898597209723814849e+00
1.898169812339961515e+00,1.703394578118379687e+00,6.989525153648706635e+00,6.533553276701740131e-01,3.805166376384321758e+00,3.367044142614776803e+00
2.822673103818574170e+00,9.983047954469275176e-01,4.491298237917736635e+00,3.480755932215014781e+00,3.063416690002312315e+00,4.325136392684919784e+00
3.391024449526353735e+00,2.613464778319666504e+00,6.819236824919535422e+00,5.180518807226819789e+00,3.731038611486975576e+00,3.887046160388386351e+00
2.290746016803926643e+00,3.564311269379599079e+00,6.230176125840681145e+00,4.816567927405654537e+00,3.415688856989774980e+00,3.805327443433983881e+00
2.730903922002224427e+00,3.709254266190393778e+00,6.764049797469377623e+00,5.120080418204334904e+00,1.811642940535306723e+00,5.447582168686341042e+00
2.516730533525933122e+00,4.523630347243306815e+00,7.437301526330143631e+00,3.249097977771810086e+00,1.259274768394001320e+00,3.791322233399017527e+00
3.385570968088657651e+00,3.693700827048930879e+00,4.477588511700865581e+00,3.580855532999387858e+00,3.547529768319742427e+00,5.219822419082030152e+00
1.300188369240073527e+00,2.134499785801414085e+00,4.897663844264600108e+00,3.862284229782152689e+00,5.466146577420692765e+00,3.030644838138332631e+00
0.000000000000000000e+00,0.000000000000000000e+00,0.000000000000000000e+00,0.000000000000000000e+00,0.000000000000000000e+00,0.000000000000000000e+00
8.839492039412164548e-01,3.696000061374942192e+00,5.942196370903624292e+00,4.161182274854544616e+00,4.681405639511716288e+00,5.096847839683182002e+00
1.853363422136080629e-01,4.099570158500704942e+00,6.770453916242482606e+00,3.474020020215776050e+00,2.760104691146143097e+00,4.564055656358524615e+00
3.672941399068172519e+00,2.346371681094415518e+00,3.172359045544526079e+00,3.559602233121609505e+00,7.833732710766616592e-01,4.929430524768762645e+00
4.295090923073759726e+00,3.752943084214719338e+00,4.715141404747634546e+00,5.862583037023489929e+00,3.128184855371271667e+00,4.181748926512697473e+00
4.333790816646875044e+00,4.477516115889557113e+00,7.497319308703478846e+00,5.441589798498066344e+00,1.468045161145941302e+00,5.616096941440503088e+00
0.000000000000000000e+00,0.000000000000000000e+00,0.000000000000000000e+00,0.000000000000000000e+00,0.000000000000000000e+00,0.000000000000000000e+00
6.253420770778106430e+00,3.249911517270684058e+00,4.688957481257149951e+00,4.753561503259311039e+00,5.416002619649709082e-01,4.776381093173007741e+00
6.122096009821055063e+00,2.326845914846347618e+00,4.986874527069573126e+00,8.102798007153431570e+00,1.623023700865688923e-01,5.269682083506499026e+00
0.000000000000000000e+00,0.000000000000000000e+00,0.000000000000000000e+00,0.000000000000000000e+00,0.000000000000000000e+00,0.000000000000000000e+00
6.249649746810490569e+00,4.347722750458639318e+00,3.546914233554834261e+00,6.742923682339091229e+00,1.892477798615561646e-01,3.602613771338614157e+00
3.412002994353454444e+00,2.638261161193689031e+00,2.806312225199747878e+00,7.471370047276201021e+00,4.787821202663135267e+00,4.112503605289296260e+00
3.695654337348970309e-01,3.465990813272765259e+00,3.765859433597832151e+00,8.757855788177971945e+00,5.710547895651680861e+00,5.541351373427615634e+00
2.233010589289269987e+00,3.544487020650561426e+00,4.472851063956754025e+00,6.626525921125170804e+00,4.105206157242442977e+00,3.434281701710061974e+00
7.931002982978647697e-01,6.007141656030217547e+00,2.401073591607477464e+00,5.989032358574402970e+00,4.848595820876107965e+00,4.449010037160964437e+00
8.298953154044186320e-02,2.066542681297098838e+00,5.423406289333199126e+00,5.968833375951117404e+00,6.421410056199054139e+00,4.846201013561368676e+00
0.000000000000000000e+00,0.000000000000000000e+00,0.000000000000000000e+00,0.000000000000000000e+00,0.000000000000000000e+00,0.000000000000000000e+00
1.711485752796712667e+00,2.917476339771249094e+00,4.331445496337324563e+00,4.337522731891786165e+00,2.073919854925054373e+00,2.345368319408374980e+00
