VR1,VR2,VR3,VR4,VR5,VR6
2.920346935374143804e+00,1.145572202735914313e+00,4.622401269522963041e+00,4.045362973637644188e+00,4.495931847966352812e+00,5.271911490786536980e+00
2.875622882962670879e+00,2.693130772090690961e+00,4.010951705784239429e+00,4.164646124197023624e+00,4.152693480572929197e+00,3.211035637003156751e+00
2.354665691333431621e+00,2.592678003228712669e+00,2.827981849337996678e+00,4.480508661014627414e+00,3.477501350030077099e+00,2.581213949267828767e+00
3.260883033202032433e+00,3.877432716633090415e+00,2.411316810168687041e+00,4.631884644012461472e+00,4.929989926443672843e+00,3.903715202822931385e+00
1.345355918783359028e+00,3.584276811324024425e+00,4.209749156556997107e+00,6.013445142658215836e+00,6.478731705791490825e+00,4.073383358616042393e+00
4.209224594402058095e+00,3.066516716186296510e+00,4.168360855067068549e+00,4.481162747163116578e+00,2.259967139564892591e+00,4.000318002420715224e+00
1.423345955032429222e+00,4.520105870005174609e+00,2.602232323152010363e+00,3.809611802542057113e+00,2.135374346175185067e+00,3.665572679347754104e+00
2.654297764585759278e+00,3.579036935037925637e+00,2.700674592951575193e-01,5.450739315740831259e+00,4.553895292510152792e+00,3.433902970477946681e+00
2.274504320508607069e+00,2.450359740862778857e+00,2.707711119479486506e+00,2.581105732106782291e+00,9.244332568021564889e-01,5.250805354745590847e+00
4.662803854393946068e+00,4.150190141724052317e+00,3.667618271303633826e+00,2.483222700961985829e+00,3.629541478378163433e+00,4.626277054453410642e+00
3.534022520644701792e+00,3.298056596544653551e+00,5.432586924209537038e+00,2.372485591174171571e+00,3.236967996091867583e+00,3.317882980231503076e+00
1.415943909361584652e+00,3.699753635331632928e+00,3.917072950783193619e+00,4.090844056042189258e+00,4.130640448652082242e+00,4.145571197312460043e+00
1.161118808170989780e+00,2.942194392916035905e+00,5.213944875596730810e+00,4.790315498003258732e+00,3.459862014286204879e+00,5.220719754056509565e+00
4.342187836102847420e+00,1.372302496432468599e+00,7.568212910762104784e+00,3.062485182047674392e+00,2.280504323529481070e+00,3.533575748790483750e+00
6.805464906297409300e+00,2.649721290660533857e+00,5.771403559544202366e+00,1.996371852279254622e+00,1.981660549231271329e+00,2.916073816894005244e+00
4.848941769620649822e+00,5.711675215060511235e+00,5.789763311048334415e+00,2.011851406454070457e+00,5.045900183888313961e+00,4.575869909522571888e+00
4.078598559126218603e+00,6.137271135021443058e+00,4.831869996236224374e+00,1.305801784715343139e+00,2.045831286118770631e+00,4.880963507014964620e+00
2.384399134078384552e+00,5.193275054900075460e+00,5.250314701948409990e+00,4.426238898617511630e+00,1.415987866423841446e+00,3.999120458653464993e+00
1.080475609970978690e+00,5.660816543790914146e+00,6.119128422151514535e+00,4.278135090203594615e+00,2.579254694576246010e+00,2.467511351472698067e+00
1.708689322750174933e+00,3.394241905581754981e+00,4.068166346958377311e+00,4.488625699585290008e+00,5.121690213072413123e+00,4.872647004619721223e+00
9.290753425503983642e-01,6.158825365281948905e+00,1.751037644969453133e+00,4.968869351793685496e+00,6.106111013312609082e+00,4.052223371839232868e+00
4.166481119104230579e-01,4.612799015572926820e+00,3.821839916809927740e+00,6.308369090010494062e+00,3.372460928341311170e+00,4.980799240606784473e+00
3.174129415151143441e-01,5.399117886929829524e+00,3.346360806447624459e+00,6.673920325286291089e+00,4.833050521803503585e+00,5.564353545998648620e+00
0.000000000000000000e+00,0.000000000000000000e+00,0.000000000000000000e+00,0.000000000000000000e+00,0.000000000000000000e+00,0.000000000000000000e+00
0.000000000000000000e+00,0.000000000000000000e+00,0.000000000000000000e+00,0.000000000000000000e+00,0.000000000000000000e+00,0.000000000000000000e+00
1.072350357160267276e+00,1.390719450794203560e+00,6.123808825621672725e+00,5.379414467782469345e+00,3.565902965382004020e+00,6.018966566008113084e+00
1.734931151582457032e+00,7.895111810139705533e-01,7.859823444634045586e+00,3.936422232896462425e+00,6.358201952329745055e-02,3.621940633336458770e+00
3.679299104243307639e+00,2.430661522693155607e+00,5.808336530695761724e+00,2.939060192115298342e+00,4.268219922989198167e+00,2.783419746117842930e+00
5.945562745920890180e+00,1.386039949159619589e+00,6.181462089549045302e+00,3.290223088849561606e+00,1.484964295167368498e+00,3.075108061791874015e+00
0.000000000000000000e+00,0.000000000000000000e+00,0.000000000000000000e+00,0.000000000000000000e+00,0.000000000000000000e+00,0.000000000000000000e+00
4.983318144193443544e+00,3.658275520462870301e+00,5.560081912824008654e+00,2.801015054663126502e+00,2.315982074305424909e+00,3.976316531453181646e+00
3.856225505949474552e+00,4.324918366748704557e+00,1.949254175858614602e+00,2.525950073253611539e+00,3.724276168517618224e+00,3.796824412875620780e+00
2.053217905374811192e+00,3.717084217176964689e+00,5.351341234806497482e+00,2.702660857963232743e+00,2.103823039990252219e+00,5.882816496879321733e+00
3.574320829204973293e+00,3.329925958174612788e+00,6.407306443148918618e+00,4.731946737374078893e+00,2.973299843648989249e+00,3.117570387702714108e+00
2.646639132702728325e+00,4.572677267600876228e+00,5.864702200261698195e+00,4.722988902820416612e+00,4.407624806823646324e+00,3.522861238038084153e+00
1.396795712572357129e+00,3.970554603240826985e+00,4.969657743083082835e+00,2.958339244881209140e+00,4.725507210285752713e+00,5.332607795744868540e+00
3.216951877025969075e+00,1.941305701095606073e+00,5.271548426430142875e+00,4.358076821166733339e+00,2.326122144027485739e+00,4.724205236447216016e+00
9.547285372839215967e-01,3.267804033725549395e+00,1.925424044593803785e+00,4.231227049777171345e+00,6.020386612769203616e+00,3.913335080684807732e+00
2.219475188276912370e+00,9.582872720796964394e-01,5.366756774795867102e+00,4.732724825002809332e+00,2.182042394565744559e+00,5.909223112755764618e+00
1.023312483598959766e+00,1.081795349657001859e+00,6.535701684643598242e+00,3.462510245682683063e+00,3.594523989400903563e+00,5.279544943150083824e+00
3.912326811277617722e+00,6.220679544585010490e-01,5.131021939736880810e+00,3.848729122663589131e+00,3.462860786752718134e+00,3.910700767004027689e+00
2.909483567529314918e+00,6.462608638980706921e-01,6.056843486602764060e+00,2.937682474818607670e+00,1.850705225008403954e+00,4.139804079232559886e+00
4.096763168854000270e+00,1.463862735058685915e+00,5.865334201632745881e+00,4.767314475214617708e+00,2.136302009776589461e+00,4.182509850502979631e+00
4.724607057148210387e+00,3.597318166443878251e+00,5.070428986019683393e+00,2.161552348773858157e+00,3.879495841144036561e+00,5.775275923851006965e+00
3.805296746744684100e+00,2.101010701401335723e+00,2.992739125202234618e+00,2.280576360141963299e+00,2.574085049090927058e+00,4.388749770193083322e+00
5.605250134676968088e+00,3.719194930715517877e+00,4.815994830322930298e+00,2.908081247129468583e+00,3.112262625609127031e+00,6.932428664725046374e+00
3.970633803247880067e+00,2.533018295485788940e+00,3.200500466798386956e+00,2.798383372967446547e+00,5.107627282819139580e+00,5.619826656078295457e+00
4.143299662186219479e+00,3.437554183757260517e+00,4.445114774749979958e+00,2.098649102731535265e+00,3.120429913589481519e+00,5.046270728685529505e+00
5.162984148589382372e+00,6.460505852578567243e+00,6.775498763892040976e+00,8.189947095746150652e-01,4.252077813760499758e+00,7.616912149914005781e-01
4.147328698461041796e+00,3.889532617762920808e+00,9.344720206599694379e+00,5.170960298515739240e+00,2.307196358191211161e+00,3.719286461247937492e+00
