VR1,VR2,VR3,VR4,VR5,VR6
2.570616307081605267e+00,3.010206607659211997e+00,5.197702429274968949e+00,4.027492020397058781e+00,3.074933570570063779e+00,4.213766100606274101e+00
2.500688260846377187e+00,3.080906834984397769e+00,5.216961885101087049e+00,4.269641558668512360e+00,3.201109140046639379e+00,4.310149469447149606e+00
2.333592806058223612e+00,2.923915777239803226e+00,4.833059841112176791e+00,3.974217337797825600e+00,3.193949117760632284e+00,4.202470447290115096e+00
2.413934505316398749e+00,2.739410052108487648e+00,5.218425221270065251e+00,4.130421405757801701e+00,3.222463894672975560e+00,4.204786348589533596e+00
2.512008412719326955e+00,3.125406350849589732e+00,5.410141223351187634e+00,3.900639810567890997e+00,3.149017152325721547e+00,4.542299865937854619e+00
2.510397922874309629e+00,3.177045094697469096e+00,5.217464261097942924e+00,3.956382217205158369e+00,3.351478195417863848e+00,4.082155111504741640e+00
2.235820074019205350e+00,2.881228494534635143e+00,5.032145909823411145e+00,4.068707123389084579e+00,3.362101916323636086e+00,4.083046636235487803e+00
2.523184252983592835e+00,2.994115856428339661e+00,5.085471374546520984e+00,3.891742442871042762e+00,3.131615051560139751e+00,4.113311502649559692e+00
2.537139591129690785e+00,2.942302064556211683e+00,4.975062359308653370e+00,4.070699005806745596e+00,3.401707034719312350e+00,4.134611913353052337e+00
2.568109984496327769e+00,2.879657618995210111e+00,5.018743016522492439e+00,4.084461995838427839e+00,3.284460654737519469e+00,4.149471670601907469e+00
2.674315380313262658e+00,2.774122008359617642e+00,5.106850537535388312e+00,4.146008339087712713e+00,3.152377127606595053e+00,4.426403676022273359e+00
2.545614654266894483e+00,3.023731831104663037e+00,5.361914150238324517e+00,4.234870739526011896e+00,3.264403919373665808e+00,4.241799832536838011e+00
2.236905719357945355e+00,2.963732892274985264e+00,5.448799010518562191e+00,4.001400433719430438e+00,3.292908037895831530e+00,4.347945480358478498e+00
2.299416305192428123e+00,3.145030121952862245e+00,5.322440507246707142e+00,3.735761765862055661e+00,3.400566208569110849e+00,4.233018323554881057e+00
2.478668377071552520e+00,3.202611623030306554e+00,5.247721108428113013e+00,3.932177995580638186e+00,3.088229927033997235e+00,4.328384431220010597e+00
2.329394918110531787e+00,3.025493566681328517e+00,5.205954733902362186e+00,4.130415551252350603e+00,3.244308357775967711e+00,4.160161418178883075e+00
2.241168860892241543e+00,3.098889583442450135e+00,5.462678741003249350e+00,4.000046524770546341e+00,3.272192176707195532e+00,4.317944888339166454e+00
2.351713865364620126e+00,3.083332914957289894e+00,5.457238370193899790e+00,4.176360086708907460e+00,3.556888282790098721e+00,4.154201465586264241e+00
2.188468576583735281e+00,3.058351669045295207e+00,5.365899719032457327e+00,3.985477995303927656e+00,3.246434971342500475e+00,4.244014249182392007e+00
2.152753158854066484e+00,3.053796615749418297e+00,5.089458285812329841e+00,3.994780323011919432e+00,3.239233130960586404e+00,4.083302750665387393e+00
2.443379856628908886e+00,3.102611553480576934e+00,4.890115111377133061e+00,3.980838194644213957e+00,3.178713170277454036e+00,4.412365713287413449e+00
2.376646942703160015e+00,3.257234636304558340e+00,5.065548621723034550e+00,3.993415359999147540e+00,3.320475771364432394e+00,4.145509388898697800e+00
2.591895629871727280e+00,2.964867052880455933e+00,5.200431881909524101e+00,4.099146607617772275e+00,3.235182136543335751e+00,4.261735523877119292e+00
2.438835147357849564e+00,2.939262598628081147e+00,5.018358466281243935e+00,4.028884415073686220e+00,3.316111839034855180e+00,4.028744935081043366e+00
2.484622434909276478e+00,3.185635644598636240e+00,4.875663381374636174e+00,3.983942997323222990e+00,3.171614681349673504e+00,4.204298466087003305e+00
2.291419861918119416e+00,3.049382803725951607e+00,4.964039707426398884e+00,3.947892565430465961e+00,3.082236257413333735e+00,4.335374197126145468e+00
2.158528385097181701e+00,3.225283098710455931e+00,5.113379437383467341e+00,3.945228661776095436e+00,3.146544847035255277e+00,4.165218305087996953e+00
2.376709768173450144e+00,2.847607958199528611e+00,5.007440541086435992e+00,4.173178769930083298e+00,3.140281887737759625e+00,4.183405074668215207e+00
2.355950668303641748e+00,2.881018895823056258e+00,4.994329802340207181e+00,4.045018816005752527e+00,3.413040685051735856e+00,3.933995294070692150e+00
2.600095241627422560e+00,2.897835845526667509e+00,4.976008456622390774e+00,4.140528477913653305e+00,3.366502357155786385e+00,3.942416855802326481e+00
2.497062067057364665e+00,2.784945102578923581e+00,4.845165431953566859e+00,4.055485208171353051e+00,3.140125364787336171e+00,4.122512545427650110e+00
2.492320657346467794e+00,3.184530739148780043e+00,4.962867749490132319e+00,4.112582691055438389e+00,3.098947658041787179e+00,4.449080663427180227e+00
2.410996240555467018e+00,3.022507232470494465e+00,4.927440975609127527e+00,4.123491624746298712e+00,3.319235518124453055e+00,4.238486303547570166e+00
2.442137522345484424e+00,3.050922085802313610e+00,4.890161457643470655e+00,4.113009358125496284e+00,3.377171331223040252e+00,4.001002389442098739e+00
2.427906874360128864e+00,2.855198768430112111e+00,4.787660858296713506e+00,3.977810901095760521e+00,3.138577993193993887e+00,4.287379006573978302e+00
2.492191757563135379e+00,2.725858356730485266e+00,5.084435586302946675e+00,4.030135314535128188e+00,3.363150453204999835e+00,4.397825493934662155e+00
2.505637936314554004e+00,2.944120181129158631e+00,5.224352132981405994e+00,4.277223028892708001e+00,3.434952478254927666e+00,4.194054743198802448e+00
2.549140315714205851e+00,3.061685585234157791e+00,5.101239369463832496e+00,4.082643892974395783e+00,3.315841950442227404e+00,4.063701354750048012e+00
2.586267510070723752e+00,3.002276095541120959e+00,4.894844364695871697e+00,4.256984718477883511e+00,3.000360464905795332e+00,4.292216801887450472e+00
2.331415000283901140e+00,3.099467961455410148e+00,5.023439134146557628e+00,4.055983007004027030e+00,2.950105530993281544e+00,4.015521659076549454e+00
2.253252332390337731e+00,3.032998211933670252e+00,4.921598894634767518e+00,4.171721118806053674e+00,3.084220573083677586e+00,4.215689557137594967e+00
2.265356414683370012e+00,3.030002740549183393e+00,5.299524059621401051e+00,4.054726934477473677e+00,3.367519342104132729e+00,4.195392686347458877e+00
2.318737777906904718e+00,3.197214880937148784e+00,5.028431970676990659e+00,3.938188124684066427e+00,3.167009069610329686e+00,4.233065935260116319e+00
2.228668560112714303e+00,3.068919309988006994e+00,5.162680479671350575e+00,3.974690670643158619e+00,3.195435492305417124e+00,4.096074552602062546e+00
2.310560252928506753e+00,3.026495704765501227e+00,4.986845198848849137e+00,4.236554499141888641e+00,3.080421670721267269e+00,4.364383571567530318e+00
2.092995056748341742e+00,2.893828476366200775e+00,4.768674091226524858e+00,4.073182830698896417e+00,3.092212837672857706e+00,4.311684657129463361e+00
2.329254817188841198e+00,2.892636225233629066e+00,4.688135135662764519e+00,4.318333472379336513e+00,3.279604081358187706e+00,4.045801192282381997e+00
2.336777150215336274e+00,2.957897046854738310e+00,4.725005967565770071e+00,4.120021150954915612e+00,3.105926525368129187e+00,4.224426867887092207e+00
2.463744823850052779e+00,3.018178181839206164e+00,5.134085362168257838e+00,4.217229053560897611e+00,3.183738731697197011e+00,4.216170807565189804e+00
2.358729890933299878e+00,3.057510802003160055e+00,4.941576051339707121e+00,4.058457532894895969e+00,3.303960407365364560e+00,4.216974757122368800e+00
2.402730878899831168e+00,2.879557413342872074e+00,4.909432420903792504e+00,4.373975118602688283e+00,3.461648998617507189e+00,4.176856201132173929e+00
2.266183415034096704e+00,3.056825678212351072e+00,5.186630310473725025e+00,4.053868475478163091e+00,3.140979006050238720e+00,4.171154458659127151e+00
2.273594423049275726e+00,3.161870411780029588e+00,5.055908362384570864e+00,4.201962315089168065e+00,3.536864247013313367e+00,4.038333032144072021e+00
2.163435324463754750e+00,2.998946388562176324e+00,5.013010925003143825e+00,3.943870764097498594e+00,3.108227226455019476e+00,4.330641178288976434e+00
2.211292531079882107e+00,3.200210015644805672e+00,4.910812338054546977e+00,3.969827163860893737e+00,3.232890864966674549e+00,4.332252039050669801e+00
2.313801950138368202e+00,2.905780967317457275e+00,4.906588776461885182e+00,4.107421264284911722e+00,3.214582448661328140e+00,4.092285573672368670e+00
2.227689013415605324e+00,3.126443946712547550e+00,5.240856391738489606e+00,4.078534588276044204e+00,3.100862013992513599e+00,4.226255694910129534e+00
2.230990948012883557e+00,2.751072044659762295e+00,4.815330509140943960e+00,4.064239276275047885e+00,3.293777599423486357e+00,3.831504165094810510e+00
2.617857071630171006e+00,2.941372523227850255e+00,5.074407626991883191e+00,4.230020670392692139e+00,3.319640313080896021e+00,4.270010913682020792e+00
2.322351741643974510e+00,3.019127361603870963e+00,5.011333486481558630e+00,3.779995888405700555e+00,3.036682648123631978e+00,4.255902960839107685e+00
2.550083768623678360e+00,2.912689841843503213e+00,5.212651198072016712e+00,4.084678369996600722e+00,3.105568368346855568e+00,4.278377783991141214e+00
2.472168348173505503e+00,3.241781667863889549e+00,5.129833441639125802e+00,4.045551865843294514e+00,3.179213486629657304e+00,4.266821684442617446e+00
2.147949613363500987e+00,3.145423032903233995e+00,4.860644532131658480e+00,4.023895038935560109e+00,3.190836822002591333e+00,4.095639363259493848e+00
2.324610396519913635e+00,3.072083955654774101e+00,4.715838373877334178e+00,3.979435474949936768e+00,3.026591621472561666e+00,4.144351230172058642e+00
2.323109743841578201e+00,3.296887656674470257e+00,4.853853032777974086e+00,4.121796357098467034e+00,3.226955555494835259e+00,4.199625171868134998e+00
2.202199660047605700e+00,3.245899672050154283e+00,4.915750297601440444e+00,3.862644094636523029e+00,3.307115230025067465e+00,4.016589540493613164e+00
2.406256363460571812e+00,2.989441499976607908e+00,4.916698705668252067e+00,4.008852064263169979e+00,3.046278538658081736e+00,4.478400346722822611e+00
2.308292819143398233e+00,3.383821194325765447e+00,4.916408304965776743e+00,4.094189967990152113e+00,3.036895240029370946e+00,4.359181547967481585e+00
2.440584400979442847e+00,3.126991128954218269e+00,4.980175584554010548e+00,3.898181744353465650e+00,3.076464120180880890e+00,4.222530308623434259e+00
2.344161021158821967e+00,3.285342964626849938e+00,5.100904044473670851e+00,4.082049908066977650e+00,3.154495326874743988e+00,4.152253858567070743e+00
2.535080169023351537e+00,3.176950691956286210e+00,4.831828845257822636e+00,3.800651211474554536e+00,3.315501429810677525e+00,4.171429889794119994e+00
2.566830673670844387e+00,3.288438633025359437e+00,4.749354385393216305e+00,3.863927206852229013e+00,3.079207752143616972e+00,4.456911771430457136e+00
2.562834099609597960e+00,3.243647346940460530e+00,4.793224328465822026e+00,3.899978659387918434e+00,3.191256862044636211e+00,4.503310913867871967e+00
2.513167372366051922e+00,3.143449544776431015e+00,4.693737894464256044e+00,3.875911381428063684e+00,2.928172035026578079e+00,4.466028678323772816e+00
2.289347978466038214e+00,3.445762850388383036e+00,4.899276120570952742e+00,3.908988037930482662e+00,3.273320381998640283e+00,4.363887821270973966e+00
2.397025119090788969e+00,3.157561886485841463e+00,4.762302609166998657e+00,3.965888548068240649e+00,2.871424736475303163e+00,4.295464818536923524e+00
2.213593879935828124e+00,3.207052311219017238e+00,4.988326676981647445e+00,3.851308844377479446e+00,3.234126805968416285e+00,4.201463341764428705e+00
2.186878580052311172e+00,3.210627191162326977e+00,4.963827405617951882e+00,4.059558417601015989e+00,3.387411602369449604e+00,3.905654333716574556e+00
2.396517930580370770e+00,3.129173363311255507e+00,5.002638775306119889e+00,3.995991205894994458e+00,3.103939824170105499e+00,4.177530483662660110e+00
2.463469830901225066e+00,2.974407930631056018e+00,4.844693430458583805e+00,4.119384503556676513e+00,3.485083919307242706e+00,4.198674518055707239e+00
2.579705862025127416e+00,3.094567720272562994e+00,5.058214640638617254e+00,4.190597531481365046e+00,3.326866810513765760e+00,4.065481471900763921e+00
2.544063932181533261e+00,2.883628241535838299e+00,4.725327291307594990e+00,3.898390350738358823e+00,3.423409854298421262e+00,4.424174109413032241e+00
2.513540461252656844e+00,2.975707117876528418e+00,5.004859639029252349e+00,4.012200358606550665e+00,3.196343079330048464e+00,4.302770409487295389e+00
2.508530863771464059e+00,3.089638068120643233e+00,4.866385966813308706e+00,3.964583062609382758e+00,3.322322040593953751e+00,4.072094815149467806e+00
2.509053675363404956e+00,3.120590204048199645e+00,5.042446529484020168e+00,4.000052277799297507e+00,3.006639722546418536e+00,4.350661848126808451e+00
2.368040340531242460e+00,3.153128285469818604e+00,4.866908615017901063e+00,4.008101959990828078e+00,3.254528439148622443e+00,4.151010615920837310e+00
2.286083446937778429e+00,3.198512321264885383e+00,4.691125657533351756e+00,3.894950143395897069e+00,2.965770685918003302e+00,4.458699225303256242e+00
2.474113635965960345e+00,3.047309451407056891e+00,4.928891495588950455e+00,3.958674408800697542e+00,3.022667307685543925e+00,4.334562138629160621e+00
2.517092002989392618e+00,3.241322684799972542e+00,5.058148057801338915e+00,3.975742769962614442e+00,3.107780002523295337e+00,4.484629913027548653e+00
2.297901523048392569e+00,3.197492973418458728e+00,4.840324271044761595e+00,4.090905031125640079e+00,3.269384030069224067e+00,4.409005694962059074e+00
2.373579537993650401e+00,2.992309786506297531e+00,4.976524588788580949e+00,3.907574850238692221e+00,3.382724806226001579e+00,4.108801222277733700e+00
2.407164737394132281e+00,3.017974474940521734e+00,5.004356563969534655e+00,4.047922059663695116e+00,3.231023463545986019e+00,4.184390252022471834e+00
2.306705421183303795e+00,3.065739309754257125e+00,5.129474871339391839e+00,4.132962038981068176e+00,3.394776611744882100e+00,4.164920885622701796e+00
2.235054104482153026e+00,3.039766936958031796e+00,5.028575074532091627e+00,4.223785618584332546e+00,3.380972400271912370e+00,4.073606395874726616e+00
2.148216192065099062e+00,3.106350556218533843e+00,4.847137482302377620e+00,4.106051864704034493e+00,3.251040161511983939e+00,4.117745961958544143e+00
2.245390664304169004e+00,3.135756811922443266e+00,5.090068204337190316e+00,3.899153707501668453e+00,3.293008955172502805e+00,4.223162607684555425e+00
2.343583025941883058e+00,3.014310439662669427e+00,4.979837769561424210e+00,4.108386227400925073e+00,3.088316653815548207e+00,4.402780977606193247e+00
2.481140575579609209e+00,2.931939833289324948e+00,4.904816144342275308e+00,4.149623108370731117e+00,3.356868812542295188e+00,4.223208992084849456e+00
2.242768517234941417e+00,3.100376929767037826e+00,5.248080147123125094e+00,3.961782273923061481e+00,3.163955593896796259e+00,4.184806991160640699e+00
2.139687973756927875e+00,2.941806901429219856e+00,5.201494167640006161e+00,4.002013314750952233e+00,3.166446254028004059e+00,4.274436886039561401e+00
2.330883733938995395e+00,3.096823057200122076e+00,5.118022926268528394e+00,3.956513689909757936e+00,3.261711408389283751e+00,4.163316407907988292e+00
2.235568125423458063e+00,3.117639592484158229e+00,4.798930493334652603e+00,3.892062197625116404e+00,3.419329728439064908e+00,4.033958857033844048e+00
2.277224040391284898e+00,2.932141834187156793e+00,4.705921937685104695e+00,4.044396078507628722e+00,3.224977223940463489e+00,4.011800333444889510e+00
2.256806532708054647e+00,2.942723215028150374e+00,4.741900277632042027e+00,3.952698254969629232e+00,3.118952577968851170e+00,4.365331148089550695e+00
2.569560022547268119e+00,2.941630231202592594e+00,4.792112027806548546e+00,4.076650815708158682e+00,3.113924274975410356e+00,4.202215115349167363e+00
2.318406608950378089e+00,3.022649325571931112e+00,5.109359625122371185e+00,4.087565626245866390e+00,2.921103879126971670e+00,4.401340273751642940e+00
2.203001601011382427e+00,3.282846421316962360e+00,4.979630482306243167e+00,3.984824359509880232e+00,2.961219063893102188e+00,4.218773740516902571e+00
2.279706509532411829e+00,3.346152606350580427e+00,4.856741564455559157e+00,4.213396170763354931e+00,3.137487163359882203e+00,4.311126903736651528e+00
2.250712270151155270e+00,3.197188591664001489e+00,4.793155185104585492e+00,3.973422353516863126e+00,3.335583542022404924e+00,3.940030468044493972e+00
2.329487088051327426e+00,3.077646087564406496e+00,4.810519912263215403e+00,3.765652445361617140e+00,3.306293550819228155e+00,4.225582739475101768e+00
2.415916774246719800e+00,3.042550480145164382e+00,4.908470839129663865e+00,4.101883217975380802e+00,3.258296140758991655e+00,4.367298387498933288e+00
2.450587620416899703e+00,2.944466833647494841e+00,5.174891737545847192e+00,3.922038018366005740e+00,3.079644434121330043e+00,4.278326785882648586e+00
2.436227504426441648e+00,2.897857236905757361e+00,5.192165428681168038e+00,4.259318556391741062e+00,2.973328507230633910e+00,4.247981210912464611e+00
2.249810792980161622e+00,2.813364309570935529e+00,4.863396066933568740e+00,3.977334768209375149e+00,3.141716438068527850e+00,4.245398321065258607e+00
2.394481279727945999e+00,3.034186941504855461e+00,4.892614355182928421e+00,4.008244273339843566e+00,3.216349506959785831e+00,4.262832202785920011e+00
2.188265525354780472e+00,3.051276407614590624e+00,4.954067161044977574e+00,4.302066541457884696e+00,3.266651819792302014e+00,4.198612178460439104e+00
2.408968302530582584e+00,2.901745152715125897e+00,4.771616766642980068e+00,4.091230367053943162e+00,3.447419261867297191e+00,4.094435800462451702e+00
2.395571971439621084e+00,2.907125040361406842e+00,4.717135753316608060e+00,4.210391818774164463e+00,3.388544115540496282e+00,4.128852842486073094e+00
2.441967674475972849e+00,2.800781045309653550e+00,4.742617240922062827e+00,4.140476562812780870e+00,2.972070859847278257e+00,4.518747572477662011e+00
2.258070935683277103e+00,2.991045899034974198e+00,5.195928638190612681e+00,4.154880386855424490e+00,3.130967413514887276e+00,4.271699965536555510e+00
2.100755877377323610e+00,3.012476132277975172e+00,5.267215199450355101e+00,3.933648406874361569e+00,3.149735870360113932e+00,4.048828446985598184e+00
2.420110276440318842e+00,3.033694066640480358e+00,5.075075269608781525e+00,4.123143182363117276e+00,3.243361758052881960e+00,4.111550710016802945e+00
2.374282917376025370e+00,2.948969719123807565e+00,4.899171857938845243e+00,4.183800276532918971e+00,3.139255844242779148e+00,4.320728233361075254e+00
2.424826839273723333e+00,2.885169330019167866e+00,5.174317369729044103e+00,4.082489282489395244e+00,3.113057174320544629e+00,4.224209161267684642e+00
2.271285156445240538e+00,3.238171320205556647e+00,5.153386033414482092e+00,4.013705812376910487e+00,3.061397994803133127e+00,4.179151164498970950e+00
2.326030639237463227e+00,3.253528547100110302e+00,4.989197950540344095e+00,3.802283795232713537e+00,3.178057361871821307e+00,4.459520233306252912e+00
2.529785646934201271e+00,3.025259094111241609e+00,4.844829558506430267e+00,3.988235892970367402e+00,3.218380881870617216e+00,4.112522296309760073e+00
2.456624092112903224e+00,2.924710013642778161e+00,4.673802069423327765e+00,4.169099925948223984e+00,3.274990991482338298e+00,4.188082262326310534e+00
2.233123984365831927e+00,2.924518265581940835e+00,4.879124868071014198e+00,4.012766769077626527e+00,3.120850919231035192e+00,4.117214113789153807e+00
2.295332861073851927e+00,2.894876405240289774e+00,4.928682767115351915e+00,4.343605210989725407e+00,3.205746636388081328e+00,4.114797788764574804e+00
2.381829237559792922e+00,3.040106211840182482e+00,5.053544123105191410e+00,4.025539019362947890e+00,3.105818703099500588e+00,4.265270021842885839e+00
2.622765803304398347e+00,3.034830257401484044e+00,4.910148712377667479e+00,4.001966639073826215e+00,3.089772410143126091e+00,4.320352810720127223e+00
2.385980020349601105e+00,3.293014650028075252e+00,4.969290379904879096e+00,4.225791790692522198e+00,3.280351791908656889e+00,4.220902356454396376e+00
2.243730216112663989e+00,3.062650456116392750e+00,4.776201008146657934e+00,4.126867465658030198e+00,3.205165288364239196e+00,4.191559751812274470e+00
2.158201569682155263e+00,2.963729916685718280e+00,4.921385412867431697e+00,3.831969774294816666e+00,3.353108143431949184e+00,4.153182555574984391e+00
2.385821605731508921e+00,2.824030921352458368e+00,4.887902888126023804e+00,3.940797714042055144e+00,3.085400327331535575e+00,4.256667723007850235e+00
2.576457045516737931e+00,2.967836756763222894e+00,4.986141594504861274e+00,3.940618931822677862e+00,3.212112243585930393e+00,4.364537725244965749e+00
2.463734788799216258e+00,3.225532160841376061e+00,5.127550969470176412e+00,3.980988457023189486e+00,3.139781805843251394e+00,4.245557598999583071e+00
2.431255135485496321e+00,3.174038420555407303e+00,5.064993123448608969e+00,4.004673343517545447e+00,3.141128554601237521e+00,4.356783473829749731e+00
2.194256579443594646e+00,3.189569557682507384e+00,5.101039435846308479e+00,4.144604804715305235e+00,2.961497635706211273e+00,4.296477111681391570e+00
2.303747943668542852e+00,3.222344319279536684e+00,5.007893219311935873e+00,3.976528763084045792e+00,3.314667762442075727e+00,4.269681837832531635e+00
2.427076740013467848e+00,3.178174067686485582e+00,5.160227602261678648e+00,3.955243312644604270e+00,3.031967053713760407e+00,4.415731062323224876e+00
2.431258159278025133e+00,2.967442874601801339e+00,5.022566147519311741e+00,3.995342741029425770e+00,3.279862569871801359e+00,4.391234292352236501e+00
2.187023030545319102e+00,2.967470737979083228e+00,4.879610940869808289e+00,4.271109456798314774e+00,3.305750328181527475e+00,4.110004699780267501e+00
2.354570118075587359e+00,3.036025683619201665e+00,5.053951245639940915e+00,4.049929518341142121e+00,3.262629001050224353e+00,4.249505146225563301e+00
2.288468040094559175e+00,3.038523426084239087e+00,4.798224745261394197e+00,4.118685413680915453e+00,3.383821839465143366e+00,4.256250640186204137e+00
2.306189609230405058e+00,3.004481663639242850e+00,5.214004158757807872e+00,4.193964997511227644e+00,3.343762697993559296e+00,4.364138890820084882e+00
2.340530948008035850e+00,3.001519587285709445e+00,4.987016334635961279e+00,3.896830096610186533e+00,3.056716452664974604e+00,4.124084372704869494e+00
2.273369411267512685e+00,3.018327381618963745e+00,5.030624710252252108e+00,4.071038758604795582e+00,3.353527101293716672e+00,4.391414232346228630e+00
2.295096494133368914e+00,2.945086459790448696e+00,5.163464204066876562e+00,3.937466584000275382e+00,3.245910268489844874e+00,4.351937827580147022e+00
