VR1,VR2,VR3,VR4,VR5,VR6
2.700422685464210382e+00,3.677789545718248121e+00,4.109039862476334015e+00,4.912012692105509615e+00,2.632536649332084089e+00,4.745588281216312154e+00
2.994525670753957147e+00,1.866754722003971523e+00,4.458752156210767481e+00,6.289637634619481332e+00,3.227380784916457301e+00,4.019108430056497205e+00
2.443695862621128256e+00,2.964902888449189700e+00,6.108889113615316724e+00,4.283895988404594846e+00,2.814363038530360406e+00,2.637299710084811899e+00
2.431376134794731136e+00,7.121143854684799379e-01,3.958082532803168352e+00,5.766859055515768162e+00,1.501845293757479105e+00,5.351079370169942173e+00
4.300506385238277218e+00,2.063062919261926531e+00,5.996851153633844689e+00,5.571034795032931974e+00,9.284290648396442691e-01,5.658742131735557734e+00
2.522239223797293040e+00,2.936325312828020451e+00,2.877650062813823961e+00,5.433717249594515408e+00,2.230234848219373234e+00,3.655375930524149108e+00
6.340772615540517521e-01,5.042158761668819267e+00,1.893825729035293115e+00,5.847508030793585831e+00,4.842412842351383695e+00,2.303957464454631676e+00
7.673341591200066869e-01,5.188526758112086412e+00,3.904070665233386084e+00,1.797734406370561366e-01,4.606763156088140576e+00,3.753791123462954182e+00
2.148916048758306108e+00,4.161976386854295384e+00,5.720556759526894020e+00,5.759978623043122248e+00,2.834247489627535810e+00,5.434974466188660536e+00
2.124280294154677229e+00,3.316086585916468099e+00,6.809353687120158760e+00,4.862490276416297164e+00,5.787602437570983582e+00,6.785378025171247884e+00
2.239371192721677062e+00,1.505004978115672243e+00,4.315972850900756441e+00,2.983313839640791887e+00,4.514809047808936882e+00,5.837562840046502721e+00
2.166385585382723633e+00,1.752885615731470281e+00,4.931452833119512214e+00,3.880758964162491331e+00,1.662941213727070933e+00,5.441665512608414801e+00
3.197637814282971114e+00,3.166954198503768136e+00,3.847587105041454514e+00,4.715290328273139764e+00,2.125583347378126042e-01,5.051998166862180284e+00
1.617906279533856129e+00,1.679630870580446800e+00,7.715559851126049473e+00,3.736607571690508056e+00,2.597179539026988948e+00,6.605115604926544037e+00
2.786978519139189370e+00,4.302605994956430813e+00,6.795485466857051016e+00,3.258238166097866539e+00,1.880969730030389142e+00,5.018066250153592200e+00
9.761327775813766205e-01,5.407655294820669312e+00,4.470046757348812960e+00,5.846994232109598677e+00,4.791144886283840165e+00,1.706664831889127765e+00
2.229007756378512450e+00,4.399619231429525712e+00,4.224934945474591252e+00,2.941790254607299815e+00,3.851666232025310777e+00,4.235893897638375094e+00
2.394879494083727689e+00,2.994549250781192828e+00,5.961118076269311672e+00,2.661790567441905786e+00,4.851705892572317325e+00,5.982163370878200936e+00
1.704427134746681061e+00,2.014375618026763348e+00,6.988455723066666181e+00,5.100614890367848098e+00,3.404819778806739361e+00,5.180897835323746037e+00
1.457798666839042134e+00,4.650516609176199800e+00,3.643336585667882765e+00,5.440498928517152777e+00,2.219490725965722611e+00,5.240546697830295031e+00
7.111165105995709279e-01,2.825411775510676460e+00,4.326335908199876457e+00,4.022899421717418100e+00,5.255642783553172492e+00,5.334670093661175727e+00
1.329765864246440277e+00,3.196699537351870291e+00,5.667952371281469226e+00,4.606407958146939485e+00,3.538392950291557426e+00,4.897707676743092264e+00
3.044663679967241521e+00,5.444364530377976408e+00,8.285063757273913865e+00,4.397291995104362528e+00,2.354458481692406568e+00,8.809160456100574521e+00
3.335704982474629876e+00,3.418127498255529417e+00,6.922969995042443259e+00,6.538403796067479234e+00,4.350675356682049078e+00,5.544839749540726004e+00
1.622966528164941691e+00,4.435646849503307010e+00,4.101086858042257255e+00,3.851609389894173674e+00,5.934452816872154202e+00,5.840838147409017189e+00
3.306463993982724503e+00,2.640927601279152714e+00,6.703545563539017316e+00,3.949526970382781332e+00,3.616455924642827835e+00,6.097208234826194229e+00
3.691111599980070324e+00,2.697886457068415567e+00,7.231503352062826906e+00,4.804795687304218355e+00,3.729289129417545201e+00,5.473154437522882887e+00
2.717252053610590412e+00,3.789126933123302621e+00,6.139461463412005493e+00,4.142866947358877283e+00,2.648227508111703266e+00,5.489450366636412504e+00
2.745699814910369518e+00,4.572847086753853318e+00,4.018233778411301138e+00,2.098879548316656241e+00,1.588459694460313987e+00,6.577470052752458329e+00
2.544463141483548796e+00,3.833411964161285823e+00,7.233594266488126756e+00,5.496553975267783443e+00,4.362117655844127917e+00,4.669340246078252044e+00
1.727305413874633100e+00,2.151099844042072551e+00,4.094673683016702981e+00,5.858471855552179974e+00,6.585797972697908342e+00,7.394517320466477805e+00
2.137372886747722855e+00,4.116275216693999539e+00,5.306438695669479344e+00,5.200205147942589257e+00,5.068236305487337390e+00,5.778191581541741506e+00
0.000000000000000000e+00,0.000000000000000000e+00,0.000000000000000000e+00,0.000000000000000000e+00,0.000000000000000000e+00,0.000000000000000000e+00
3.226995883973484247e+00,1.149166954701681620e+00,6.864260940210805018e+00,1.341308177816297853e+00,1.909035771564545847e+00,6.691748580429143445e+00
1.968568931564776747e+00,3.952160328875290674e+00,6.987686610933961262e+00,5.850349837721489976e+00,2.471810248427686041e+00,5.684939644120523994e+00
1.308201292415577477e+00,4.538451570349984365e+00,6.080138226665384948e+00,4.161303696986109024e+00,1.538538119901050383e+00,3.722705247505700310e+00
3.211227964406710988e+00,2.595618173418428487e+00,3.003502743749436377e+00,3.232214679122672685e+00,3.214451484658187752e+00,6.357053766693145036e+00
2.972720488752432999e+00,3.278430398945155311e+00,8.351569084105442187e+00,6.542139238198382500e+00,2.012711749194092459e+00,3.981848199409622424e+00
2.044438950979487135e+00,4.700684573193329996e+00,6.458162844097498301e+00,4.745626539381465392e+00,2.323451432321038013e+00,4.439838703011050214e+00
8.061695567464155499e-01,3.338256835333371253e+00,6.272493040793561292e+00,4.082667433857889883e+00,4.434014721381503321e+00,5.189738158892348352e+00
2.059737114241465328e+00,2.483395140341584373e-01,4.167393317426670407e+00,3.590785528377234304e+00,1.588732770269384087e+00,4.003240444869581083e+00
3.680125139516693622e+00,2.227684466529444407e+00,6.481249073684126394e+00,4.689451853299706485e+00,2.893156992266563421e-01,4.838466420617578478e+00
3.396003759981507830e+00,3.885523767088340907e+00,8.943976134032130432e+00,5.219778571040174953e+00,1.229385780686903296e+00,5.796063881276152685e+00
5.846479159063109332e-01,3.035842443324570983e+00,4.300100170759793450e+00,5.297571579662398555e+00,5.999517747593653638e+00,5.136645835974215757e+00
2.715776026794800568e+00,2.957271907197924321e+00,7.486909176258149223e+00,4.434049924948254784e+00,3.594290352547143907e+00,6.938879297421008729e+00
2.686942423897497267e+00,4.984870131125774151e+00,5.971783441803149906e+00,2.735573305856969117e+00,4.482231729236547224e+00,4.174252965678312499e+00
3.552279365189406679e+00,2.496366889069494999e+00,2.255357297578955755e+00,2.319276279663753826e+00,5.920004416127343738e+00,4.175519563862931882e+00
2.833226041529810502e+00,5.883870634502521568e+00,5.920291663623157064e+00,5.480894771303082891e+00,4.368720819479511519e+00,5.742641815840018538e+00
3.412140479758597689e+00,1.251982232468860756e+00,6.671013282072189909e+00,3.650391139679308505e+00,6.346984209437117386e+00,5.334456793704215549e+00
4.107538204317648045e+00,2.318036909792899891e+00,3.045061696953462516e+00,6.630638435070482117e+00,3.981129645851196663e+00,4.424220852521172809e+00
3.169164589850011815e+00,2.226291058686897806e+00,4.135825571473501050e+00,3.768708381903362881e+00,3.997526573488382251e+00,3.950592397214264029e+00
2.753773795386857515e+00,3.049080158879745373e+00,5.766996887067579181e+00,5.082059339312939628e+00,3.602544791430262627e+00,4.524194325098655156e+00
2.272007527968504803e+00,3.685027921562362252e+00,5.379635627547806109e+00,4.284916726962183731e+00,2.495080015311033961e+00,2.945464052150329692e+00
1.168802721016883428e+00,1.685183145173347441e+00,4.716686742921152309e+00,4.204690777078835318e+00,3.726176271623395486e+00,4.933989839049245596e+00
4.751810042135837797e-01,5.213297213962171384e+00,6.426370544508472449e+00,4.032177990842430226e+00,1.459485104134217170e+00,4.592508944942707672e+00
2.663468568870114517e+00,1.228373191998905822e+00,5.099964056318431638e+00,5.212944825229659074e+00,3.035536092855946055e+00,5.296176085721644000e+00
1.022566740614708092e+00,4.231343870948649055e+00,5.824902478100161041e+00,4.898651909410123295e+00,1.450055188873846657e+00,5.392047862116770673e+00
5.668285990462665680e+00,1.196444925491502831e+00,7.785939127161473294e+00,3.958957892992666761e+00,3.020946436201142227e+00,7.139252954456374312e+00
2.585371910639254533e+00,4.007746083710869378e+00,5.737167332987572976e+00,7.224926549436523793e+00,4.288625945382778859e+00,4.551883689529766741e+00
3.127692716956992136e+00,3.948428077506598299e+00,5.243852539380486455e+00,3.677731158743189344e+00,5.208524022679344334e+00,5.293551534642022105e+00
3.256550096413569406e+00,2.731679932363659358e+00,4.026809107736488258e+00,3.958950156104096507e+00,3.501461950933763667e+00,3.013309150450636853e+00
3.213235335722482766e+00,2.304956716002807493e+00,5.595080351988677592e+00,3.546480487821935590e+00,3.240013636259912566e+00,2.850978965488132566e+00
3.777255918561214454e+00,3.662422590758274588e+00,3.650994011537518347e+00,3.071448182959255924e+00,4.746972500994337985e+00,1.901143148933049254e+00
5.198043083074905368e+00,2.769751785477051254e+00,3.937772889174280699e+00,2.929388504117731440e+00,3.673521549216412385e+00,2.112153656534246249e+00
3.918542242337018422e+00,2.402912486050059915e+00,5.131849080638507310e+00,2.001392862025452857e+00,3.009479924962091602e+00,3.252488152257960508e+00
2.319596143122446996e+00,5.169429508430567033e+00,6.617055518299651773e+00,6.670452521611541563e+00,2.058739549615594466e+00,3.123892280221778783e+00
1.630814836773723187e+00,2.362134120475079868e+00,5.230571660532141287e+00,3.555765506398918863e+00,4.269667385867365716e+00,1.905843271750094825e+00
1.388655459054612740e+00,1.141391756511022315e+00,2.459221957321678698e+00,1.951338090996251218e+00,4.077918169487830369e+00,4.911342462612037885e+00
9.366610383386961836e-01,1.471366016237008356e+00,6.260003342710945162e+00,2.963462227882103228e+00,2.460978277347614096e-01,4.589482056514622599e+00
2.691741931876847183e+00,3.407580483299138763e+00,6.189051346992522795e+00,4.017762418880192143e+00,1.396346686705316698e+00,7.649758539310733241e+00
1.910747304417946157e+00,2.689586684776870129e+00,4.184042353891688215e+00,4.669574721209629686e+00,2.897574875379038239e+00,6.752815885619240177e+00
0.000000000000000000e+00,0.000000000000000000e+00,0.000000000000000000e+00,0.000000000000000000e+00,0.000000000000000000e+00,0.000000000000000000e+00
2.064552450356261559e+00,3.168170558677515736e+00,5.306597753012418650e+00,2.893473449903322336e+00,4.478631952029535235e+00,1.923873750556863715e+00
3.057760637575846374e+00,1.769500451731046864e+00,5.386278516523613114e+00,4.560677894714284974e+00,2.608242672648315885e+00,3.241806445160606120e+00
2.488467831686086207e+00,2.441554880157007723e+00,3.401041183555505665e+00,4.334429401339106036e+00,3.224286146856643498e+00,4.525476283313381032e+00
3.069588582580498048e+00,3.298856520751484389e+00,5.206254316450778852e+00,3.447693899605107859e+00,2.485506854844249158e+00,5.065890160624903160e+00
2.592988422657044101e+00,4.251130522208795171e+00,7.864696366629160273e+00,4.181937325578028108e+00,2.779581596969350255e+00,5.871905713706769170e+00
2.390877936317216346e+00,4.851113280351684764e+00,6.462591914956895778e+00,2.875546281621423894e+00,2.244103530090874710e+00,6.287010301016417557e+00
7.594694604724574472e-01,5.145224488010637032e+00,4.017599686148769500e+00,4.290217679519559901e+00,2.611175113820068283e+00,5.728273579178496888e+00
2.606347733146586965e+00,3.151205414582039399e+00,3.102742152536983600e+00,4.196719625377491880e+00,6.959838077733509820e+00,5.221506261415602701e+00
2.994080577929691955e+00,4.304557210994765626e+00,4.919725038348089718e+00,4.343003519736381435e+00,6.341430983532479360e+00,4.564733020454204926e+00
3.148314883579517609e+00,2.632066083698422432e+00,5.469691577649308911e+00,2.091023948317512815e+00,3.538388985202287618e+00,5.872154340281924512e+00
1.461370042552512238e+00,5.079743790055314179e+00,3.403706776673735668e+00,3.557795077978971321e+00,1.833112063029470162e+00,4.130971240628474206e+00
0.000000000000000000e+00,0.000000000000000000e+00,0.000000000000000000e+00,0.000000000000000000e+00,0.000000000000000000e+00,0.000000000000000000e+00
7.853759410949141540e-01,2.659611235024266662e+00,6.451734660498837037e+00,6.738550990960399112e-01,3.770633862692255978e+00,3.862425665542113862e+00
2.752313456558666438e+00,2.007633111749585364e+00,4.505891688372203774e+00,3.801164017245304727e+00,3.585445533533734075e+00,5.346041715145344320e+00
0.000000000000000000e+00,0.000000000000000000e+00,0.000000000000000000e+00,0.000000000000000000e+00,0.000000000000000000e+00,0.000000000000000000e+00
2.648536502033564499e+00,3.531530147092709626e-02,4.347932121294183716e+00,4.116700225451976891e+00,2.239471233097987124e+00,4.944893850497789956e+00
0.000000000000000000e+00,0.000000000000000000e+00,0.000000000000000000e+00,0.000000000000000000e+00,0.000000000000000000e+00,0.000000000000000000e+00
1.641131631620754261e+00,3.427764592974433810e+00,6.784609972307782400e+00,4.951750625177250065e+00,2.302929709538577008e+00,3.711186080824617761e+00
1.720882328334563116e+00,3.114840455519998663e+00,4.016370589597273444e+00,2.943824952227645841e+00,1.917513462195555629e+00,5.443911384045982516e+00
2.658650958751111126e+00,4.514073293313094482e+00,8.603637467945532080e+00,4.319078678529398196e+00,8.709730107242998898e-01,5.956838851639874477e+00
3.182698951891338446e+00,2.165410216072928051e+00,3.733739414582400329e+00,4.373547157163223176e+00,2.208839353155316321e+00,2.505866379651650711e+00
4.324503087744190566e+00,2.443638103343309442e+00,3.782363581778943384e+00,3.265873473138066529e+00,2.372762601654156533e+00,3.073953081159747303e+00
4.920717480874587935e+00,1.765629421197224991e+00,5.952189672819166333e+00,4.183811058931281579e+00,2.280271446460672369e+00,5.133767119079966079e+00
2.680394321763830856e+00,4.000836767128090443e+00,4.161556752409506288e+00,5.022307389546149636e+00,1.982897323568824755e+00,4.184890539780048435e+00
3.782892268713153427e+00,4.080914108956896769e+00,5.632495248792339204e+00,3.668201560801304328e+00,4.795093640145577929e+00,4.164208790952963035e+00
3.370065161323978042e+00,3.076704122838914923e+00,3.325458066273719204e+00,3.921034764549260032e+00,6.324727720300159284e+00,5.970089661439267559e+00
1.808347865914087471e+00,2.678998717973600119e+00,4.462644253893999213e+00,4.919918182797163198e+00,6.241436647203945753e+00,5.823796340499917790e+00
4.113603848513647243e+00,1.254065610712339796e+00,2.030530610203341801e+00,4.693375578911950896e+00,3.498020406973315399e+00,4.761275371681931823e+00
4.132783102425516830e+00,1.928773270068792067e+00,4.272655038381022230e+00,3.907804712444676198e+00,1.360901405319315138e+00,3.339424432655019093e+00
7.069401352668536198e-01,3.264688807995949738e+00,6.732500550372185977e+00,5.276840439437548547e+00,9.077828316560339061e-01,5.142526290436554071e+00
2.210703854662005696e+00,3.666253856043632631e+00,7.596237376829822807e+00,3.805460107422846683e+00,2.091621135803047871e+00,5.282295325211987524e+00
4.221397927705504038e+00,2.791371867358693581e+00,8.734600839492099311e+00,2.996812516535475979e+00,3.701029768217880545e+00,6.267484073784180154e+00
3.686112286780554914e+00,3.967331243922898043e+00,6.450588056100198919e+00,5.860499701697234443e+00,2.160018023821183242e+00,4.640536779751969654e+00
1.944246272299250178e+00,2.267802740930509042e+00,2.906885551427106140e+00,5.016708821721902467e+00,5.777530912283941333e+00,3.597854600211132681e+00
2.120577113970080418e+00,3.741719746395517632e+00,3.233230005573088928e+00,3.472086485658405053e+00,4.733290783498365073e+00,4.106434538651282828e+00
3.017250311336231672e+00,1.298667577265123052e+00,6.512572925833680415e+00,4.087919134424366163e+00,2.595583576809723958e+00,4.039667025880272710e+00
2.867079462863530548e+00,5.094190669193166876e+00,5.744907750289472759e+00,2.854788872247760345e+00,1.334684179342505050e+00,3.164969879250150164e+00
4.554837625839930126e+00,1.400569039608678734e+00,7.208713448205157803e+00,2.285197952550158895e+00,5.607445750583460509e+00,6.510099362618428920e+00
4.269455109194106868e+00,2.746888684356814103e+00,3.846888515155362676e+00,4.944009588325554816e+00,3.239043602901531038e+00,6.405447991671153751e+00
3.271042499141192383e+00,4.234126846494361551e+00,5.731585548660914853e+00,5.554514646582906501e+00,3.162081751366902171e+00,5.164379934330349364e+00
3.436804352165767185e+00,2.718158120471090733e+00,3.246128425574582366e+00,5.726300542288599971e+00,3.989499610436256560e+00,4.985365973079709079e+00
2.730909166403980404e+00,2.581079951575070641e+00,6.386175712634843293e+00,4.751595099589017934e+00,5.155049915118774528e-01,3.026058797571019809e+00
4.142459610271121306e+00,3.603570990863902868e+00,5.660357813350848311e+00,2.401723232623730553e+00,4.560404263614143971e-01,3.888836609887071027e+00
3.874568524283620974e+00,1.969607101116364944e+00,8.759088907783851852e+00,5.997108269827730709e+00,2.288030922398167633e+00,4.991092713752185439e+00
4.383537385994403124e+00,3.432908773528097868e+00,7.384467188238842184e+00,4.652844890678558443e+00,3.152415888122118037e+00,4.801918101615438417e+00
3.102405330532439276e+00,3.190342987158142130e+00,4.248615772547726266e+00,5.355046137317735599e+00,4.046336296384817288e+00,5.149620743702000958e+00
2.799495439194594759e-01,3.790451623413317428e+00,4.617125621074818831e+00,5.501044853776832610e+00,2.324008928571363430e+00,6.027610703765731159e+00
1.862600300301453515e-02,4.471939326046829422e+00,7.872306334788411242e+00,4.946558732538665737e+00,7.909045814758934867e-01,4.796651045345698527e+00
6.456601192560893487e-01,3.934276502661400610e+00,5.596425093235619208e+00,4.879665789497215300e+00,3.196112994185740686e+00,5.989608312214595109e+00
8.697447808682627901e-01,4.376545471486021910e+00,4.745345581346140484e+00,4.678688018063041909e+00,5.356485993364319853e+00,5.317575661700440826e+00
2.159343366302695522e+00,3.558917915395218401e+00,4.439393470429003230e+00,2.594369976881854001e+00,7.105687839336896516e+00,5.187928964641652207e+00
1.283073433213588466e+00,6.292562951868495347e+00,5.714955651282490834e+00,4.598450534880113239e+00,6.079862510853483393e+00,5.160650078457506673e+00
1.098189540451007140e+00,4.059728069932369010e+00,5.178534205147792058e+00,2.065320343160226724e+00,6.002770819033647065e+00,4.851855946905421213e+00
2.182409553978801320e-01,3.752592940732263127e+00,4.509365427322308051e+00,4.951597100555268582e+00,4.641136437192223241e+00,4.815428386099315006e+00
3.872600311068152834e-02,4.011255236568692872e+00,5.305048256601534007e+00,3.939821278333505816e+00,3.865513173089742960e+00,2.801921754615689153e+00
6.025188139418005129e-01,3.086568367347122255e+00,5.460513655850181891e+00,2.402522994997008610e+00,3.534981042604266044e+00,2.978533246455641326e+00
1.097635403757804440e+00,4.221731713773861472e+00,2.315222618442487335e+00,2.713928318210083290e+00,5.046014366048656719e+00,4.100771858216785581e+00
1.452005036129818460e+00,4.979459956585244207e+00,5.475688301098178279e+00,2.387185568218331611e+00,3.802214670209175473e+00,5.538611744392808234e+00
3.340973665029704165e+00,5.344583953192746151e+00,8.409782679378711379e+00,4.868035104321724482e+00,2.384934883475024137e+00,4.835648234674342127e+00
4.075880048358390795e+00,2.047197472549502795e+00,5.332155632882103369e+00,3.995154737519880594e+00,4.766606749845418989e+00,4.402571960870789169e+00
3.692753487946710322e+00,1.687091139741710100e+00,4.857816531520233738e+00,5.082642547731076377e+00,3.749451455991632987e+00,3.363919730457385793e+00
3.584221211251960248e+00,2.205032822358930833e+00,6.145318679067250045e+00,5.643766018704199361e+00,5.405286688794444849e+00,4.849224633503857795e+00
3.313696872799807291e+00,3.480579819995460511e+00,3.362852475466228785e+00,5.420171646499731821e+00,1.665973566167550768e+00,3.412332415500795690e+00
5.658584498324850998e+00,3.641110491637992830e+00,3.514349700039938185e+00,3.084195081930146909e+00,4.407720970176885800e+00,5.108918960563936018e+00
4.351468777555569822e+00,3.123650506522350323e+00,5.864352905696569529e+00,3.484720370332111461e+00,5.601573333510744490e+00,5.601187672332752499e+00
3.583877768527256258e+00,3.326300602787553906e+00,5.401586615263985536e+00,5.328022767999591736e+00,4.577291473956600854e+00,4.051450251066219366e+00
2.808074439861007132e+00,3.837138944569151722e+00,3.467202738506345305e+00,4.724982740440467843e+00,4.083024939550328192e+00,3.964555607909034052e+00
4.701265834417903910e+00,1.730061903639274368e+00,5.296715041880527330e+00,2.736436100344309175e+00,3.462274880765568330e+00,4.749184991313613935e+00
3.008043756748348230e+00,7.468081981051395424e-01,5.451911809775754847e+00,5.919550475011283730e+00,3.652883260348406935e+00,4.575688966953852521e+00
3.700955321693570887e+00,3.531579810879305725e+00,3.832232553792021434e+00,5.190199561583186849e+00,2.532929335225288625e+00,5.152643644368006370e+00
7.062433871499596449e+00,1.792569357581487388e+00,4.214156799115893470e+00,5.525610284144498507e+00,3.480224138663117195e+00,2.206593765201573909e+00
3.899441202738849199e+00,1.152277777478707410e+00,5.286372908137133564e+00,5.417555208500909103e+00,1.227163187127335409e+00,4.597331165607689840e+00
4.960677621991255393e+00,2.817672149155674877e+00,5.737389607659134860e+00,4.743285255448842719e+00,2.588128093697177334e+00,6.194678725509850103e+00
2.845248864661047428e+00,3.742490678351661160e+00,4.990545118132981628e+00,7.197342929668167244e+00,2.963875600588648407e+00,4.748291279406107179e+00
1.500304368054882431e+00,4.234385595521404255e+00,3.732168295866004293e+00,6.478196569927940018e+00,4.757773958871724496e+00,4.360927399359708190e+00
2.614538503979154882e+00,4.474558269478697170e+00,4.602939567747568184e+00,5.313518861906199930e+00,3.615609182912447039e+00,4.392526414671408475e+00
0.000000000000000000e+00,0.000000000000000000e+00,0.000000000000000000e+00,0.000000000000000000e+00,0.000000000000000000e+00,0.000000000000000000e+00
3.476341218073180528e+00,3.565850616951789398e+00,5.792452274116665301e+00,2.517572501465965118e+00,3.061076815324571321e+00,3.032735273341470972e+00
