VR1,VR2,VR3,VR4,VR5,VR6
3.156764603249349488e+00,6.280112693019905379e+00,5.753806337008960270e+00,5.339059000928179088e+00,3.935698312685386835e+00,3.732461780828220110e+00
3.997370916055511092e+00,4.923349566751558548e+00,5.467620809523803693e+00,4.767634429688900610e+00,2.996371608353049609e+00,5.275839544025564543e+00
3.582387031866448801e+00,6.792742842787209412e+00,5.173066866079725656e+00,3.885264699546202571e+00,2.532157365018099515e+00,4.597461960558352878e+00
1.917411477665844188e+00,1.255326900305924864e+00,4.793172963667516662e+00,3.902801050995276633e+00,3.323724783121687842e+00,5.702638151169827196e+00
2.907345882755549837e+00,7.931229477199819300e-01,3.604229708460013892e+00,2.724377673668843425e+00,2.541018664005765704e+00,2.254780879053712273e+00
3.226753555977609267e+00,3.383522388157158112e+00,1.876843142559260436e+00,2.439858755351204778e+00,2.533189042911811129e+00,2.846811488487507980e+00
0.000000000000000000e+00,0.000000000000000000e+00,0.000000000000000000e+00,0.000000000000000000e+00,0.000000000000000000e+00,0.000000000000000000e+00
1.248129378259398514e+00,2.843725954108575760e+00,8.342298808674694754e+00,3.906504098116667212e+00,4.455149256747640507e+00,2.820118296670259816e+00
3.252212320398975898e+00,3.029693506366096578e+00,7.224698273117644121e+00,2.999786577007543364e+00,2.627543997839389966e+00,5.766578063335709992e+00
2.980164520161461272e+00,1.265962703250002042e+00,3.885511730229765259e+00,2.145755919022749758e+00,2.147740101779980648e+00,6.223381493421225485e+00
3.639768819853706372e+00,2.970134394251522814e+00,5.645426024124923003e+00,6.673357611893918850e+00,3.887037742612865721e+00,5.454728877405049303e+00
3.612284354890107352e+00,6.279643522039059178e+00,6.121833222562484522e+00,4.095518178400311626e+00,3.470699983684325307e+00,4.599636305383218549e+00
2.968927865668429700e+00,3.048954200726357922e+00,6.551019294920830127e+00,6.641839175705285037e+00,4.398789401707119850e+00,6.329395002203367149e+00
1.281307109339738126e+00,2.274572529858874592e+00,4.874120479062105105e+00,4.203047096495430957e+00,2.955822243132832039e+00,4.806375600018033545e+00
2.028485379660367016e+00,7.655581332442200626e-01,3.284532722464796439e+00,2.101842575403161995e+00,2.354328485550764682e+00,3.472614531382406611e+00
0.000000000000000000e+00,0.000000000000000000e+00,0.000000000000000000e+00,0.000000000000000000e+00,0.000000000000000000e+00,0.000000000000000000e+00
5.680052593181832421e-01,4.412048795293479486e+00,5.724091305302925647e+00,5.265221417304088547e+00,5.735705475786566865e+00,4.631630342716434257e+00
1.235670168714807504e+00,3.126854797891758242e+00,2.886023394983296964e+00,3.820943824071833195e+00,5.249569225208057688e+00,6.075975472320894077e+00
2.810928266744243675e+00,1.057969060776847048e+00,1.786206985345835996e+00,9.859809443993645672e-01,3.055480242185366180e+00,7.236658074760464743e-01
1.759487717764555814e+00,1.881709606674005775e+00,4.257632460520512474e+00,5.863318307122109552e+00,5.349515763206270869e+00,3.529495003201537529e+00
2.229581383567763364e+00,2.664292884918990190e+00,3.762298154611036338e+00,2.769357842224716482e+00,4.462608534946410188e+00,2.767275160261393196e+00
0.000000000000000000e+00,0.000000000000000000e+00,0.000000000000000000e+00,0.000000000000000000e+00,0.000000000000000000e+00,0.000000000000000000e+00
0.000000000000000000e+00,0.000000000000000000e+00,0.000000000000000000e+00,0.000000000000000000e+00,0.000000000000000000e+00,0.000000000000000000e+00
9.490227142390652570e-01,8.345503014347919191e-01,2.274113684885334496e+00,2.641507905387182831e+00,5.069492165479842605e+00,2.874329922676226445e+00
1.793583023177609981e+00,3.171269233638961182e+00,3.401321790929742850e+00,2.923758512840715973e+00,6.062059068924119387e+00,4.487501942558695944e+00
0.000000000000000000e+00,0.000000000000000000e+00,0.000000000000000000e+00,0.000000000000000000e+00,0.000000000000000000e+00,0.000000000000000000e+00
0.000000000000000000e+00,0.000000000000000000e+00,0.000000000000000000e+00,0.000000000000000000e+00,0.000000000000000000e+00,0.000000000000000000e+00
1.703806484532058407e+00,3.835919639077164156e+00,3.591597633770826636e+00,2.542719630875135195e+00,3.723588819700044628e+00,3.423537851073140459e+00
1.478928120198538476e+00,6.439506303075486215e-01,5.541794340844253597e+00,4.774588060425333680e+00,5.231206665584339888e+00,2.172543744430000867e+00
2.405098275534506946e+00,2.963658520687500797e+00,5.521909477005832123e+00,6.313479906533712160e-01,3.164305065556925811e+00,3.424274260600389752e+00
2.875703860394307032e+00,1.542396541107805552e+00,3.374973193047463571e+00,1.860035060075107882e+00,2.337690726174911582e+00,4.084527227524104021e+00
1.945315528742328270e+00,2.777094925356748067e+00,4.399506096391508692e+00,3.595405125892753961e+00,3.195572133019000560e+00,4.172437456077423334e+00
7.777463534533730627e-01,4.108531944908673239e+00,5.231042170238579203e+00,5.200746845881357494e+00,4.975327496265734339e+00,4.598889537380808079e+00
0.000000000000000000e+00,0.000000000000000000e+00,0.000000000000000000e+00,0.000000000000000000e+00,0.000000000000000000e+00,0.000000000000000000e+00
3.658210354035895229e+00,4.179139292493516677e+00,6.681862888050471128e+00,5.616858025558290279e+00,4.812893037698890097e+00,4.860292511546973060e+00
3.389465133094931915e+00,5.565995160539676689e+00,7.824573921263745291e+00,6.909022790570328532e+00,2.864400846076544660e+00,6.036686932240934667e+00
3.442358097946749851e+00,6.209177924032513118e+00,8.909925228761803595e+00,6.945525760635625545e+00,1.168096576743635762e+00,7.081384538276791929e+00
1.713101113578729962e+00,3.873761319285387916e+00,5.397443389474798181e+00,4.822334370950134286e+00,2.311348230973429452e+00,6.305828848811380283e+00
1.990745408950415296e+00,1.941160876668959201e+00,5.434533366662754439e+00,1.439620139314470748e+00,2.334171241404210839e+00,2.410230943820720118e+00
2.533028965535075727e+00,1.786916405631890026e+00,5.497626901930010135e+00,5.644105010024583535e+00,5.999597319458534805e+00,4.542568157415496799e+00
4.935554226522300691e-01,3.615041116292625034e+00,5.650643631767693797e+00,4.904501107590111708e+00,6.733274246720508671e+00,5.945726544164421590e+00
3.156175592767088034e+00,3.603356884250475289e+00,6.264522869872742206e+00,2.904434214793543134e+00,2.376924117565575756e+00,3.075106787455152091e+00
1.518784989403928032e+00,9.473703628999521342e-01,4.547814830962299659e+00,5.204901157030815462e+00,4.539668939584278640e+00,6.665132001212068502e+00
1.089921556544162673e+00,3.150665189263798904e+00,4.302500544812820849e+00,3.561031885590530965e+00,4.254463594397317472e+00,3.808146282139450278e+00
2.842128727660047538e+00,2.948862319534630849e+00,3.485447956922778978e+00,2.926095352576541408e+00,1.858512398612804706e+00,4.155487819926638515e+00
1.818409380093035876e+00,3.177794010989928530e+00,5.587950488250452707e+00,4.583759617835738709e+00,2.342732656643277789e+00,3.620191766160433033e+00
3.498126317766334648e+00,2.519572816422981809e+00,6.434088298464632594e+00,4.852945427312327809e+00,3.790244817484783368e+00,6.181437093640465008e+00
5.198700318769031714e-01,1.197972004535751367e+00,5.417195348054769433e+00,5.318504564872736040e+00,3.638969659160233405e+00,5.114868688496080118e+00
6.656053233561309845e-01,3.457332685741035139e+00,6.659072997892824475e+00,6.628088125718159418e+00,5.940306952604648139e+00,5.749503746539113891e+00
2.423382451668847803e+00,4.091513127358701318e+00,4.578517096325242619e+00,2.533475948085813556e+00,1.855253006082524081e+00,3.764270759098928831e+00
3.525705554112150697e+00,1.848092857793092403e+00,5.279127356623909861e+00,3.474904439425632763e+00,3.055149573048850709e+00,3.600906262391115220e+00
1.629054066677031010e+00,1.324671571616482746e+00,4.950910268001725179e+00,3.619788736715804589e+00,5.011355686670921017e+00,5.265558824665952820e+00
1.722366300716848819e+00,2.573404311234694930e+00,4.111442624684110925e+00,3.382902896251350100e+00,3.542162726324001198e+00,4.322291731410805582e+00
3.360573521994452584e+00,3.404355896297130091e+00,5.107421400314500204e+00,3.938526567100671727e+00,3.056348781601547770e+00,2.947369784067633169e+00
1.748077972750605502e+00,2.597184299069515312e+00,6.224952261314445678e+00,4.849765433994473796e+00,3.244623080015326622e+00,4.471086274978012476e+00
1.591085425565993638e+00,3.456551020632425697e+00,6.834337573048243186e+00,2.728922954132153134e+00,1.809644715284177474e+00,5.349068216693695810e+00
1.135917326934711369e+00,1.145293113709505262e+00,3.516612732916761352e+00,2.919097258507334480e+00,2.447242116084439090e+00,5.081854879303780770e+00
3.265245494236019397e+00,4.718836214451064492e+00,3.765151646225982418e+00,1.426849357785734185e+00,1.483844706450856643e+00,4.450849550865050297e+00
6.002976895120420764e+00,5.429328588088228713e+00,7.278206236425756259e+00,5.761563635800950323e+00,1.802202771273160087e+00,2.398763031944730173e+00
0.000000000000000000e+00,0.000000000000000000e+00,0.000000000000000000e+00,0.000000000000000000e+00,0.000000000000000000e+00,0.000000000000000000e+00
3.341064940988347054e+00,4.921179915168933938e+00,7.226950867512568877e+00,5.166236995161582080e+00,1.726811478104543829e+00,5.985630385663571751e+00
3.839871801893398384e+00,4.115478500231600556e+00,7.986761573061314401e+00,4.424830076310798610e+00,6.996401145552066936e-02,3.986694386869447992e+00
2.861716760439964702e+00,1.903059214539422728e+00,6.263152236888011259e+00,4.028890200961047441e+00,1.382052468128195599e+00,3.783610518731974182e+00
0.000000000000000000e+00,0.000000000000000000e+00,0.000000000000000000e+00,0.000000000000000000e+00,0.000000000000000000e+00,0.000000000000000000e+00
3.235431622797402706e+00,4.364994080964033074e+00,4.800298230077323147e+00,3.800564711361594572e+00,3.848128586904399739e+00,5.505714790019709426e+00
2.882027205793276092e+00,2.780176095753524645e+00,4.390064478731192210e+00,3.834496660270995338e+00,2.937133082444945309e+00,4.308177466324614180e+00
1.927514567745745477e+00,3.790156958920043451e+00,3.519726269318865342e+00,1.651554941866803627e+00,2.557698620306509074e+00,2.832844139003798389e+00
4.058692650024223525e+00,5.072964855360577729e+00,4.904623404813008847e+00,3.702555660282764283e+00,3.788524101933412602e+00,4.237464914679966554e+00
2.958007640040928088e+00,5.789959097568637247e+00,6.046209357035241538e+00,4.575024617769762436e+00,2.468829726149313064e+00,4.229143735364480960e+00
0.000000000000000000e+00,0.000000000000000000e+00,0.000000000000000000e+00,0.000000000000000000e+00,0.000000000000000000e+00,0.000000000000000000e+00
1.272429695295278274e+00,3.281199231258906224e+00,4.855343026163295939e+00,5.122270898650288729e+00,6.433194192243350429e+00,4.960806851164778486e+00
2.324039810932147176e+00,3.199058241344526987e+00,3.588152137901865935e+00,3.515507338746632904e+00,4.999513311681676342e+00,2.734377469449018605e+00
2.064750078716205195e+00,2.493271120093401461e+00,2.369556668582466497e+00,2.262862759647190636e+00,4.540500591277857545e+00,6.161339160470379994e+00
1.139272267699373842e-01,9.785639413284354937e-01,2.644627397473703567e+00,3.313300567902365934e+00,5.409612832039226937e+00,4.336636626937830030e+00
3.763306304048623208e+00,4.864693251440314725e+00,4.374802761470450108e+00,4.515312027062726052e+00,5.141755567981927122e+00,6.205357552730294657e+00
