VR1,VR2,VR3,VR4,VR5,VR6
6.264329915068982402e-01,2.523597773481132123e-01,3.459248929467642508e+00,2.743447472108489826e+00,1.163207993145007890e+00,3.549189091390858142e+00
3.112206580491024166e+00,2.114741347168792807e+00,1.884050719859615253e+00,1.388902865201582681e+00,2.347516148423748561e+00,3.925205921361355710e+00
0.000000000000000000e+00,0.000000000000000000e+00,0.000000000000000000e+00,0.000000000000000000e+00,0.000000000000000000e+00,0.000000000000000000e+00
4.047298987124126057e+00,3.425026897736247022e+00,7.086899867058404467e+00,3.932214462840816438e+00,2.855986194923128885e+00,5.157218400559421490e+00
2.581949094821358148e+00,4.066407793223752343e+00,6.666161490525198907e+00,3.993932888501193101e+00,5.020660826309605973e+00,5.090988166400066461e+00
3.159035539331320308e+00,3.872953187064556602e+00,6.479693259493408242e+00,4.765703452985497357e+00,3.929499248589776172e+00,4.467691602489588298e+00
2.523314849118259762e+00,3.867225433077018160e+00,4.223799687376271095e+00,5.330719098208749784e+00,2.306770357792630843e+00,3.748796680395988901e+00
1.604992492917113323e+00,1.907777206919501589e+00,3.642909195978032422e+00,2.967671039632303831e+00,1.951050245836966068e+00,2.893888437145681447e+00
1.858104370616727952e+00,1.490202291699962212e+00,4.975895235193324773e+00,2.742531251016109728e+00,2.893022885493126140e+00,4.048164765053941849e+00
2.134849323721172532e+00,8.599420099137327078e-01,4.661906541876295940e+00,2.186834189903530845e+00,4.162023398748744718e+00,2.739252278559827225e+00
2.874705067578287476e+00,1.981575724956204043e+00,5.683361679400176669e+00,3.729714983183686883e+00,3.015787202389858201e+00,3.760057552095552147e+00
2.051305839994237434e+00,1.847633660242470333e+00,4.962545206376097084e+00,2.882061814187344417e+00,2.733002641399473021e+00,3.232667895604190100e+00
4.424428594615170240e+00,4.680981372758765247e+00,8.084804759179169409e+00,6.532275411296021517e+00,1.581383957386013117e+00,5.979220560453404332e+00
3.529153661767080230e+00,5.671005207309362639e+00,7.263982170755614476e+00,5.531101372101803193e+00,2.877242895797552436e+00,6.426640636084422376e+00
1.217601549599237387e+00,2.644014246335318230e+00,4.465226114685789227e+00,5.379272639538247525e+00,3.960195769079614792e+00,4.724616162646636752e+00
2.526045053470194368e+00,2.420871869231742579e+00,5.361625550982845212e+00,5.984911353782136345e+00,5.008021580713817755e+00,4.785655334706865105e+00
3.376210022333146377e+00,7.296021600069353852e+00,5.822329526048239501e+00,6.304245980158261986e+00,4.101242118058451069e+00,5.416343811330849078e+00
1.188119917120983526e+00,2.148030299665160570e+00,3.390462545388085225e+00,3.295728665298469195e+00,3.545518321650533711e+00,3.261117752873341935e+00
4.485325215030369961e+00,4.098246519908853358e+00,6.441992634345172775e+00,3.760910014765376452e+00,6.066832390434473865e+00,5.213978819637276274e+00
5.836575394528246363e+00,5.359640078575827360e+00,8.476357948352458038e+00,5.704829995248305252e+00,5.490176366333110458e+00,5.744773691415977268e+00
3.098323486045201136e+00,5.415457176571346842e+00,4.196434990708149293e+00,3.916970849521128173e+00,3.991033298314696331e+00,3.973553635960864749e+00
2.862297470053181581e+00,3.136761220434511888e+00,3.691021416891688389e+00,2.888889103423913696e+00,4.772336300535137354e+00,4.401518987463765242e+00
0.000000000000000000e+00,0.000000000000000000e+00,0.000000000000000000e+00,0.000000000000000000e+00,0.000000000000000000e+00,0.000000000000000000e+00
1.756140105148940478e+00,6.412170084138621995e-01,1.581226624376001588e+00,3.389964033423661149e+00,3.870841818404151979e+00,2.546898134991251617e+00
3.555744335039659809e+00,2.469949442615801072e+00,5.269588076988060088e+00,3.541543642316351104e+00,4.397566998522712822e+00,5.350974052895020705e+00
3.785540867482303007e+00,3.345444097550805296e+00,6.310585388348875391e+00,5.894050201301677561e+00,4.345482533735855135e+00,3.595458982853089402e+00
0.000000000000000000e+00,0.000000000000000000e+00,0.000000000000000000e+00,0.000000000000000000e+00,0.000000000000000000e+00,0.000000000000000000e+00
0.000000000000000000e+00,0.000000000000000000e+00,0.000000000000000000e+00,0.000000000000000000e+00,0.000000000000000000e+00,0.000000000000000000e+00
2.031634801216939401e+00,3.954031114480018871e+00,5.008662114044613034e+00,4.920304346682074836e+00,5.270571720566179508e+00,3.455725933492442614e+00
2.828084677503294841e+00,5.115118800423321233e+00,5.843526151566275750e+00,5.953597710666716836e+00,5.705550061155863162e+00,6.580920815875390240e+00
3.000989711017729711e+00,5.171170966035317562e+00,4.771142845360229146e+00,4.990430797654040518e+00,4.356350445977282604e+00,4.820318929106430339e+00
1.507747392623774774e+00,1.335163238377173878e+00,3.719243614531714037e+00,5.616582434881744135e+00,4.797038882424969231e+00,3.962572669496916777e+00
3.553335985234898686e+00,4.023125724930885383e+00,4.398423393339522924e+00,5.621454954618270605e+00,4.225575560796277941e+00,5.674178404688836608e+00
2.155335921288728862e+00,4.217524255511557740e+00,4.489004492987749728e+00,5.530889700986090673e+00,3.130989092499944171e+00,3.094950342550841338e+00
0.000000000000000000e+00,0.000000000000000000e+00,0.000000000000000000e+00,0.000000000000000000e+00,0.000000000000000000e+00,0.000000000000000000e+00
0.000000000000000000e+00,0.000000000000000000e+00,0.000000000000000000e+00,0.000000000000000000e+00,0.000000000000000000e+00,0.000000000000000000e+00
3.332640571628149306e+00,2.814295391290698056e+00,3.471687377527220342e+00,3.631156666861773186e+00,4.733865726861772316e+00,3.145097158977152585e+00
3.600911680329490494e+00,1.813503482952810719e+00,6.286690016810090320e+00,3.879737935588412512e+00,4.829165305813505782e+00,4.381537524809996142e+00
2.023222201422114619e+00,3.693607462159310018e+00,5.604501909442648255e+00,3.588396672658156206e+00,4.757623687919187105e+00,4.413502003934255846e+00
3.400208877569267152e+00,2.062780159114955936e+00,5.093710688415503895e+00,4.565344449912926095e+00,4.815364190780676346e+00,4.037086750943283953e+00
4.962465582991073099e+00,4.423403347486303261e+00,5.768154779655367825e+00,5.140319049820450736e+00,4.519333381619318857e+00,6.098296186246302319e+00
1.356772153072150600e+00,4.486256593869356379e+00,5.747141779304278053e+00,5.110377047499656378e+00,5.253851725927009220e+00,5.801238139534286020e+00
1.641668820771094106e+00,2.769693854920637133e+00,4.660651230028347136e+00,3.572999116323801960e+00,5.929485398912271776e+00,5.051519941836719596e+00
1.511483440397416889e+00,3.742980039028219075e+00,5.232136749144484789e+00,5.133361566711924340e+00,5.633278074264955748e+00,4.595060717116279392e+00
3.305752679408650696e+00,6.516645264912893865e+00,5.281780139726967249e+00,4.587778474595621603e+00,2.977386656326118874e+00,3.904896075846640446e+00
1.630775927901640499e+00,1.422241361837753626e+00,5.202354029332995289e+00,3.728125983211886041e+00,4.110879465805143518e+00,3.272955013262095481e+00
3.270006038673149540e+00,5.181355964511848100e+00,7.234927722061659239e+00,6.107962469178792375e+00,6.823358939604370121e+00,5.811485005174516161e+00
2.602090479214082652e+00,5.229475789428656540e+00,7.219924935784256093e+00,3.937267735382657285e+00,4.030607608383975027e+00,5.781227458435207467e+00
2.341270004129458737e+00,4.724660190940694449e+00,4.912926933232014015e+00,5.274751248136873905e+00,5.540202651771549469e+00,4.815574309792327590e+00
1.988965142612345804e+00,3.045804110922881502e+00,3.917972589059067978e+00,4.105207557495766935e+00,5.946735037604486962e+00,3.464702718710420015e+00
2.072555634017343884e+00,2.930868725682911791e+00,4.964237131705997896e+00,3.676481587129776241e+00,4.047428251596768334e+00,3.574854035488358672e+00
3.645082969214184399e+00,5.462101259227768679e+00,5.957573248808207822e+00,4.947715858316353632e+00,4.841324909488817774e-01,5.192029859706271289e+00
0.000000000000000000e+00,0.000000000000000000e+00,0.000000000000000000e+00,0.000000000000000000e+00,0.000000000000000000e+00,0.000000000000000000e+00
7.541671309842727933e-01,7.483593414502567320e-01,4.601307415221716823e+00,2.909713197377790550e+00,3.684477044982518823e+00,2.316019866655170123e+00
5.171820889031693014e+00,3.553075871513935446e+00,5.243989156233280546e+00,4.760183359103069556e+00,4.251711147705529825e+00,4.766717797870534845e+00
2.622883814866342256e+00,3.091338211403388048e+00,4.665752430640876192e+00,4.961374677231244590e+00,3.633381437746892928e+00,4.044070744765484449e+00
1.794688312752509507e+00,4.181995257307669078e+00,5.011687502599791344e+00,5.071055735461621694e+00,4.748043261316043484e+00,5.137995256378372844e+00
5.234064799568960424e+00,4.641771526293235972e+00,7.288291307817396536e+00,7.328406288572593574e+00,4.161864527579895778e+00,6.480857476805255146e+00
2.215479940475276521e+00,2.817444296123103875e+00,5.951243434442566205e+00,7.122539521075530899e+00,5.220663696464274750e+00,3.095462785785488613e+00
3.026296225189127220e+00,5.917259564647590508e+00,7.022788463588017116e+00,7.092518347201284712e+00,3.377212792429979960e+00,4.645523242842631184e+00
1.865011560635596144e+00,2.831619767326935655e+00,4.281299678496656824e+00,4.799953404639557775e+00,1.112633474599890704e+00,2.834369542214711934e+00
3.554661238523944888e+00,6.074972609625820752e+00,5.866650784443410593e+00,7.126717927324190960e+00,1.346139898764872056e+00,5.336585567465855995e+00
3.941239751908897748e+00,5.752594607022295747e+00,5.822241158480379930e+00,6.117964608437816310e+00,3.397325422977536036e+00,6.149532840028610892e+00
2.971226016500628120e+00,4.580308367616206411e+00,4.985024937837835068e+00,4.895009458232737032e+00,3.550623078369912644e+00,5.804440438693132975e+00
7.880352368735195068e-01,3.331209760684173737e+00,3.017107536570195148e+00,3.447902914285946974e+00,1.693240929121015981e+00,2.780848209424685358e+00
2.626021115349219670e-02,4.516390237589376078e-01,3.467982703974366476e+00,2.275071679354107701e+00,3.148944833235491458e+00,2.296354947748280306e+00
3.087333138588837844e+00,2.857055317275182471e+00,3.778451751957708105e+00,4.010468476931171367e+00,1.624472134614523222e+00,3.853576254886536656e+00
1.346423219064061483e+00,1.967767714620018316e+00,3.885293464882285885e+00,1.786829146960665415e+00,8.838806384897770485e-01,3.324289779636449005e+00
3.948678707795878928e+00,1.698259274275360164e+00,6.250650599907003446e+00,5.445197334032132908e+00,2.586794410901726238e+00,4.883691068148870329e+00
3.323889197795491857e+00,5.016256321845078858e+00,6.361170696585670470e+00,6.911476677045780725e+00,2.499608039004476367e+00,5.604375601977648280e+00
4.731366049369754023e+00,5.765918423065482301e+00,7.787548302858540161e+00,8.158408556711925996e+00,3.303220326636613802e+00,5.865821068365176139e+00
3.206978219924781381e+00,5.668515124626694934e+00,6.960230263915105908e+00,6.291765177979020685e+00,2.897481749684976737e+00,5.925694234177877107e+00
5.872337848894567003e+00,6.536725940660206291e+00,8.100821250523919659e+00,8.494526704901655734e+00,4.097509974036998237e+00,7.020477410951309949e+00
4.034940062109033221e+00,9.431203991683339893e+00,7.451470305312120956e+00,7.556876235765315641e+00,2.629558451407519648e+00,7.088645841063905273e+00
4.071546571388684477e+00,5.859160758817698600e+00,7.515282130435405605e+00,7.858848045075483846e+00,2.010765837989692439e+00,4.760361631561013773e+00
3.376287399355784480e+00,5.654083181280507908e+00,4.962906209786503986e+00,6.333273015469406353e+00,9.862682699574412126e-01,5.216041838045042844e+00
5.498538447864534717e+00,5.986867285996599009e+00,7.119345138546093743e+00,7.948614178875984315e+00,3.008200047856335768e+00,4.991079555101218368e+00
1.488861950486667585e+00,4.197229274816770328e+00,5.037679133664033415e+00,5.860142036946677457e+00,3.824714394626909097e-01,4.061700042622593543e+00
2.026142512889935077e+00,2.491053334133934705e+00,5.652829613029315858e+00,4.753644681934199312e+00,2.093498962928988405e+00,4.883648165494394178e+00
9.698174744343077691e-01,3.075766505541950302e+00,3.578015109096943647e+00,1.231681750360980043e+00,5.718337680707081816e-01,4.052209463864548944e+00
2.465737428187457780e+00,3.792745064947139255e+00,7.556054403900727579e+00,4.426133895680094632e+00,3.240155938119387180e+00,5.030767477422717349e+00
3.316848790497118671e+00,2.566607026860548313e+00,7.988021844047906939e+00,5.175301182886798301e+00,4.324181071008399435e+00,4.655561213130549270e+00
1.056766146197232636e+00,3.101249855215124196e+00,3.770764208984378030e+00,4.793732691426755288e+00,3.829417854700763346e+00,5.458547416226574356e+00
4.233227860982649915e+00,3.679914385258495457e+00,5.212836002197856367e+00,6.152177764185764453e+00,3.988321747388358762e+00,5.120099284855665900e+00
4.731335363340184230e+00,5.165440409305182001e+00,6.555047213899406700e+00,8.090339626441540588e+00,4.604252899308152180e+00,3.907781128042415286e+00
4.245268747797840803e+00,7.556654801139718103e+00,6.518157513079639642e+00,7.863788016069663378e+00,3.706895848917680425e+00,6.304044547735488280e+00
1.828492864878335844e+00,4.474744764946660069e+00,5.441944578792501375e+00,5.542486951758873737e+00,3.313141051135206183e+00,3.900507541672368461e+00
0.000000000000000000e+00,0.000000000000000000e+00,0.000000000000000000e+00,0.000000000000000000e+00,0.000000000000000000e+00,0.000000000000000000e+00
2.568053418059492277e+00,8.033868812987319252e-01,4.684957772747954330e+00,2.703522616897402919e+00,4.254497653324974316e+00,3.806743865112534930e+00
3.642080321351657268e-01,3.629144007432434371e-01,4.054592828719949971e+00,2.040914037768200906e+00,3.400424183254186161e+00,3.418520075451876750e+00
2.913603493595845251e+00,7.077926233382361154e-01,5.117619935637906181e+00,2.336896161685817486e+00,3.151241145002745547e+00,1.537690035518276765e+00
0.000000000000000000e+00,0.000000000000000000e+00,0.000000000000000000e+00,0.000000000000000000e+00,0.000000000000000000e+00,0.000000000000000000e+00
0.000000000000000000e+00,0.000000000000000000e+00,0.000000000000000000e+00,0.000000000000000000e+00,0.000000000000000000e+00,0.000000000000000000e+00
0.000000000000000000e+00,0.000000000000000000e+00,0.000000000000000000e+00,0.000000000000000000e+00,0.000000000000000000e+00,0.000000000000000000e+00
3.483583576662468317e+00,1.420972314333453612e+00,6.255874301135023963e+00,2.987729429083991306e+00,3.831893240600141137e+00,5.022930437226152733e+00
3.937091544396409404e-02,1.766489850205829493e+00,4.234837939404060059e+00,2.997088504468420123e+00,2.271440980174602942e+00,3.197644120149868652e+00
5.362557117969062759e+00,2.658543539200758588e+00,6.648684221845387654e+00,4.305098376722238385e+00,2.979290916048092264e+00,5.873036810078881231e+00
2.781717317385027144e+00,4.643960698447942903e+00,4.469719221930619213e+00,3.109691726206066598e+00,3.889008295777360402e+00,5.259048414893958245e+00
4.778241474990412740e+00,4.921365786504631856e+00,6.747389309285333425e+00,3.255060502007566470e+00,4.369735597326672050e+00,4.835319295378714521e+00
2.999175580469737312e+00,2.852404811113129934e+00,7.577481461871983015e+00,6.084229760595878389e+00,4.025935161127965678e+00,5.304859897220608467e+00
4.948723089996390101e+00,6.928549836606155310e+00,8.041617062391246407e+00,8.152799227250472569e+00,4.089347685196278448e+00,5.035303862293384114e+00
3.891969179693506753e+00,6.426712295076447923e+00,6.548638747169118091e+00,6.646814071443900573e+00,2.239314502504013316e+00,3.622395923099530179e+00
4.180358610892266569e+00,6.336787000032369832e+00,8.082857174039796533e+00,6.925468337769089544e+00,3.262146235209543832e+00,6.120740804373453692e+00
2.717392135412152854e+00,7.954128697212061283e+00,6.984979614745712162e+00,7.309914243544906043e+00,4.175129239652073387e+00,7.228786505679629215e+00
4.134215117675474005e+00,5.292873890293614991e+00,5.887595294691664982e+00,5.887492303301167240e+00,2.541259300438395208e+00,4.383608489270426567e+00
1.321999446476402662e+00,3.650993551519012836e+00,4.823420215037009129e+00,4.541934676295979578e+00,2.618512683356276405e+00,5.208571697960525881e+00
1.869830481799493516e+00,2.383682101974847534e+00,4.207751632505405404e+00,3.555916378914827813e+00,1.974392966125172011e+00,2.887062068872940479e+00
7.584053278770896966e-01,2.957973898314802952e-02,4.728434277372397077e+00,2.109778272044320335e+00,3.389932579351679909e+00,4.192172001757285216e+00
2.107949555117237139e+00,1.903983273728691472e+00,3.941164532132374276e+00,2.133340510373309851e+00,2.794254665439675378e+00,5.799247017059600218e+00
3.077298153231936340e+00,2.530045486369808749e+00,5.991158584691743449e+00,3.140494989572651274e+00,3.216938205567791531e+00,4.266848916992125318e+00
0.000000000000000000e+00,0.000000000000000000e+00,0.000000000000000000e+00,0.000000000000000000e+00,0.000000000000000000e+00,0.000000000000000000e+00
2.621381930162667295e+00,2.428695082750475187e+00,4.670047336703544438e+00,1.922104112153103284e+00,2.699863993670492235e+00,4.861364197425717570e+00
0.000000000000000000e+00,0.000000000000000000e+00,0.000000000000000000e+00,0.000000000000000000e+00,0.000000000000000000e+00,0.000000000000000000e+00
1.733064144641807580e+00,4.250169571472281582e+00,4.424399653520289633e+00,2.333750845503885341e+00,4.210117274371855345e+00,6.328123773165374999e+00
2.054785609709814054e+00,1.104175504741629954e+00,5.778414963362574319e+00,3.234026955619317079e+00,4.529172465030542050e+00,3.249862922924169784e+00
3.581604170888345706e+00,3.394518941483573471e+00,5.673638077601935947e+00,5.531627918419884438e+00,5.434487571771551728e+00,6.463832024485043348e+00
3.142880291087191136e+00,3.826949627296582168e+00,6.445728714988737451e+00,6.272100517330601477e+00,4.591645322682898822e+00,5.162407357686594978e+00
7.119415854249722120e-01,3.537251623688613567e+00,4.957521095495770247e+00,5.652106131864699456e+00,3.200640770750954545e+00,4.727730511881413022e+00
1.045710594167753582e+00,4.691041561274870375e+00,3.705224635225400576e+00,2.782332359471191729e+00,1.961756868683481203e+00,3.068234850225795007e+00
3.732813970009588367e+00,2.276704135663624839e+00,5.076194695876991680e+00,3.477648123245410172e+00,2.384023688701641497e+00,3.664199019570279603e+00
2.046553914024292542e+00,2.044965363965047800e+00,5.765497010476097195e+00,4.503060647649542503e+00,3.945781280141092751e+00,4.091342388033136324e+00
2.163237674935497790e+00,2.781854002441684237e+00,4.437437554434827014e+00,3.457284029123038671e+00,3.700611271071908348e+00,4.251142695933129545e+00
3.394862112195244030e+00,3.625535145758846500e+00,4.815161444317192618e+00,2.743273387034142363e+00,4.272166194173127707e+00,4.332093167102677000e+00
2.907533153427523942e+00,3.698445847888722327e+00,5.408419745763397124e+00,1.469076146994019449e+00,5.581845787188894903e-01,6.346813571715559377e+00
0.000000000000000000e+00,0.000000000000000000e+00,0.000000000000000000e+00,0.000000000000000000e+00,0.000000000000000000e+00,0.000000000000000000e+00
0.000000000000000000e+00,0.000000000000000000e+00,0.000000000000000000e+00,0.000000000000000000e+00,0.000000000000000000e+00,0.000000000000000000e+00
0.000000000000000000e+00,0.000000000000000000e+00,0.000000000000000000e+00,0.000000000000000000e+00,0.000000000000000000e+00,0.000000000000000000e+00
0.000000000000000000e+00,0.000000000000000000e+00,0.000000000000000000e+00,0.000000000000000000e+00,0.000000000000000000e+00,0.000000000000000000e+00
2.460948896679631570e+00,3.017684917223868002e+00,4.283243580059535205e+00,3.063797137956290495e+00,1.367429733827976834e+00,4.328868395584270168e+00
2.780963826412549356e+00,1.376106794352659701e+00,5.402152575305429139e+00,3.327115331302073820e+00,3.787341645754128905e+00,4.847910324844522556e+00
0.000000000000000000e+00,0.000000000000000000e+00,0.000000000000000000e+00,0.000000000000000000e+00,0.000000000000000000e+00,0.000000000000000000e+00
2.829828908338717142e+00,4.868437958184688163e-01,4.011666306028454088e+00,3.670939229068670429e+00,6.062236145255437414e+00,4.362717226273708171e+00
5.383994899356708608e+00,4.145599850897276895e+00,8.281635856559237396e+00,5.696030668027121990e+00,4.491502631789568767e+00,5.260859254204182989e+00
3.261838350969034739e+00,6.291432186108284697e+00,4.970678992041445809e+00,4.798096972665584659e+00,3.627591314114309462e+00,4.836336831277193049e+00
4.269274085208540903e-01,2.409503406743515708e+00,2.917295093127667993e+00,3.263284859083803724e+00,3.824822910984618130e+00,4.354114616751544986e+00
1.821155295373008798e+00,8.581289158941363127e-02,5.048748016374476677e+00,2.153896254242228192e+00,4.547367561824617432e+00,4.331570449609993823e+00
0.000000000000000000e+00,0.000000000000000000e+00,0.000000000000000000e+00,0.000000000000000000e+00,0.000000000000000000e+00,0.000000000000000000e+00
4.459023086978596950e+00,1.696495684352770761e+00,5.310055766173833902e+00,4.037223399905990107e+00,3.506433207738503199e+00,3.209986486450000953e+00
1.104026863085854515e+00,2.035539371281045895e+00,4.983029241695605904e+00,3.401110289045353952e+00,3.825083977077106567e+00,3.362894063107708664e+00
1.325711895635831805e+00,1.694084775581427671e+00,4.352285479518025468e+00,1.942126880345303341e+00,1.863669096691326743e+00,2.269394500640889323e+00
0.000000000000000000e+00,0.000000000000000000e+00,0.000000000000000000e+00,0.000000000000000000e+00,0.000000000000000000e+00,0.000000000000000000e+00
3.946101682504445485e+00,3.690124136338138072e+00,7.316910286860303536e+00,6.093218703422548010e+00,4.471497740108186569e+00,5.807553790003048277e+00
2.567012178472465322e+00,4.423747893144548193e+00,6.115551328788736640e+00,5.986051339325687337e+00,4.859658809504375121e+00,4.265634149896983196e+00
4.508773502506637776e+00,6.454123777391924222e+00,8.180575806044046772e+00,7.570008649027940351e+00,3.838333869467728920e+00,5.916555588212689898e+00
6.015097516829913005e+00,5.100175283910271418e+00,6.234059425598680093e+00,5.494420567283619938e+00,4.327858789847443433e+00,4.748474492832844618e+00
4.295347543680634317e+00,3.217441930213647439e+00,6.143842224845558420e+00,4.266793085895598914e+00,1.043706719484226220e+00,4.285819686182278154e+00
2.945308201014242400e+00,5.543560929966680817e+00,6.536599659216393299e+00,4.440321054356643593e+00,3.885767022287949679e+00,6.159638163057420179e+00
1.475417327520737842e+00,3.177620779752479141e+00,4.985785404988506642e+00,4.126761610231874045e+00,4.892905789057921950e+00,5.056750535396575152e+00
2.845877621453188233e+00,2.039227054294369346e+00,5.625023981461390044e+00,6.654847710831635510e+00,3.628634159140765814e+00,4.843129619960365950e+00
3.147754665703269339e+00,5.307249856744721050e+00,6.702561160191041978e+00,6.672224056284595584e+00,3.569962158579538691e+00,5.285536758625704934e+00
