VR1,VR2,VR3,VR4,VR5,VR6
3.620155337076967683e+00,3.058559399643472787e+00,6.111227844614304239e+00,5.788170313561494140e+00,4.126682165219679455e+00,4.639699025157024259e+00
1.722829538603966260e+00,5.840295309686220904e+00,6.318295983625226597e+00,4.685195812289421724e+00,4.666124948619364332e+00,6.014342231430367391e+00
2.496126234951302258e+00,4.914950257143712697e+00,5.327083026372632979e+00,5.471203337288066848e+00,3.550232129480157539e+00,6.455538742176297085e+00
2.502461652699676797e-01,4.042256108490928312e+00,2.911617410769220982e+00,4.635349828028726193e+00,1.148206339639267437e+00,3.367356187615633711e+00
2.183228210935145075e+00,2.809198181360507363e+00,5.001364675275788763e+00,4.592269362341738770e+00,2.848732288625940967e+00,2.199543964635763516e+00
3.796624231255817161e+00,4.534128190481616194e+00,5.409298375489854038e+00,2.886456735372555205e+00,1.111305786669874784e+00,3.799061359203132149e+00
3.150203090552025298e+00,5.351446681487546542e+00,9.667545826931172925e+00,4.135828100467661805e+00,6.988535427970427705e+00,7.048636492928344488e+00
0.000000000000000000e+00,0.000000000000000000e+00,0.000000000000000000e+00,0.000000000000000000e+00,0.000000000000000000e+00,0.000000000000000000e+00
7.328397906749080093e-01,3.627618148524792474e+00,5.364537262235143267e+00,4.840694113076709826e+00,4.975039954641791162e+00,4.006311930841188307e+00
0.000000000000000000e+00,0.000000000000000000e+00,0.000000000000000000e+00,0.000000000000000000e+00,0.000000000000000000e+00,0.000000000000000000e+00
3.249752835721678501e+00,1.248218133534879648e+00,3.221618128203584952e+00,3.791223943946262942e+00,3.302352749058752757e+00,2.284142375873172703e+00
3.419094662705250975e+00,1.620995212728145063e+00,3.510042677988829407e+00,3.026685543199143513e+00,8.598654339891469434e-01,3.846185484404298194e+00
3.129500469721705702e+00,2.947225565550008586e+00,5.451630446550645104e+00,4.737150218509560418e+00,4.179184329614925808e+00,3.771694901217752971e+00
3.547112757499041535e+00,3.579457304830988562e+00,3.986292915853662855e+00,4.235130951081971240e+00,3.944661216991366182e+00,4.548790540720891507e+00
2.129546658189218622e+00,4.264448566228238313e+00,5.563033987246992496e+00,4.948221192638830424e+00,3.515554204015502560e+00,3.035559120232695030e+00
3.086978748641612480e+00,5.643981068529617673e+00,5.624043005306416987e+00,4.234933322254291532e+00,6.076350726697773652e+00,5.925848870690269443e+00
3.079599999124913445e-01,4.883681740044185204e+00,6.228397589179055061e+00,3.867002425170676716e+00,4.862054585339793178e+00,7.351050158550429536e+00
0.000000000000000000e+00,0.000000000000000000e+00,0.000000000000000000e+00,0.000000000000000000e+00,0.000000000000000000e+00,0.000000000000000000e+00
3.740573330662028795e+00,5.039148284022518354e+00,6.855531963069771528e+00,4.598097733337748849e+00,4.472527380406307707e+00,6.541753685928417994e+00
3.328741970813249296e-01,3.835578074643475333e+00,2.946976867476418960e+00,4.879717917400903104e+00,2.753642844582748772e+00,5.565086563619395577e+00
2.621803025511747265e+00,5.319243850847280797e+00,8.019194649532725094e+00,5.025621787948422181e+00,4.666718199228057529e+00,5.444103957278806583e+00
1.957629298044302413e+00,3.689381273552584162e+00,5.595735462520476489e+00,3.445632636058908016e+00,3.396426138222627511e+00,5.157924738453076863e+00
0.000000000000000000e+00,0.000000000000000000e+00,0.000000000000000000e+00,0.000000000000000000e+00,0.000000000000000000e+00,0.000000000000000000e+00
0.000000000000000000e+00,0.000000000000000000e+00,0.000000000000000000e+00,0.000000000000000000e+00,0.000000000000000000e+00,0.000000000000000000e+00
0.000000000000000000e+00,0.000000000000000000e+00,0.000000000000000000e+00,0.000000000000000000e+00,0.000000000000000000e+00,0.000000000000000000e+00
0.000000000000000000e+00,0.000000000000000000e+00,0.000000000000000000e+00,0.000000000000000000e+00,0.000000000000000000e+00,0.000000000000000000e+00
0.000000000000000000e+00,0.000000000000000000e+00,0.000000000000000000e+00,0.000000000000000000e+00,0.000000000000000000e+00,0.000000000000000000e+00
4.968089833836208058e+00,1.142542080016977435e+00,3.951540909354231967e+00,4.382968248404766065e+00,1.361517893018802106e-01,2.623750294928228755e+00
4.804248995403549216e+00,2.250309385471794599e+00,5.276878914946662391e+00,3.156040937077154052e+00,3.083962516795194730e+00,4.848455815586352635e+00
2.099005551240215262e+00,2.292594051184592363e+00,4.336018988277541730e+00,2.345977824607567541e+00,3.375403979487322736e+00,4.088257151157231206e+00
3.133242612402870719e+00,1.832689844136055513e+00,4.802765366680855408e+00,1.944386566006897077e+00,3.934600938414746452e+00,3.725994185655553181e+00
1.949932168477217953e+00,1.291691465111330039e+00,7.466586536430880550e+00,3.499022541534716257e+00,4.621841959373226061e+00,5.254938803228101918e+00
3.823802815512045150e+00,3.989514851255859806e+00,5.076790323652054404e+00,3.606087621491952611e+00,3.772802408443471034e+00,5.006669537707724160e+00
1.835273969326132182e+00,1.066317176771515607e+00,3.928845415827004750e+00,5.040198291077586212e+00,3.415090564032521758e+00,4.130121274958379551e+00
1.460513274082407387e+00,6.583330887747340654e-02,1.240256861028019575e+00,3.971663671098180526e+00,3.158640749697951833e-01,2.351060566679206154e+00
0.000000000000000000e+00,0.000000000000000000e+00,0.000000000000000000e+00,0.000000000000000000e+00,0.000000000000000000e+00,0.000000000000000000e+00
1.309692493260480983e+00,1.881953732078160524e+00,6.550713191224484255e+00,3.867836674909073125e+00,4.140036428008283309e+00,4.661897372455332089e+00
2.436113836486829332e+00,1.256861396544051157e+00,3.846283908621111802e+00,3.758424520524228374e+00,2.830129761261992005e+00,3.387613360243381333e+00
4.962444257810957993e+00,1.833146308924407331e+00,6.614488758143627578e+00,4.070542832478010631e+00,4.349947015701362218e+00,5.152987930187342691e+00
3.591308492517098827e+00,1.853944793771877819e+00,3.995380884207199834e+00,2.809763699457428210e+00,1.883349111449747371e+00,5.591844466053066398e+00
1.430836833831266475e+00,2.319775061990100529e+00,4.585533494087373541e+00,5.204751323245613293e+00,4.578360224602516126e+00,5.187900375679475040e+00
3.136155634005882931e+00,2.358715348724846006e+00,4.553161535417020289e+00,4.160647822141439356e+00,2.467277637149470682e+00,2.287393267725214674e+00
3.788362287293372432e+00,3.437145039164043681e+00,5.545566180361205966e+00,3.939102420597970777e+00,3.438281373197251689e+00,3.578783171978625610e+00
2.607070887533830650e+00,5.060601574467087360e+00,6.592983004958236748e+00,4.306857491658444559e+00,4.246594860614546718e+00,4.455847841102821505e+00
2.353226599539590680e-01,4.360547849457590885e+00,3.914534612466691321e+00,5.338770397228457476e+00,3.998564090765967194e+00,3.633422541302330444e+00
2.847208725344927416e+00,2.730700379530144772e+00,4.604747620770631045e+00,3.261371587109809678e+00,1.706688910944989646e+00,4.276599792140061140e+00
2.175787398442693199e+00,4.141631032365614473e+00,4.806310915999365996e+00,2.117530818011401195e+00,4.371514831116746436e+00,4.659521677938192497e+00
2.469290068378000136e+00,3.126586178676832528e+00,3.590432794110791193e+00,3.433071706294132053e+00,2.854833042696951928e+00,4.153816153024355806e+00
1.444403684741755622e+00,3.926364112630657210e+00,4.150719140343938740e+00,4.999464379792545543e+00,3.155145102073906305e+00,3.255623393154368994e+00
3.850012020545618086e+00,3.110113470798456348e+00,6.026672440194397851e+00,4.566863912280656024e+00,4.562407129380153137e+00,4.682230206782908688e+00
2.538234467051297294e+00,1.423729180186751764e+00,4.364858347747974321e+00,4.708200328435924398e+00,2.337405367282420876e+00,2.337233761259711606e+00
4.304453190291169129e+00,1.678595467550320963e+00,4.879396694218499420e+00,3.768425296368382860e+00,2.255993516952976563e+00,2.676279224779992916e+00
2.629115448114921705e+00,3.746062629275677569e+00,5.377880631565925107e+00,5.273213465905086217e+00,2.903341014202985182e+00,3.422508675498120656e+00
2.982872014277981876e+00,1.641184154733692946e+00,3.028259467798054771e+00,4.632884200943723663e+00,1.526456640021679911e+00,2.024611371693496142e+00
2.943578799701046300e+00,2.955979268397807669e+00,6.890350763589138339e+00,5.634797208449864314e+00,4.763991496029047923e+00,2.706015643037714913e+00
2.917859820593244891e+00,4.260460090369106112e+00,4.313554729251756648e+00,4.082557911331528011e+00,2.663811087717860460e+00,4.581892216910649296e+00
1.345692817508792771e+00,4.436994059717512151e+00,3.642036490570916385e+00,3.669263188066101300e+00,3.128231203738279120e+00,2.697846119081965810e+00
1.920582445437540642e+00,4.191236960790890365e+00,5.184205231290742510e+00,2.858561810650842361e+00,4.294317512857819708e+00,3.253468318897402511e+00
1.059765113541704107e+00,5.137897906246299939e+00,5.306950470835261946e+00,3.776210097795738463e+00,5.023463042730812234e+00,3.382326333564351639e+00
1.593057043948803209e+00,4.092268300353689270e+00,5.663953727318976838e+00,3.334053506147737878e+00,4.517171501216051155e+00,3.434701989417007439e+00
3.503345068137031060e+00,2.711108460886291649e+00,6.227908032864839072e+00,3.140474749349809525e+00,3.812914566058764443e+00,3.171286640998509654e+00
3.078346117220450040e+00,1.665614746769869203e+00,4.924671604950241033e+00,3.458633879940895550e+00,4.242010901617239149e+00,3.297328205122290079e+00
1.606423219007807379e+00,1.725906127186289662e+00,3.835863407695063731e+00,1.915710558330589564e+00,1.248104982788995176e+00,2.245675468989127843e+00
2.673883119548907672e+00,6.134022291230603052e-01,3.986637471449478554e+00,4.004314505750520503e+00,1.555088510936401214e+00,2.823500724412441265e+00
4.042886882779201940e+00,1.255593476044980505e-02,3.834689591691056165e+00,4.887360813761599587e+00,3.802527977379989821e+00,2.401950687403155538e+00
3.357757040401208926e+00,5.056827239376224803e-01,3.634874266516193941e+00,5.052412252338394083e+00,7.473351019083747104e-01,4.469573127711450766e+00
2.769514311552000230e+00,7.056133787397471657e-01,4.763891642364308510e+00,4.062492453570555107e+00,1.984283220071278331e+00,4.099640857462606647e+00
3.320516418600662156e+00,1.927987909442085313e+00,4.434338776174516106e+00,4.155892638417546969e+00,1.893990629943619552e+00,4.357711979082197651e+00
2.219785069652489895e+00,7.631484376973207695e-01,4.797469195064494762e+00,3.688914515116601400e+00,2.731780384853585986e+00,4.765646747794734850e+00
0.000000000000000000e+00,0.000000000000000000e+00,0.000000000000000000e+00,0.000000000000000000e+00,0.000000000000000000e+00,0.000000000000000000e+00
0.000000000000000000e+00,0.000000000000000000e+00,0.000000000000000000e+00,0.000000000000000000e+00,0.000000000000000000e+00,0.000000000000000000e+00
0.000000000000000000e+00,0.000000000000000000e+00,0.000000000000000000e+00,0.000000000000000000e+00,0.000000000000000000e+00,0.000000000000000000e+00
5.415277429397411524e+00,2.268601767485436405e-01,7.085464464347821512e+00,6.935885953562124229e+00,1.273062282836514125e+00,5.040388259910339563e+00
2.697675771643960996e+00,1.077392414485280225e+00,3.353047540878481669e+00,4.714907007692439755e+00,2.059820613034434533e+00,5.243329919568029851e+00
1.735134774142784941e+00,1.635272401285851940e+00,5.453785625674486326e+00,4.797137533428864842e+00,5.085889604100351846e+00,5.417307736101713900e+00
0.000000000000000000e+00,0.000000000000000000e+00,0.000000000000000000e+00,0.000000000000000000e+00,0.000000000000000000e+00,0.000000000000000000e+00
0.000000000000000000e+00,0.000000000000000000e+00,0.000000000000000000e+00,0.000000000000000000e+00,0.000000000000000000e+00,0.000000000000000000e+00
0.000000000000000000e+00,0.000000000000000000e+00,0.000000000000000000e+00,0.000000000000000000e+00,0.000000000000000000e+00,0.000000000000000000e+00
0.000000000000000000e+00,0.000000000000000000e+00,0.000000000000000000e+00,0.000000000000000000e+00,0.000000000000000000e+00,0.000000000000000000e+00
3.596949586873036786e+00,3.010406693886468421e+00,6.660939175915748578e+00,4.450048827334990520e+00,4.402746792577437951e+00,3.811178165905755311e+00
3.539933151730636496e+00,2.034371440414058707e+00,4.016781975001965321e+00,1.362253684138593712e+00,2.581611227397258901e+00,3.724978423910950909e+00
5.038092872652409682e+00,2.342628002386038855e+00,7.146262372319393208e+00,3.563680167683147104e+00,4.045311369511266797e+00,3.572217513611370077e+00
9.227900519872531682e-01,4.285105015636702319e+00,5.870389041541049124e+00,5.989778997208133227e+00,3.329905160361097849e+00,4.223484492571267346e+00
1.082881523705810478e+00,4.760161594360691417e+00,5.471736399750278146e+00,5.558035996414403712e+00,3.356131381110178058e+00,3.794021004891119375e+00
3.012096354414102173e+00,2.351370944981673095e+00,3.377902882443326149e+00,4.896553645529074572e+00,2.330754808056640925e-01,2.614228597789194808e+00
3.552480996062580942e+00,3.187405797860553225e+00,6.156863811353961324e+00,6.397169557924339500e+00,3.461150075165456919e+00,4.201972774023277069e+00
2.882918402466345231e+00,1.320760168311522875e+00,4.538209027240297289e+00,4.814597578947292789e+00,3.252408091060646100e+00,3.019216024558020184e+00
3.476636057914632261e+00,9.042542850418469058e-01,4.873265147505402517e+00,5.162072641223232061e+00,1.148051611204909506e+00,3.119069798314690889e+00
2.286803603367142834e+00,1.724844707528818466e+00,6.511907396284067673e+00,5.052305604066078537e+00,4.672548275690020958e+00,3.535714808218612948e+00
3.108703663818101592e+00,4.249588603055222791e+00,3.483255503368679840e+00,5.181186575505270397e+00,4.209215599773889593e+00,2.304337382993986605e+00
3.766708755467008896e+00,3.368159558796384179e+00,3.988816980734915418e+00,2.819045596314783353e+00,1.840792064480566204e+00,3.339908243050224712e+00
4.258131794487483468e+00,1.884773396807445822e+00,5.045411660423087419e+00,4.385731545652240548e+00,3.062303914806238758e+00,4.473599376654735060e+00
2.234715447570765345e+00,2.808449381237954068e+00,4.844246278699288588e+00,4.489649226224204703e+00,2.988899902732803149e+00,3.992462178222518254e+00
3.325458156981763391e+00,1.915403138033855424e+00,4.500921954473574793e+00,4.672816165969551072e+00,2.102632609077765835e+00,3.804675657655664622e+00
2.696317143856230558e+00,5.412307096467511514e+00,7.857082704217833502e+00,6.010063016026332861e+00,5.846851035416133158e+00,5.641814462715587730e+00
8.143635179679427072e-01,6.029073206856592648e+00,4.895349889682552913e+00,4.473038336926229874e+00,4.797330462187206379e+00,5.644462366112307450e+00
0.000000000000000000e+00,0.000000000000000000e+00,0.000000000000000000e+00,0.000000000000000000e+00,0.000000000000000000e+00,0.000000000000000000e+00
2.426627371604414662e+00,4.742091089869387766e+00,5.682060190209306860e+00,4.317209507384032641e+00,2.916335539254808928e+00,6.340467431991498870e+00
2.183751884285627387e+00,2.509906996507402344e+00,5.502057321304733684e+00,4.212878860708229922e+00,1.584828947290464418e+00,3.652435539441158063e+00
9.388894203582236475e-01,1.401114693337767836e+00,5.353754228016884831e+00,3.274058906383082501e+00,3.161016677890709836e+00,2.720766207697466577e+00
3.118103701648649029e+00,4.508761178849556295e-01,5.936995442824378522e+00,4.946072487516346428e+00,4.685854198427426454e+00,3.744503784099210808e+00
3.242123827621696819e+00,1.425789447583531988e-01,6.008116341123777460e+00,5.072060333045151914e+00,2.933635724482043905e+00,4.407148005113265654e+00
3.129398025469632749e+00,3.259248433687120361e+00,6.374683365560141368e+00,5.355902753985109399e+00,4.918391535612754772e+00,6.160275135506191546e+00
2.553089252754555893e+00,2.882654102948060348e+00,6.336046594544953336e+00,5.324975274391885449e+00,3.000723594091351032e+00,5.023763947658498097e+00
3.382407772126116097e+00,3.806872398686539150e+00,5.162599533071447588e+00,6.217506436666274894e+00,5.017130939876127904e+00,4.957991510236376520e+00
1.092465453379722895e+00,1.771929829758275066e+00,4.590743580854945272e+00,4.056330821447172497e+00,7.887760280327502649e-01,4.657490468968567221e+00
3.620711710494901148e+00,3.070466691908783297e+00,6.800247082974760104e+00,6.328776291603690929e+00,3.650202437468664574e+00,5.993362218543056841e+00
5.014192020693375440e-01,4.486475192814632251e+00,6.118567621866212392e+00,7.153291090166430166e+00,3.799580704393899389e+00,6.445444331552975470e+00
1.805436606354444251e+00,3.605799760793525710e+00,4.565432197646409840e+00,5.709904511917498482e+00,2.636888394807545222e+00,4.681889599976960525e+00
8.340309450138523317e-01,3.738963489981576238e+00,4.663813119039754262e+00,2.626414419856386573e+00,2.954900074472191829e+00,4.385404005231584357e+00
1.996032915134478003e-01,3.337693789557221624e+00,2.653887647326269583e+00,3.762031048897235941e+00,2.598041661127676427e+00,2.871437124006061659e+00
4.495271104505196291e-01,1.754488614011988634e+00,4.262825374552585700e+00,1.770776441699081882e+00,1.779776391386050260e+00,9.416960198491688416e-01
4.072467754017072394e+00,4.105521821261671533e+00,8.257346965592596177e+00,3.431303267880469576e+00,5.263802287606312191e+00,4.260141051791677569e+00
2.589319004348217046e+00,2.268246281659655139e+00,2.366864069416743099e+00,2.747978223238297435e+00,2.882465586568163207e+00,4.308870560070221956e+00
2.822393042492858495e+00,3.630124157455937084e+00,5.990819968341759783e+00,5.632523048986846526e+00,5.208550414261088335e+00,5.877810408560298683e+00
4.222741719991348397e+00,4.485605159865926339e+00,7.600828887209793550e+00,4.976298373349901993e+00,4.212236128629712972e+00,5.562069410897783506e+00
1.334302162121754343e+00,5.899164105296087257e+00,5.942893306413067123e+00,6.727715868976322788e+00,4.569536466623706161e+00,6.239727632800121881e+00
7.384698715218394049e-01,2.003459957662216961e+00,4.114792659163153843e+00,3.980620770840110456e+00,1.102685106648997326e+00,3.837601579812449870e+00
5.677709570764346125e+00,2.017482576740242894e+00,5.518919705482998594e+00,3.835065913510348867e+00,3.680818441168018040e+00,4.931494969830092501e+00
1.092369723461902531e+00,2.343388432049664516e+00,5.461110431813050781e+00,4.187060563444181760e+00,2.566596925266851681e+00,4.510551766455366263e+00
2.163841489464028545e+00,2.470162491022920737e+00,4.789516446334535438e+00,4.056342538656644514e+00,3.708903777415271996e+00,4.087293502637598053e+00
3.111875228655589964e+00,1.487911202206160688e+00,4.575146883888489668e+00,5.602040562695616899e+00,2.573438929949905418e+00,4.500844212174589742e+00
2.195791983713224038e+00,3.146904946640344924e+00,4.555469055656212518e+00,3.943160901142297892e+00,2.751214665873111809e+00,4.655623341105346924e+00
3.061947577680399490e+00,1.818394128919993191e+00,5.311971252520203635e+00,5.261890064235685394e+00,3.478140211181760311e+00,4.240358857613117038e+00
1.297349276416612129e+00,4.409757924067190693e+00,6.362889223886401879e+00,3.442913173933433324e+00,3.902218172263499874e+00,2.762212015994228054e+00
4.022157318785435365e+00,3.948614791528408219e+00,5.338253765881520785e+00,2.345228663284502080e+00,3.932006739440295107e+00,4.127858813335983257e+00
1.541562304465253774e+00,4.617657242114667326e+00,6.184540664991587278e+00,3.026539754402832294e+00,4.725359567183385678e+00,3.253393701773827917e+00
2.835637464507063221e+00,5.266717244127496755e+00,6.149542048427385943e+00,3.735334551725710828e+00,4.069525447119845651e+00,4.501534545630187623e+00
3.147712059095105985e+00,4.469587597676254020e+00,5.781866314828482345e+00,3.041734032753190764e+00,4.254214077324738774e+00,5.325843005537588049e+00
1.978723926463587635e+00,5.108516192347007490e+00,5.463921898798608012e+00,2.871532528708590881e+00,3.228942774237886226e+00,4.712084248077617055e+00
1.305221818034799419e+00,4.477719318066403886e+00,4.917206996229238847e+00,2.736500380131156707e+00,3.340503738138468126e+00,4.027052790810638605e+00
8.518141333092210665e-01,3.036629692042708939e+00,2.936552729725479871e+00,3.100320134163765839e+00,1.668665084895913919e+00,1.824174027701127354e+00
2.436884576055924789e+00,4.528972021227040123e-01,5.073811640596091799e+00,2.526638422004503948e+00,2.191303987281794985e+00,2.818009165805775318e+00
0.000000000000000000e+00,0.000000000000000000e+00,0.000000000000000000e+00,0.000000000000000000e+00,0.000000000000000000e+00,0.000000000000000000e+00
2.553492272579945155e+00,6.295384097906611132e-01,5.502254617691363592e+00,4.453423550604009407e+00,2.844278211171535453e+00,2.837868168172391403e+00
0.000000000000000000e+00,0.000000000000000000e+00,0.000000000000000000e+00,0.000000000000000000e+00,0.000000000000000000e+00,0.000000000000000000e+00
0.000000000000000000e+00,0.000000000000000000e+00,0.000000000000000000e+00,0.000000000000000000e+00,0.000000000000000000e+00,0.000000000000000000e+00
2.698025205881651623e+00,1.073733749679729677e+00,7.045561270929163733e+00,3.967667735626947856e+00,3.646614851806183388e+00,4.260084797820329783e+00
1.533922093583629742e+00,4.403004126518250239e+00,5.893284354983743256e+00,5.069625824319744289e+00,3.070504594783413754e+00,4.152701270999163086e+00
1.582139040656838525e+00,4.077758113354795988e+00,5.102456329456262374e+00,4.515076930198418381e+00,3.166265458621666529e+00,4.371307272256375498e+00
8.860638147004569198e-01,6.658550830405790322e+00,5.582017715931397284e+00,3.905569680407847244e+00,5.148858569955875097e+00,6.342455523759329417e+00
5.869422076214028117e-01,5.871214452583227938e+00,6.729292648653083297e+00,3.546065947615889780e+00,4.413941631436351543e+00,6.245036909948256110e+00
1.969790355327458053e+00,7.030141188121826090e+00,5.833242915678847673e+00,5.433590053206716064e+00,3.985295153014409841e+00,6.496767791641920198e+00
0.000000000000000000e+00,0.000000000000000000e+00,0.000000000000000000e+00,0.000000000000000000e+00,0.000000000000000000e+00,0.000000000000000000e+00
1.243442861350345430e+00,1.841872245917150153e+00,3.234652569119415233e+00,4.189613618038515064e+00,1.969609686689643979e+00,1.653256325034855756e+00
4.091870273695199955e+00,3.665715127195609657e+00,6.174856372545936445e+00,5.336621208744564804e+00,4.763161214906908469e+00,3.956461884292622244e+00
2.717289897006937238e+00,5.826229169212073344e+00,6.360567323125960293e+00,5.074182232204981879e+00,5.354572225336985625e+00,5.930082142592548067e+00
1.050066463875620082e+00,5.168509449410109369e+00,6.249431132900845398e+00,5.127346786580075921e+00,4.075775514671231115e+00,5.618799017620583314e+00
1.392477397760532254e+00,4.592717144245364480e+00,3.297762365024608844e+00,4.695582074057521815e+00,3.679968970288918673e+00,5.645931236654002205e+00
8.887168042390192202e-01,3.102499142997130477e+00,4.977033281488622229e+00,4.805222297373707541e+00,2.359868211893958456e+00,5.638913408486447842e+00
