VR1,VR2,VR3,VR4,VR5,VR6
3.296866252249950335e+00,2.955389751494579276e+00,6.377271154423530319e+00,2.020391626878617064e+00,2.765638608597098091e+00,2.993018474045276101e+00
3.282186358639732404e+00,2.937263738643185018e+00,4.271040368352164940e+00,1.925113963003895368e+00,3.568635255191599853e+00,7.018672006893167392e+00
3.430418085715385867e+00,2.798117277869219155e+00,6.173502936107489347e+00,3.970980440911677789e+00,2.399646047870059196e+00,4.263884454727106643e+00
2.023372852240474806e+00,5.741936907488793373e+00,4.039727277691144813e+00,2.735106475261742887e+00,1.245223243781869549e+00,5.468649947833956304e+00
2.134122989356131761e+00,2.878954419084647665e+00,3.330152525477372727e+00,2.782438718594010041e+00,3.621494279587949006e+00,5.597156718411634202e+00
2.039136913983472965e+00,2.296698444449830845e+00,6.047222016855608118e+00,2.891273181556093252e+00,2.093917898858864923e+00,2.375106762030518848e+00
3.135006875249354064e+00,4.856433684901141135e+00,4.196882844971848492e+00,2.214789576369152524e+00,2.188050919097948022e+00,3.359090834424796945e+00
1.752820145483560133e+00,2.217086476648334692e+00,3.574556501321540569e+00,6.467579698858424209e+00,1.862437129751450815e+00,3.218722956368405441e+00
2.860421898639017968e+00,3.854750728479467092e+00,5.922298759285256509e+00,5.475543635284830124e+00,6.090818083212576894e-01,4.387566134841085486e+00
4.184100529534513946e+00,4.084430617947323761e+00,4.838029275991015510e+00,5.420079529983308220e+00,8.960077710890295144e-01,2.863344534545107400e+00
0.000000000000000000e+00,0.000000000000000000e+00,0.000000000000000000e+00,0.000000000000000000e+00,0.000000000000000000e+00,0.000000000000000000e+00
0.000000000000000000e+00,0.000000000000000000e+00,0.000000000000000000e+00,0.000000000000000000e+00,0.000000000000000000e+00,0.000000000000000000e+00
6.044300727630793624e+00,2.955397745675623078e+00,2.556959633712702296e+00,1.749483494486565593e+00,1.823051329298903012e+00,5.625846477709012916e+00
3.031059336737916610e+00,3.316918401848574671e+00,1.453407270447313326e+00,1.297953241553077675e+00,1.565332540984499587e+00,4.005318790209526192e+00
4.642951389993365652e+00,1.303660395169047082e+00,4.843813892552688571e-01,1.700597900166012089e+00,3.346550911395998362e+00,5.163332556255802785e+00
3.618899806264239238e+00,2.144875743079715846e+00,2.923882396889068147e+00,1.149956193087422029e+00,4.422471311065159227e-01,2.918682081048000754e+00
0.000000000000000000e+00,0.000000000000000000e+00,0.000000000000000000e+00,0.000000000000000000e+00,0.000000000000000000e+00,0.000000000000000000e+00
2.506101428989339297e+00,1.500861627299294287e+00,2.623875284272645825e+00,3.821670534344754344e+00,1.390823629686794849e+00,1.088199895994615751e+00
3.532490105895588428e+00,3.182342182890038895e+00,3.159589745454785437e+00,3.788252907644632739e+00,2.058195709813590124e+00,3.838243055017672489e+00
2.567809863531799408e+00,2.951887160332185900e+00,5.210002302722823053e+00,4.819607490282625584e+00,2.764441683886755818e+00,4.161784007052824030e+00
3.991032834781265581e+00,4.154248282435570871e+00,2.385810713360601465e+00,3.987400355550201336e+00,1.542359265524986922e+00,5.428472593113583322e+00
4.849735148072115365e+00,1.454290241085876234e+00,5.699017761335865906e+00,4.900433650036710276e+00,2.857145399434217303e+00,4.202746926956330675e+00
2.403991684632007075e+00,4.116816328954618243e+00,5.106995222187709516e+00,3.779533297764126498e+00,1.966802554302007566e+00,4.544913844447709295e+00
2.620895790045276286e+00,1.707821978244111305e+00,5.229409557298897226e+00,3.368727250163146447e+00,1.799293706946268667e+00,5.736602945982680168e+00
2.943053155954939992e+00,3.515918424022426603e+00,4.841708652541203861e+00,4.032666167174237870e+00,1.369098302012965895e+00,2.371183227146363315e+00
9.288951645699543569e-01,3.600276983705565037e+00,3.964480218657675969e+00,6.508988868713896814e+00,2.670845274694333860e+00,3.568790563187862919e+00
1.151979599472213955e+00,6.360760765010290640e+00,5.998499045813066033e+00,5.778812142255395301e+00,2.798153924686490157e+00,1.770830096224117689e+00
3.339087416754079385e+00,2.345707727129225262e+00,5.769835561287733228e+00,4.101443663762465164e+00,4.415082747252021989e+00,4.821481201787442217e+00
4.006093558396434773e+00,4.367772528212924499e+00,2.091842826838904656e+00,4.331777246173590612e+00,4.078076384552323574e+00,4.354658542284152389e+00
2.717991869450283815e+00,2.218509894093493529e+00,4.066625848295795542e+00,4.334009347399700118e+00,3.504042474234613902e+00,4.484006875100004841e+00
1.030060635164496974e+00,4.476466343786453805e+00,2.788835765592589944e+00,3.184958235035635798e+00,3.973229542289312466e+00,4.388179169388828349e+00
2.229253435337406497e+00,3.607000771983457366e+00,5.606939666578802495e+00,6.669355616254486918e+00,4.910058775265023101e+00,2.408202172213658621e+00
2.046970080900872624e+00,3.541615199269583236e+00,7.456442991654517627e+00,7.287078449646841705e+00,1.819938058078183207e+00,1.249108554688722172e+00
3.102362895902971651e+00,5.760579538470401495e+00,7.553771723209616873e+00,5.653892059927341229e+00,3.694656041013227199e+00,4.055431410323988572e+00
2.592280286031733993e-02,3.680794007496348108e+00,6.839616516884288622e+00,3.625072859050457730e+00,3.503083768946114063e+00,4.776747608104184195e+00
6.557100458704527846e-01,4.034824585933774799e+00,3.644397659771066778e+00,4.471351062989477043e+00,4.705918241543191272e+00,4.291188932901800257e+00
3.292876837285375835e+00,4.368707356677900222e+00,4.049233392820277722e+00,3.681487232598443349e+00,2.895233470941541931e+00,4.396783161590709810e+00
1.834989713606350659e+00,2.919147788948835309e+00,2.351353057718483353e+00,5.872274531928234786e+00,2.645644903726928732e+00,2.544304449916300559e+00
1.893476982659129337e+00,1.631912026989779996e+00,4.727346782808205639e+00,4.377486122332535423e+00,3.887702347320569629e+00,4.478293576737614856e+00
3.826952419066010247e+00,3.795229841900357393e+00,3.424850268824441990e+00,3.484432431844961542e+00,4.045239076208023477e+00,3.426798458718058882e+00
2.842670155383481667e+00,4.108776589086579278e+00,2.205811692277511504e+00,2.872402116551306506e+00,2.624110734672536971e+00,3.222868107588068742e+00
2.742967825534121662e+00,3.599858984608578893e+00,4.947270010531200413e+00,5.670571392575628700e+00,2.374826293122672460e+00,1.620734502097461061e+00
1.646968791248125896e+00,6.333043412606606637e+00,6.197428576621580198e+00,4.945328884180395512e+00,4.395618788956707768e-01,3.500815164800017421e+00
2.277794258683901063e+00,1.716451248211982250e+00,4.912485938046898148e+00,2.648083129076934661e+00,1.343388411402531402e+00,3.686729425587315756e+00
2.479815438549187512e+00,3.700748648434352805e+00,3.445123012146105612e+00,2.557443973784359059e+00,1.239429652859469044e+00,3.853408408354445314e+00
1.416484482962213187e+00,3.497187117240932785e+00,3.457155199967171022e+00,4.064516485468427476e+00,2.213016678511869895e+00,3.276455722574542317e+00
2.341738812149637194e+00,4.425897686675460463e+00,5.698651888930451825e+00,4.951033950195061095e+00,5.054877857161893751e+00,4.303616195968446689e+00
0.000000000000000000e+00,0.000000000000000000e+00,0.000000000000000000e+00,0.000000000000000000e+00,0.000000000000000000e+00,0.000000000000000000e+00
2.811373551332752907e+00,6.673842537349038651e+00,5.667044923966371606e+00,7.037271785353738096e+00,3.269964699942972786e+00,2.297963560077121770e+00
1.013231706102742269e+00,3.719759692569053033e+00,6.265066141469056049e+00,3.442762753694646349e+00,3.642474662978686162e+00,4.199156345331582330e+00
0.000000000000000000e+00,0.000000000000000000e+00,0.000000000000000000e+00,0.000000000000000000e+00,0.000000000000000000e+00,0.000000000000000000e+00
0.000000000000000000e+00,0.000000000000000000e+00,0.000000000000000000e+00,0.000000000000000000e+00,0.000000000000000000e+00,0.000000000000000000e+00
2.183932029015637433e+00,4.190365429600190872e+00,3.682824546743964866e+00,5.212437448124944694e+00,4.704325398057260799e-01,3.648891110959807005e+00
3.162606284724718719e+00,2.991414339657463728e+00,5.632106789686553761e+00,2.726722554923038278e+00,2.248245132908462729e+00,3.625017604119040282e+00
2.369307708029257942e+00,1.356486906625554045e+00,2.853559322710875090e+00,4.930677330294879646e+00,3.289270473818098228e+00,5.785123597598786915e+00
1.866728404648687167e+00,1.160426963481304918e+00,4.887808685121494356e+00,4.248935518496439023e+00,4.695795396453553039e+00,2.991450151254936074e+00
3.776618320959023389e+00,3.011870813019766668e+00,5.085261277151630566e+00,6.004327141751174324e+00,4.356488234942604620e+00,3.760563816813883076e+00
3.034427814016442682e+00,5.720938729146000767e+00,4.390549809966061368e+00,3.898058422645751975e+00,2.312473649961011013e+00,2.975924218220671769e+00
1.975052071357721761e+00,8.878334604510489392e-01,6.268108229402063358e+00,3.804873781597235549e+00,3.253941564423961985e+00,3.593988465949054412e+00
7.173413314712162592e-01,2.552958508984913610e+00,4.957409071175734816e+00,4.640944272458415121e+00,4.034526665317530458e+00,3.689292693089310404e+00
0.000000000000000000e+00,0.000000000000000000e+00,0.000000000000000000e+00,0.000000000000000000e+00,0.000000000000000000e+00,0.000000000000000000e+00
7.687788783925211256e-01,3.846724374239688160e+00,5.471270009793908429e+00,4.055629448176742535e+00,2.430722089936946606e+00,2.692547569796534201e+00
1.879929877372103153e+00,5.520149708469920924e+00,4.962403135917475616e+00,2.499354961578450052e+00,1.411274925613866582e+00,2.865999306602833308e+00
4.066305774901017855e+00,2.493270168146379362e+00,3.819263056738606998e+00,3.479304210299817512e+00,1.234865329992693717e-01,4.463057523650604708e+00
2.565552682984283628e+00,1.306554808752782293e+00,4.109065036028979989e+00,3.110014537866327533e+00,4.032478044672997086e+00,3.491640589458036015e+00
3.596627276210949908e+00,3.094378424789022475e+00,6.923271272083365346e+00,4.491824090870262687e+00,3.197633076112562200e+00,4.516381714853787699e+00
3.313537079217359960e+00,3.035845355609016138e+00,2.936520016604497130e+00,4.350887332301134336e+00,2.169052838783876780e+00,7.752650701151193147e+00
2.918567206339966358e+00,3.530837877647451606e+00,5.088485592384675016e+00,3.053767560916019974e+00,6.274906111779632312e-01,6.609355657501124526e+00
3.554987765431905533e+00,1.399694540565777690e+00,6.300197857580953631e+00,4.046897175107517342e+00,3.387331617037173004e+00,5.727058975553034337e+00
5.016873289021034132e+00,3.934155000800416691e+00,5.119295906665627172e+00,5.594883468835848639e+00,1.832358481386635596e+00,4.362191106762258741e+00
2.984984220583052572e+00,5.912057965631047018e+00,7.718077059660266137e+00,7.191705917033774043e+00,2.300592641469648036e+00,1.161788813118256769e+00
1.154374532742999504e+00,1.994320006745078366e+00,8.582538452036022392e+00,5.108313856522748608e+00,2.947904361186274969e+00,4.972693788882025956e+00
1.160363427654220736e+00,1.706229157957308118e+00,6.731808256093386511e+00,3.822084412784919838e+00,4.642196549894659796e+00,6.348492314939472081e+00
3.253857685040671299e+00,2.473229192886615024e+00,8.369287628977138738e+00,3.401150131900225748e+00,2.640057569191371467e+00,4.909203558283783408e+00
4.563440361964565817e-01,4.013689736673025976e+00,7.218443450459454347e+00,1.700842273094113732e+00,4.142036061759700516e+00,5.245373462256318398e+00
9.225157411856108602e-01,2.572603669657953063e+00,8.748016790179008240e+00,1.517457871036685280e+00,6.339859498036241270e+00,4.161862450104387712e+00
0.000000000000000000e+00,0.000000000000000000e+00,0.000000000000000000e+00,0.000000000000000000e+00,0.000000000000000000e+00,0.000000000000000000e+00
1.198602134168382349e+00,1.600360512536517898e+00,8.133822578162606121e+00,2.224320707119170848e+00,7.274335871068889681e+00,5.625706789381363926e+00
6.385824487425240115e-01,4.029683871370790982e+00,8.077858236280221149e+00,1.713009569119715358e+00,4.698683869686407277e+00,5.109045399359176898e+00
2.430360898156479266e+00,1.212198941865401114e+00,3.474501957167930311e+00,2.893304209551987860e-01,4.499276231333821485e+00,5.265122672609636290e+00
2.846384828996355587e+00,2.810239135640149044e+00,3.161934276399952282e+00,2.158148631531624950e+00,4.291925286302648246e+00,3.948300983133551156e+00
2.810695592000200804e-03,3.330424984890494766e+00,2.554484357674224881e+00,1.127325958999469968e-01,3.053108794401432569e+00,3.972661832289555939e+00
1.507259705059486254e+00,3.944060741476773657e-02,3.885451268211248532e-02,4.472018922343699465e+00,3.121578536471357967e+00,3.580009812168453820e+00
0.000000000000000000e+00,0.000000000000000000e+00,0.000000000000000000e+00,0.000000000000000000e+00,0.000000000000000000e+00,0.000000000000000000e+00
2.392434434593434744e+00,2.817301621291838032e+00,4.437315347061153048e+00,3.964644786465562731e+00,1.769735942452591804e+00,6.231869534030566982e+00
1.749259024552592301e+00,5.342823494040406018e+00,3.042577343832905790e+00,6.425966988851644857e+00,1.756272272868526718e+00,1.570048916111874249e+00
0.000000000000000000e+00,0.000000000000000000e+00,0.000000000000000000e+00,0.000000000000000000e+00,0.000000000000000000e+00,0.000000000000000000e+00
4.193247468396391398e+00,3.570212577555824218e+00,8.987132925856872845e+00,5.525201624038084347e+00,1.485703277006710010e+00,4.216103491732588360e+00
2.867072500262563661e+00,5.504110799863379810e+00,7.849499889766772043e+00,5.572938628150800433e+00,4.663995012600540058e+00,4.157029465540499125e+00
8.422898516012875536e-01,3.943268660684632554e+00,8.512088605333543612e+00,5.443524420641198347e+00,3.317659514518487285e+00,4.755310089378791183e+00
0.000000000000000000e+00,0.000000000000000000e+00,0.000000000000000000e+00,0.000000000000000000e+00,0.000000000000000000e+00,0.000000000000000000e+00
0.000000000000000000e+00,0.000000000000000000e+00,0.000000000000000000e+00,0.000000000000000000e+00,0.000000000000000000e+00,0.000000000000000000e+00
1.387929710410590545e+00,2.072946541520978680e+00,4.683438856868280098e+00,5.156187845363409572e+00,5.094964747357956014e+00,3.331326015516509198e+00
1.141226194399789451e+00,4.030175668566762681e+00,4.947473372861813878e+00,5.618615087605987490e+00,3.978769727219474639e+00,4.120672265654348188e+00
0.000000000000000000e+00,0.000000000000000000e+00,0.000000000000000000e+00,0.000000000000000000e+00,0.000000000000000000e+00,0.000000000000000000e+00
1.269311187161544563e+00,2.700851035212040507e+00,4.493116668594026919e+00,3.460035553086295845e+00,5.616153892097509370e+00,5.498818603204736810e+00
2.060182102252747338e+00,3.306050893747704222e+00,4.420929853457208125e+00,2.386822730802359960e+00,6.918419212825358322e+00,3.441406254277961985e+00
0.000000000000000000e+00,0.000000000000000000e+00,0.000000000000000000e+00,0.000000000000000000e+00,0.000000000000000000e+00,0.000000000000000000e+00
0.000000000000000000e+00,0.000000000000000000e+00,0.000000000000000000e+00,0.000000000000000000e+00,0.000000000000000000e+00,0.000000000000000000e+00
1.218042871833890040e+00,3.422458262991498579e+00,4.206746489215887230e+00,6.767982150991658230e-01,3.460943849831216390e+00,4.346249707348223801e+00
3.234435740712042762e+00,3.201155478358749917e+00,1.677944181994761585e+00,1.505163107554777557e+00,3.616314151320584536e+00,3.767657075237600850e+00
3.807936237530977763e+00,1.568928035344637983e+00,3.773786496398159329e+00,3.079856154889327513e+00,2.153959564134493299e+00,3.837301844214316304e+00
4.199111886955608774e+00,3.380410190899823419e+00,3.531800883062611973e+00,5.537937456348076104e+00,1.606531607147224872e+00,3.712336722467024064e+00
3.421898385104953810e+00,2.912155109591610280e+00,4.455704974361632154e+00,5.748158913685869287e+00,3.083054577349911618e+00,5.770769435151677840e+00
0.000000000000000000e+00,0.000000000000000000e+00,0.000000000000000000e+00,0.000000000000000000e+00,0.000000000000000000e+00,0.000000000000000000e+00
0.000000000000000000e+00,0.000000000000000000e+00,0.000000000000000000e+00,0.000000000000000000e+00,0.000000000000000000e+00,0.000000000000000000e+00
5.352139370202413371e-01,3.155114438784320630e+00,7.907045439870996617e+00,7.323571331931538531e+00,2.753298168742852603e+00,2.687439387016201220e+00
2.347286623968071417e+00,4.691885999516928862e+00,1.017538600413480587e+01,7.448958264910231719e+00,3.582083356819260267e+00,3.761752726817269021e+00
3.016830023202003996e+00,4.920350684773737271e+00,8.454199450061157251e+00,6.301552944547237800e+00,4.499134589023682906e+00,5.291364530565601854e+00
0.000000000000000000e+00,0.000000000000000000e+00,0.000000000000000000e+00,0.000000000000000000e+00,0.000000000000000000e+00,0.000000000000000000e+00
1.497374363512383511e+00,2.816569796959297545e+00,9.564567752841643511e+00,4.365269399768406444e+00,4.170266163805029791e+00,9.107953101717214395e+00
4.188585993289557052e+00,6.727287376754155446e+00,7.655524557616274706e+00,4.150506275568839776e+00,3.087563322415741496e+00,3.398498495474133296e+00
4.610039327164944467e+00,3.440930798434254534e+00,1.930011198291407659e+00,1.391933991191854236e+00,3.588769207206624845e+00,5.687877761642281094e+00
5.128177431412375142e+00,1.171472741031004183e+00,1.662992506603545806e+00,4.533830034898983286e+00,4.558482987450016566e-01,4.987741304066117820e+00
5.593976043884255844e+00,5.821803729378155268e+00,4.570885037785190619e+00,6.787876847069638231e+00,9.871684072913575747e-01,2.472976562478192086e+00
4.998798424408189334e+00,3.021777291763426465e+00,7.862178605143036236e+00,2.580190018341568692e+00,2.018197791459783730e-01,4.485079785854806822e+00
2.511735530229071145e+00,3.795568956446678133e+00,5.193629594265402716e+00,4.086949727664302756e+00,4.098398225799936512e+00,4.914802674283060391e+00
1.485627657814938107e+00,5.309779227989929851e+00,8.424686323607527783e+00,4.932508392383568641e+00,2.423710968766310536e+00,3.325249240338099099e+00
5.665975502525202323e-01,3.744403217361101266e+00,7.083471454130068068e+00,5.994107338328930723e+00,3.318719147970751848e+00,4.358557192490162713e+00
1.663741379045872826e+00,1.882400265180405707e+00,4.906883600674360579e+00,5.697378924548877954e+00,5.413031023908329686e+00,5.592548369951950704e+00
9.674014992965407345e-02,3.106707597360759188e+00,3.506191039658852926e+00,3.146886769176479248e+00,5.173385334981118078e+00,3.497716781507540063e+00
2.287628189930942746e+00,3.598429250058468476e+00,2.853990413637309764e+00,3.053203381888009993e+00,3.505384908001845545e+00,3.632903529533662024e+00
1.568502367002290843e+00,2.903298185101960804e+00,2.209686596123869862e+00,4.203488073638882661e+00,6.007550357597187585e+00,3.176495758334252351e+00
2.374698512725859079e+00,5.082965411294543046e+00,4.143446131438631497e+00,5.040256075039566852e+00,2.429716438773876774e+00,2.655203467351192614e+00
1.075896480019206569e+00,3.518623172849512759e+00,4.653136328355969020e+00,6.264390207005462230e+00,3.779758924182725632e+00,2.920714042356970630e+00
1.259700277815438030e+00,5.686640113954899434e+00,5.045397302213189050e+00,2.677688267417697610e+00,3.481986739006180720e+00,2.949455999841090303e+00
2.848454768486354816e+00,8.946527959770174121e-01,7.315032742259280241e+00,4.060408933339640924e+00,3.809851283407284406e+00,4.249071054935503966e+00
1.061368463265722983e+00,2.707604538015604856e+00,6.118436366646132107e+00,2.439458507574425283e+00,4.644703788813600909e+00,5.005268516456993666e+00
1.051196540371419630e-01,2.719096790187837343e+00,7.748082330478350599e+00,4.788687701676698438e+00,5.192713636953027567e+00,2.312634143240540840e+00
1.429548430762967559e+00,2.683321568553199477e+00,8.434474176585325722e+00,6.480608881986077208e+00,5.351230962365582045e+00,3.581409579825590939e+00
3.991764500845097263e+00,3.139630548003760957e+00,6.657713938478792670e+00,3.881000908756022216e+00,5.516859343220273715e+00,5.528886020091074549e+00
2.729257575757546128e+00,4.292128473872118377e+00,7.241491074971066588e+00,3.641553191062405936e+00,2.575771049122862699e+00,3.637446155918787838e+00
9.058182894515942607e-01,4.712758330508672877e-01,5.378508937649782773e+00,2.330481180550004083e+00,4.904005712030045316e+00,6.212499948359655022e+00
1.743256645909346592e+00,3.602773481784806719e+00,3.898534738893581597e+00,2.146483186989853742e+00,3.748907250162559102e+00,4.028260786236363522e+00
0.000000000000000000e+00,0.000000000000000000e+00,0.000000000000000000e+00,0.000000000000000000e+00,0.000000000000000000e+00,0.000000000000000000e+00
1.189086307629505512e-02,2.004067455554049193e+00,3.698980889761671165e+00,3.539600286222408076e+00,6.637714866141650738e+00,2.236566388060285515e+00
0.000000000000000000e+00,0.000000000000000000e+00,0.000000000000000000e+00,0.000000000000000000e+00,0.000000000000000000e+00,0.000000000000000000e+00
2.205071507628421745e+00,3.653846841917823163e+00,2.151555646063993965e+00,4.158709709394134535e+00,3.184611833696085359e+00,3.434911540884642456e+00
2.910529228494543652e+00,2.984884365381176963e+00,4.998612223987221270e+00,4.126142595337151775e+00,3.727927359241176131e+00,5.316083181477027075e+00
7.739029173956228913e-01,1.536763924320487362e+00,4.076531508404205084e+00,4.962429726340285896e+00,5.143984118149490747e+00,4.438190233753138259e+00
0.000000000000000000e+00,0.000000000000000000e+00,0.000000000000000000e+00,0.000000000000000000e+00,0.000000000000000000e+00,0.000000000000000000e+00
1.534487338655824429e+00,4.645990819792938709e+00,6.385787103878977078e+00,4.935261225576361710e+00,1.886924825141878870e+00,2.784531773185021652e+00
2.162322070362060256e+00,2.050307818688514860e+00,8.833552342642619237e+00,5.637620497089837812e+00,5.000310310394707081e+00,4.496071497649412940e+00
3.104175902562340106e+00,4.861570553716250132e+00,7.096000330461224692e+00,5.412469331257212524e+00,2.016340941322358304e+00,3.296867672363088086e+00
4.195124545805942518e+00,3.783935858370869099e+00,5.597855882085599255e+00,3.832203232258243997e+00,3.712975916609923210e+00,4.730069264807847063e+00
2.318765961869134529e+00,4.184206732263178630e+00,2.751822084661201373e+00,4.415183189992691659e+00,4.254596780590551575e+00,4.718263815582806053e+00
2.337807201055443151e+00,5.504323235627081701e+00,4.208535058528713790e+00,4.100958557484389644e+00,3.588400928942057977e+00,4.952761426169165482e+00
4.471212096751331799e+00,6.048897890739505456e+00,7.456387626140253744e+00,6.270314107757144484e+00,1.200436270579816611e+00,3.009063893694501779e+00
2.934523631275884004e+00,2.810610068365457792e+00,6.865630337150616214e+00,5.027299182208175843e+00,3.650317655206039902e+00,6.042289799767244673e+00
2.878258259001391650e-01,2.322288920097652198e+00,8.202125633704829610e+00,5.951559515756360774e+00,4.795089638892855888e+00,3.352340235359807075e+00
