VR1,VR2,VR3,VR4,VR5,VR6
2.964555459615139998e+00,4.894950738538330626e+00,6.600347497756563264e+00,4.734379889484076287e+00,3.965112729850252649e+00,3.150923746104647982e+00
2.366449049665175774e+00,8.703692739089912145e-01,8.354162605996688029e+00,5.480525685825208271e+00,3.658437084669507122e+00,5.792736518646143473e+00
9.324844047742657516e-01,1.580902280814655558e+00,5.172704903004257559e+00,5.018645608717720918e+00,2.004888031504592938e+00,3.229539071094125191e+00
2.240273718412737480e+00,2.162540784513857783e+00,6.307631632397241006e+00,3.086261750314496233e+00,4.102775306788738696e+00,3.374221897610664378e+00
3.397096234088370359e+00,2.576679967630585377e+00,5.341200393173098249e+00,2.415803617174144602e+00,2.632453497862755842e+00,2.231452337370337879e+00
2.763818625556864639e+00,2.847514534960207566e+00,7.375895435722922500e+00,3.748933542357185011e+00,3.829413719096407487e+00,4.592485608429385913e+00
4.130274342887656047e+00,3.786493144715304737e+00,6.587591422051058743e+00,4.125530680175844012e+00,6.663579376765791373e-01,4.694244093948745977e+00
2.059844910617266933e+00,3.952203754172512795e+00,5.392512913983642520e+00,3.160669546928373208e+00,2.928725019776975191e+00,4.805726295224231670e+00
3.478002913162448362e+00,2.281039948530935391e+00,6.253001986588791361e+00,2.675920147358788359e+00,2.474458655399582430e+00,3.092642723467571741e+00
3.971696977873110601e+00,2.284964754771303674e+00,7.509389677706558075e+00,5.554213048132979225e+00,4.341965424044170518e+00,5.730260460016600277e+00
4.216789903096502812e+00,1.498712075084803086e+00,3.601776633945349637e+00,3.011951075437417025e+00,1.289265037816059722e+00,3.784349851208122839e+00
4.896282231307766963e+00,3.638756368033731814e+00,5.569939733285488970e+00,5.535420954054789178e+00,2.633501741038742683e+00,5.567893569527951669e+00
1.944668760616933278e+00,4.275453760132456260e+00,3.971905390398167146e+00,4.497952197034190469e+00,3.339031080084474024e+00,4.372604242446615608e+00
0.000000000000000000e+00,0.000000000000000000e+00,0.000000000000000000e+00,0.000000000000000000e+00,0.000000000000000000e+00,0.000000000000000000e+00
3.943222345214550728e+00,2.731972050895355331e+00,7.533121821582016153e+00,1.665906840903181418e+00,9.898840257368304307e-01,3.419816042889857410e+00
5.419236884436054780e+00,5.096701466724178786e+00,9.308332537073795265e+00,4.764486664807082050e+00,3.678115992837153403e+00,5.025991894860171172e+00
4.036301194995143504e+00,4.759137422548862517e+00,8.657022106658473604e+00,5.205703489781433824e+00,3.305409914192344534e+00,4.716563909774406760e+00
3.523962977476418068e+00,4.467424881536864234e+00,5.920606896032668764e+00,3.859449952990797073e+00,2.530309202608694630e+00,3.263622683747021913e+00
7.376009997617458680e-01,4.921042026240558087e+00,5.876163133386731907e+00,3.725122337918701731e+00,3.418757664510863048e+00,4.460270884968474903e+00
1.839581233244874436e+00,2.343538185330809931e+00,3.989272245751346091e+00,6.012233610954915264e+00,4.454697990662861429e+00,4.375421204305374623e+00
0.000000000000000000e+00,0.000000000000000000e+00,0.000000000000000000e+00,0.000000000000000000e+00,0.000000000000000000e+00,0.000000000000000000e+00
3.903643143782774771e+00,2.440947513728386475e+00,5.351862376470771565e+00,3.385796012444836744e+00,4.586646994934106658e+00,3.179148411352189285e+00
2.631963775204993361e+00,8.370415503061914286e-01,4.642985251151926285e+00,3.442887239735123117e+00,3.298910111255849209e+00,3.745116854297123155e+00
3.426287423685765443e+00,2.867558232997194256e+00,8.294673291182679264e+00,4.259049096945867419e+00,3.221618483782775488e+00,5.287568996470728422e+00
1.948869415158719809e+00,3.858469478172645850e+00,6.609528212421603044e+00,3.696392735061790447e+00,3.689572930171408416e+00,3.337259866917569262e+00
2.231156350992804072e+00,3.918957650995408937e+00,6.434407244317752905e+00,2.969022988801916618e+00,4.124911271209316332e+00,3.463637501491675597e+00
4.225593116448809194e-01,2.271885383960688287e+00,7.501587237850062984e+00,5.017498369290249727e+00,4.511804899228513577e+00,3.056296752079337598e+00
3.539562886971187261e+00,6.984597721824532535e-01,5.714837836310666219e+00,5.133572327764035492e+00,3.907403025605427960e+00,5.539474451426917412e+00
4.681200461468085550e+00,4.153727862138120841e+00,4.607564902107491811e+00,3.480485016918246188e+00,3.236179370564839619e+00,3.805710893182028709e+00
1.903637021841884103e+00,2.126986554415426944e+00,4.660691527742708118e+00,1.659792759288219788e+00,2.620142922970823296e+00,4.229984312783032330e+00
3.902234533171583308e+00,3.274585645675708534e+00,3.715165161120756121e+00,6.102233447858861126e+00,3.338549325294270176e+00,6.459764062965917653e+00
2.322521061420940391e+00,1.485584538293193813e+00,4.589163004842279570e+00,5.449626338017759863e+00,2.852512284060414238e+00,5.322132917895972426e+00
2.369244085431911895e+00,2.458886643230582258e+00,4.259315746195577290e+00,1.513197329481414499e+00,1.434675554786420060e+00,3.546435234815958903e+00
2.736762137291765207e+00,4.095417973353869812e+00,7.929583912347940355e+00,6.561534576643925476e+00,3.589797753393860091e+00,4.169246346117244428e+00
7.454886451241380385e-01,4.604197984396130927e+00,4.718557668245856540e+00,3.573403239182828095e+00,2.239535390432421558e+00,3.616462531276086967e+00
2.442069199892797471e+00,1.550266033363408180e+00,8.217652329983993198e+00,4.266986100444229102e+00,2.233511132187524506e+00,5.632734154143342664e+00
3.042296016957567240e+00,2.106256629639355005e+00,6.474627461015006524e+00,4.287724807986773357e+00,3.124285057298789692e+00,4.085389251202220962e+00
1.892936306873049368e+00,2.448720512131221660e+00,3.206411521471219217e+00,3.142734414157989153e+00,2.455603954183433579e+00,2.241636068367045986e+00
3.132127670011537468e+00,2.216477317410165071e+00,4.342948271010655503e+00,4.472470862792131463e+00,3.615241325963583385e+00,4.447750380317916807e+00
4.230419904545868803e+00,2.892684672535419832e+00,4.939055901705763141e+00,4.536574754191896375e+00,2.004227828639987052e+00,4.853317405164830234e+00
3.689688570465906814e+00,3.852471669069266191e+00,4.183455040846300932e+00,4.063899918307977366e+00,4.600557035245772752e+00,4.938099207382700584e+00
1.948892064142728309e+00,2.989806314522065911e+00,5.208485398459206550e+00,5.023675169830871923e+00,2.695448711846587742e+00,2.875154233706645357e+00
7.394474866757749787e-01,3.150600909415902873e+00,4.867108369884387997e+00,2.590514099382798197e+00,2.288040029106286344e+00,7.840943689819823703e-01
1.269373373898327717e+00,3.886545377730327822e+00,5.225223145705751193e+00,4.544360106361792440e+00,3.627696231564268459e+00,3.493115183959540460e+00
1.153237169473438906e+00,2.543437617088933678e+00,6.414279037206131129e+00,3.785108801656535960e+00,4.162581824347761028e+00,3.912077154295428016e+00
1.157548487156230710e+00,2.940443796727394421e+00,7.208956592779101946e+00,3.416164268778198565e+00,1.267409731339695700e+00,6.441982965903113367e+00
2.278116853439931866e+00,4.584391591389887388e+00,6.965216062732809021e+00,3.065669931946355398e+00,3.796786503257843393e+00,3.540317562122035078e+00
1.176492964975827782e+00,3.799743117241137558e+00,3.679961714677659756e+00,5.802209342263982883e+00,2.233231019025984754e+00,5.434295382879938963e+00
0.000000000000000000e+00,0.000000000000000000e+00,0.000000000000000000e+00,0.000000000000000000e+00,0.000000000000000000e+00,0.000000000000000000e+00
3.003049770393106943e+00,6.632004642333318323e+00,4.576161053518079669e+00,3.683272431923844348e+00,1.990759879906760732e+00,5.366558642018897984e+00
7.154323986011785763e-01,5.345353940332886467e+00,5.289039387697532568e+00,4.482387791855598991e+00,5.825497977780845105e+00,3.396649796837321933e+00
4.614314635028211598e-01,4.346426785386597658e+00,4.562908863718576846e+00,2.537299337736300231e+00,3.754434859460839213e+00,3.730089612144468436e+00
0.000000000000000000e+00,0.000000000000000000e+00,0.000000000000000000e+00,0.000000000000000000e+00,0.000000000000000000e+00,0.000000000000000000e+00
3.728214437078987586e+00,2.482118234702979542e+00,5.132113591607711633e+00,2.993365115166955803e+00,1.623000361707401806e+00,1.989081752966965322e+00
4.314725083046378806e+00,2.614203151593468277e+00,5.841463552364964507e+00,3.357964070808076240e+00,2.871714906611119833e+00,1.819989636881405470e+00
3.406092375964121732e+00,2.523071442053994140e+00,7.087376177802905630e+00,2.435531503300272682e+00,2.445099029254176770e+00,5.949614248217109491e+00
4.860447172714598807e+00,3.130145652276290935e+00,6.147681079356035916e+00,5.158502221253016273e+00,4.744962165351449102e+00,4.302594984010917223e+00
3.765507109308595002e+00,4.436940906487380154e+00,3.187590959465023133e+00,3.331794872170722677e+00,4.835884209208108686e+00,3.732909524775221310e+00
3.681433289284461896e+00,2.813085743905210823e+00,2.344955723001281189e+00,3.337118187282088311e+00,2.578644531600257750e+00,3.430736845808137758e+00
2.577528502502633323e+00,3.491511897923088803e+00,2.939603900898305255e+00,4.489268993840559219e+00,4.035349181353591774e+00,3.542558260273458437e+00
2.622527869223868713e+00,3.081554604466076430e+00,5.735398967682527882e+00,3.418947288844550236e+00,2.788886018118303944e+00,3.900057703401104803e+00
1.373552042893501968e+00,3.717870940280808334e+00,5.643487645397073926e+00,4.786869188179855072e+00,3.738909849688581311e+00,2.486136005920065450e+00
2.562772615618486682e+00,4.991217764026549375e+00,3.382985639397765976e+00,3.463693670328574115e+00,1.809091928505078828e+00,3.622723337241414931e+00
7.411299482569204677e-01,2.790248348191434857e+00,5.074474587846546925e+00,4.389693793862031512e+00,4.208851257882844976e+00,3.352417662487249483e+00
3.163992567069873196e-01,1.900367644496362640e+00,4.817849671020448810e+00,2.417764653510026118e+00,2.438918348757527887e+00,5.234151988167865532e+00
2.957643303639193810e+00,5.031188154433921866e+00,6.519115324777047249e+00,4.476688953308975094e+00,2.772850666083210847e+00,3.905108791033717441e+00
1.941240888678968046e+00,3.202187499129106829e+00,4.034307047240115018e+00,4.542657160556783147e+00,2.274277226474187064e+00,3.228265666765234521e+00
2.667640829285971904e+00,2.596165208473145913e+00,4.222223059204062601e+00,2.539963354696190834e+00,2.465306299920091426e+00,1.158960471071673215e+00
3.796396843390936748e+00,3.874537627413151775e+00,5.532347205024541026e+00,5.204009912181731146e+00,3.215942199502384025e+00,3.763503673087102985e+00
6.634947027551576504e-01,2.786329771878518269e+00,5.622968480371082656e+00,4.387518243523633288e+00,1.750055081455502926e+00,4.867347480193540576e+00
2.514686460054380568e-01,4.110069648550711108e+00,4.230463093941794206e+00,3.196832971952225488e+00,4.158285587340593281e+00,4.572293436900015884e+00
0.000000000000000000e+00,0.000000000000000000e+00,0.000000000000000000e+00,0.000000000000000000e+00,0.000000000000000000e+00,0.000000000000000000e+00
2.640840281924336175e+00,2.128552675845879261e+00,3.331583461245001043e+00,5.405482549082091914e+00,2.986642290177088821e+00,4.902125175994797246e+00
4.230584530581067426e+00,2.650565087180568380e+00,4.519782942059551445e+00,1.589220147922742576e+00,2.283471755571481410e+00,4.150037907622232680e+00
4.511681144111663322e+00,3.491354461282619059e+00,8.680522990795841665e+00,4.144885513770279140e+00,2.631574619885499899e+00,4.544921072815206742e+00
3.242547551873657952e+00,7.843609154355535296e+00,5.059561835223913562e+00,2.300226668709579592e+00,2.609478758448062319e+00,4.725143866248942892e+00
7.312087233202158032e-01,3.004381269817495870e+00,5.724772175939159879e+00,4.506053856473549502e+00,2.487066693278372487e+00,2.387120963018922737e+00
2.061290592291543433e+00,2.748702314595559137e+00,7.142294453860614567e+00,5.873060046123852906e+00,3.362259426730613843e+00,3.416132542175402520e+00
1.054975847211145457e+00,1.227759975966808970e+00,5.453766071285477857e+00,1.469978326156023307e+00,1.131391364904298591e+00,7.604828398306555215e+00
2.317172513300269188e+00,1.007689883031061662e+00,6.408574521740135310e+00,5.309549795136557115e+00,4.495065927932896166e+00,3.413982808735642305e+00
0.000000000000000000e+00,0.000000000000000000e+00,0.000000000000000000e+00,0.000000000000000000e+00,0.000000000000000000e+00,0.000000000000000000e+00
4.753862147743786792e+00,2.664327444470572903e+00,3.105081633442972056e+00,6.441729751358326261e+00,3.832096218860865378e+00,3.779024777469346841e+00
1.777183742400533450e+00,2.064377763127223986e+00,1.253360318037322951e+00,1.871912349115127938e+00,2.808625145956689551e+00,5.173404728121923313e+00
3.613314691845388893e+00,2.008671855010017548e+00,3.373734534908390259e+00,5.820848424301686030e+00,1.404998473513103363e+00,5.581609211080881927e+00
2.479567184576185301e+00,3.092216906236469498e+00,1.979298229042952606e+00,2.258623413450891348e+00,3.390436749845708420e+00,3.948957858721022340e+00
3.498803570979854172e+00,4.082410439505114397e+00,4.906606378022537740e-02,5.236165983016851655e+00,2.703925328636437531e+00,4.468732030832047286e+00
3.651683658008208155e+00,5.378220274465427053e+00,1.697371179050470857e-01,1.520977979744556396e+00,2.657916368202133839e+00,5.347928648271329521e+00
4.453617157110983271e+00,3.062427229871198975e+00,5.179123499511174344e+00,2.588187899829497596e+00,2.209613677357613604e+00,3.057228852675487829e+00
3.715050937663558983e+00,2.124817787938325431e+00,5.621307800453676506e+00,5.145131222628418044e+00,4.878475626975908419e+00,4.239373913776242730e+00
4.758458528048269187e+00,2.015100721580645349e+00,5.332557286063414281e+00,2.286024766888390403e+00,3.586086395913064440e+00,4.508798759137794043e+00
2.850086250683090405e+00,5.246903060235311500e+00,2.452958290544763553e+00,3.948033924009646700e+00,3.815808601254985888e+00,3.069932210582187793e+00
2.444358677763013077e+00,2.365085386118110478e+00,5.143878394085644956e+00,3.231349716008995898e+00,5.482255437988031943e+00,8.342324025276891319e+00
2.433740122074369072e+00,2.602000528138662006e+00,5.828154831487950993e+00,4.578826861599919695e+00,5.760783654877570825e+00,4.561647750018568814e+00
3.014761477903949771e+00,5.725048157100789403e-01,7.953180207868837392e+00,4.885282363809976935e+00,2.228777632381842899e+00,5.936214602822861508e+00
2.016433391300168854e+00,2.032550535225320143e+00,5.681429146066548697e+00,4.235720706670147884e+00,3.983273813753462456e+00,1.215416083546207560e+00
2.172227071496620532e+00,3.173978406266049213e+00,5.327180244069812609e+00,4.851613044764661709e+00,3.912118044758757129e+00,4.430196761637231084e+00
2.031598208658613736e-01,1.949453205696059177e+00,4.179849724863926141e+00,3.967954350845377842e+00,2.700171197595599981e+00,5.253797662055311513e+00
2.035408241047745204e+00,1.073988984309845129e+00,3.768853418634816155e+00,3.265305055836039472e+00,1.510328582705763090e+00,3.412019537347690701e+00
1.532148989386481697e+00,3.497331206175790630e+00,5.270071730412858813e+00,1.229749270083274393e+00,2.505002239600503611e+00,4.141015812486862124e+00
2.351718786517925874e+00,3.740555403559815417e+00,7.214010669041758916e+00,5.046833614192934192e+00,3.184768177362143238e+00,2.524418915162102373e+00
2.324906212871054478e+00,2.185751827826631022e+00,6.593844556148862779e+00,4.842975917721300760e+00,1.821052368121057752e+00,4.753590660145246005e+00
1.566636446825457440e+00,1.742103619464561381e+00,5.296020401342753203e+00,1.706883758772584248e+00,4.326534002787653321e+00,2.908244642162480353e+00
3.210196549171873581e+00,4.049920028333946931e+00,6.153679037741424551e+00,7.057543910033027501e+00,4.273360340581600525e+00,6.079273671813506752e+00
3.488338314421111086e-01,3.011666211388581260e+00,4.320799790619874514e+00,3.422244286369349187e+00,2.696118866170992945e+00,3.114288861214846271e+00
4.457911846370159470e-01,3.203678916660768650e+00,4.429735906736000928e+00,2.198676543596700839e+00,3.250765607044117544e+00,3.632434238910133395e+00
3.619956239571976209e+00,3.143987118051062346e+00,5.733687997328258845e+00,5.954411931345346076e+00,5.673433314014226347e+00,3.276574382968327814e+00
2.775045178669397483e+00,3.165333611845455586e+00,3.972598234989775712e+00,3.579786215420819762e+00,2.802009246849921809e+00,4.529319793444727793e+00
3.252869602883373457e+00,2.326885131263993323e+00,5.603876967717035029e+00,3.897963748389593697e+00,2.035607666205887067e+00,3.916307104508766734e+00
3.595650902387442560e+00,4.625699711203878906e+00,5.844139123437559036e+00,3.337263695471850422e+00,3.593067030357643521e+00,4.575439626706920393e+00
1.234547881206523812e+00,1.631861407664880748e+00,6.256988864833735065e+00,5.262486264263403157e+00,6.531088187547264390e+00,5.460935294433932441e+00
1.780183446481124587e+00,2.382341752208422037e+00,5.241676393290887859e+00,5.832446484466941250e+00,3.423455775673233337e+00,4.885798833533394614e+00
1.754894343467996887e+00,3.307395394290092661e+00,4.382241216061480316e+00,3.629654193636262960e+00,2.124185825205380240e+00,3.952888379893892967e+00
2.214315340430903056e+00,5.452060023954345525e+00,5.062172118074663274e+00,6.694827808467222141e+00,3.495886827049102585e+00,6.016045710653272316e+00
5.422699863689073307e-01,2.208534920758942199e+00,3.370737994197877008e+00,4.020822931320042315e+00,3.492704563865957290e+00,3.075485738964708560e+00
1.586780907265570306e+00,2.388414151809256758e+00,2.367858761472954932e+00,1.936416394810116515e+00,4.153874682153012365e+00,1.126746767335755628e+00
2.358079649652495835e+00,9.769575332581332816e-01,4.689770499517242897e+00,6.841513910764458473e+00,4.652076661639995336e+00,3.617492990466811165e+00
1.585526483954502908e+00,1.688614705418104878e+00,2.203990844514461589e+00,5.312278146235790643e+00,4.069632314529403772e+00,2.960932763711939142e+00
2.539488211035848764e+00,2.254957059651135687e+00,2.525695457058202198e+00,5.265804908430803621e+00,3.707633041133321594e+00,4.530902066922545934e+00
2.581673115545495278e+00,4.704225346601995206e+00,4.050854580596458199e+00,2.951077700987823071e+00,3.545305670177623547e+00,2.613797339490732341e+00
1.566280662667897783e+00,4.072926189357191085e+00,4.990645233826669802e+00,3.552288948495181398e+00,1.769320751254817026e+00,4.569559286418800603e+00
1.754241441111618505e+00,2.548425299693940715e+00,7.344226695773256708e+00,5.067821146699535539e+00,3.237066948260752586e+00,5.011266465472499654e+00
1.942839021006277145e+00,4.021161859888595203e+00,5.720139161816340412e+00,4.089873931045493904e+00,4.539702404716455142e+00,2.702729499054765672e+00
3.916844666077191839e+00,3.625459806456550638e+00,3.838470527412101596e+00,4.161360110579291671e+00,4.428313111883923625e+00,4.264895704660422560e+00
3.353951369132731397e+00,2.148688573176950278e+00,3.645507963440025812e+00,3.485417966086422847e+00,3.371519800670530032e+00,3.706857796376746172e+00
3.993403015305977188e+00,3.287388846295662415e+00,3.431899793126370390e+00,1.271392958436554199e+00,2.744494708894083868e+00,4.286661234663802666e+00
3.758223847843418230e+00,4.311161157232285213e+00,4.728448712357388395e+00,5.887717752731113308e+00,3.373029324484400071e+00,3.920366720174670139e+00
2.704705327609535637e-01,1.360532383062349693e+00,1.806573407520245311e+00,3.937333090961999016e+00,4.969727542118414831e+00,3.709152658838513528e+00
1.860376667303857534e+00,1.599958077525212907e+00,3.339442068891709248e+00,6.467319834280052859e+00,2.908149459236621048e+00,3.862715610490901952e+00
5.153504160921107413e-01,2.786009863062903769e+00,1.317218020493319486e+00,2.442379514640845350e+00,1.450488829325130347e+00,1.948470424025791292e+00
2.051326423384390196e+00,5.199140773003160021e+00,2.281951272319133750e+00,4.135397813986968707e+00,1.903890235730321345e+00,3.027030182756059951e+00
8.092261200665888943e-01,5.805742949681656384e+00,4.496111544560871920e+00,3.851037336020282087e+00,1.255608417178972980e+00,4.128734628701074882e+00
2.280714811482580373e-01,4.251773874571674661e+00,4.557407349601090729e+00,4.573075290692509398e+00,4.681659210399589988e+00,5.465250019053596198e+00
0.000000000000000000e+00,0.000000000000000000e+00,0.000000000000000000e+00,0.000000000000000000e+00,0.000000000000000000e+00,0.000000000000000000e+00
3.367914852156442151e+00,3.204895645393524006e-02,9.867143649894540403e+00,3.736084893195006362e+00,3.675378839863772118e+00,5.830169293072204439e+00
4.438327951397120330e+00,6.244337188668178662e-01,7.927901336081147221e+00,4.642700536020719859e+00,2.760011162943816210e+00,4.309218674551886785e+00
3.137698208299192437e+00,2.010262211642126040e+00,6.666549758176095075e+00,2.520023141396297461e+00,3.543997362129642337e+00,5.009129409840070046e+00
4.254576059996598048e+00,1.969202678245443261e+00,7.968495400338533763e+00,5.385602692587708518e+00,5.075340132765749246e+00,5.504930109608720201e+00
3.080708133222286982e+00,2.363891075488517846e+00,4.816908364082525651e+00,2.179422501350673613e+00,2.036756043971156949e+00,3.430258115177001521e+00
3.695887551047919217e+00,2.355337099022198899e+00,5.737256534264784769e+00,3.617717626414520993e+00,2.434076191311429938e+00,4.590215723472054421e+00
3.109120704817499359e+00,3.718221898340978271e+00,5.131133667667055143e+00,3.701332227671937147e+00,2.789528817043005482e+00,4.215138794826091662e+00
4.026460315892576247e+00,2.636886998543002569e+00,6.193837565030640313e+00,1.110652233408736311e+00,2.186990294794194156e+00,3.552278255993748690e+00
4.644648725323851757e+00,1.264087722566072713e+00,6.078481970255936062e+00,2.198432895674651277e+00,2.285165855766905008e+00,5.939598251182721889e+00
4.853058943125860836e+00,2.969996986325190935e+00,6.570943158420375241e+00,4.831577590198713246e+00,6.469234058499293560e-01,2.865067390516533585e+00
3.140689071249898046e+00,2.140205460774755597e+00,3.682070795727861778e+00,4.261843136652890607e+00,7.272272127967251976e-01,4.165263088287594506e+00
2.911095450020459108e+00,9.152887124965825016e-01,1.202368247128958512e+00,3.432721939816233636e+00,1.426419223272770820e+00,2.596414724712994726e+00
4.849056234622034722e+00,9.316694896817461213e-01,1.161945260472132979e+00,4.805471571216878957e+00,4.702310245442484771e+00,2.858859930609195299e+00
4.993935879958537605e+00,4.470880972097113215e+00,1.743476551198280156e+00,3.124874626678654010e+00,2.408685979774268127e+00,1.068481670631594493e+00
2.477610615230713798e+00,5.306232141610933262e+00,2.864812385587012677e+00,5.932093503253973665e+00,4.240135161645940620e+00,3.657400085019435920e+00
1.466689420695514556e+00,2.983615804945075833e+00,1.743123113927703915e+00,3.515650044741706282e+00,3.299210800885608030e+00,4.545816808279617760e+00
2.312965464407044536e+00,6.382954793455045461e+00,2.768283752440065637e+00,4.510180083095161052e+00,2.963307836085997238e+00,3.705742984101532134e+00
