VR1,VR2,VR3,VR4,VR5,VR6
4.205492361776530519e-01,2.605101689423808153e+00,5.676023927499588062e+00,2.948102015367046747e+00,2.109911600440576684e+00,3.061830855607459156e+00
1.507668279520831600e+00,4.479309686651784972e+00,6.403813103949696384e+00,5.148707084773750609e+00,9.325354282593769639e-01,5.136483631809257488e+00
0.000000000000000000e+00,0.000000000000000000e+00,0.000000000000000000e+00,0.000000000000000000e+00,0.000000000000000000e+00,0.000000000000000000e+00
4.072778829745342222e+00,4.078712741468372371e+00,3.565557936660392002e+00,3.703305755068641680e+00,2.379203598755772475e+00,2.171423809230790702e+00
2.168353743508700582e+00,1.612943631779944376e+00,4.491753087605993677e+00,4.178241838020809062e+00,2.528278641793449744e+00,3.558133802012950042e+00
2.939442061380587834e+00,1.555013112843636414e+00,4.953742279830938955e+00,3.695480318397322606e+00,3.762412140509461267e+00,4.155108981070776863e+00
2.139678872378805607e+00,4.239107543201188655e+00,5.874063002838013858e+00,3.785706293904939734e+00,1.223859960401015190e+00,4.292707184864438474e+00
3.906957666836641252e+00,3.667835034899791236e+00,7.061080557668061530e+00,4.222377569107794493e+00,4.626931990081456725e+00,4.274403033373435079e+00
3.969162410848268152e+00,2.176244508801764788e+00,4.637269952187083710e+00,3.104081147053507905e+00,3.580043039945611572e+00,4.997796259574534439e+00
2.724842407888468099e+00,4.055165719888584874e+00,7.315529271944238410e+00,6.862742919109333428e+00,5.591577008346768629e+00,5.149018165418400628e+00
3.924470165688307866e+00,4.579434713311304250e+00,7.303717461031586033e+00,5.704083015163183390e+00,4.012551509443079922e+00,3.472881142195494153e+00
2.682694421370138915e+00,2.799974549837772386e+00,5.628354143481213434e+00,5.191025394842265328e+00,5.216769714920345358e+00,4.917417964302481792e+00
1.282518250420396244e+00,4.519925863781768527e+00,3.916512447651240514e+00,9.337036404833362724e+00,2.402636284786972887e+00,7.071508568141722684e+00
6.469263201465983215e+00,5.100932642383824600e+00,4.722448410568607535e+00,5.581562553371173685e+00,2.351602978047492964e+00,2.530624619830767585e+00
4.403583284327698522e+00,1.918146736200869062e+00,1.732695110355183754e+00,4.407459605701394167e+00,2.908638530518997456e+00,3.304732855860721852e+00
0.000000000000000000e+00,0.000000000000000000e+00,0.000000000000000000e+00,0.000000000000000000e+00,0.000000000000000000e+00,0.000000000000000000e+00
3.862150641082962910e+00,4.335331991522421546e+00,4.975001196530834946e+00,7.298517351090032079e+00,1.298461513555781988e+00,4.516201883876083123e+00
2.270289546312551643e+00,3.467871797677905654e+00,4.890739216511828857e+00,5.599319008627113625e+00,3.769325455563470761e+00,5.129962481154719534e+00
2.666174210166039060e+00,3.720063021165630701e+00,4.086246812477027035e+00,5.056821222320539100e+00,2.331178361563348567e-01,4.744703174342815188e+00
4.574382436437104182e+00,3.382733236690784295e+00,6.789510917716381044e+00,3.141178068481762065e+00,1.778178907196284131e+00,2.310542280770796264e+00
1.385669433154425256e+00,2.654151642100155861e+00,4.130023406303870104e+00,1.587015035945216201e+00,2.922236738726589511e+00,4.415998967276206777e+00
1.786674523140722837e+00,9.103368169220766859e-01,4.730448318355301218e+00,2.998818644638152620e+00,3.221208091302157683e+00,4.645880084469883542e+00
6.704147446388479814e-01,5.052594985801514227e+00,4.495932151676312216e+00,4.085730395877668286e+00,4.030010105080076954e+00,2.609853988298162175e+00
2.767972279241791345e+00,1.858425332927793994e+00,4.519893098342240734e+00,4.705604174850249066e+00,2.648252237182794566e+00,5.311434119125638453e+00
1.870423346485031058e+00,2.635308113669085905e+00,4.827049408741222791e+00,5.329502422474469370e+00,2.126780864173495100e+00,4.551150188813260833e+00
8.342176574774009534e-01,4.367344086294591143e+00,5.334749763399896594e+00,7.236379642754377173e+00,4.017234432411945555e+00,4.050884449127963194e+00
5.280909304798013792e+00,1.192966159867224984e+00,5.112952951954988556e+00,2.790380198705540771e+00,3.070369265398751768e+00,3.537365215523299966e+00
3.589711333803244919e-01,3.427034375250157083e+00,4.092505024033171956e+00,5.591707521475180798e+00,6.503528903415711326e+00,4.603673267067457608e+00
2.738723922807836164e+00,3.836427923177165855e+00,4.326970441826139435e+00,6.620183166297369581e+00,4.260854795543119522e+00,5.835580714302810890e+00
3.760706334223997693e+00,3.662735459912758174e+00,5.374060903355923458e+00,5.719390777982082064e+00,4.158852801535732446e+00,4.168161622488666396e+00
4.136362259803952668e+00,5.812038361938117070e+00,6.891767964680578729e+00,5.930107551254895526e+00,6.967489620582911769e-01,5.133249644744802609e+00
5.096760591519141848e+00,5.057324400215385651e+00,3.796096369754567323e+00,5.183115960350587414e+00,2.872027001657047052e+00,3.100871450684533848e+00
5.614743713664539726e+00,4.511255071967568142e+00,5.447305599824463052e+00,5.182706466037910076e+00,1.154709251592650698e+00,1.859316140611028345e+00
4.159156021091300559e+00,3.971261193413280655e+00,5.727300948028144489e+00,5.679015370999391799e+00,2.370133747974471294e+00,4.160029084180802528e+00
2.562372472291762904e+00,2.715000238911847497e+00,3.399977265240542668e+00,5.809226871595729591e+00,2.677226197192032586e+00,4.569245440517259560e+00
3.007576902478489522e+00,2.727945767907012709e+00,1.296631883587248790e+00,4.374019282353763138e+00,1.661803055584846200e+00,4.635789036005277808e+00
2.022545720753091469e+00,1.795900424750802582e+00,1.914084237905352204e+00,2.180369867362935921e+00,2.347616141924154576e+00,3.636959372468460572e+00
6.989096552278786234e-01,1.796651159134832643e+00,4.105813981514067734e+00,2.703916764249406413e+00,2.989347741842539374e+00,2.953936209121936329e+00
3.667961638372632116e-01,5.929268459295511384e-01,6.998313778508182814e+00,7.865984376936392408e-01,5.139506680445049547e+00,4.988981926999202621e+00
0.000000000000000000e+00,0.000000000000000000e+00,0.000000000000000000e+00,0.000000000000000000e+00,0.000000000000000000e+00,0.000000000000000000e+00
0.000000000000000000e+00,0.000000000000000000e+00,0.000000000000000000e+00,0.000000000000000000e+00,0.000000000000000000e+00,0.000000000000000000e+00
8.385158165400854458e-01,3.260177713650069808e+00,4.425850215370012997e+00,5.885066900672092594e+00,3.650874727853430812e+00,4.702099914956741955e+00
1.127556524134559091e+00,5.211377258144086255e+00,5.725244858464540343e+00,4.506456340372332114e+00,3.246548345910617250e+00,2.535229032632473789e+00
3.784623786114524435e+00,3.118205457087167787e+00,3.177042529416447270e+00,3.827910133910892743e+00,2.534894975122353955e+00,5.161411199178743914e+00
2.354884179915769149e+00,1.698330534402623160e+00,7.635643797924796417e+00,3.263455036040385338e+00,1.853808053319741411e+00,3.575715153666547685e+00
3.178436092101754706e+00,3.689768821979859226e+00,6.081846059875386956e+00,3.082731057587634549e+00,8.792918880956301919e-02,3.835703274564459253e+00
3.498768154106219441e+00,2.701389872921911905e+00,7.538707101585271353e+00,3.665767884103678931e+00,2.197666729552811837e+00,3.230807829766094041e+00
1.098509419085762051e+00,1.564015717605905742e+00,8.065193915137516711e+00,3.281233791809651024e+00,4.790448790992265060e+00,2.235562995112188922e+00
9.043026534917686377e-01,2.640876230118205381e+00,6.425664310417920078e+00,5.244293998524437228e+00,5.129612274304132136e+00,6.060111974095999443e+00
9.636265776036818664e-01,4.213320437064567159e+00,6.113886919753104721e+00,4.595886811245142312e+00,3.611424950605893525e+00,3.271767939050091112e+00
7.637169432164325755e-02,2.314745651596178622e+00,7.470449049597929658e+00,4.912937756214161844e+00,2.925399580786046005e+00,6.356045201641100206e+00
0.000000000000000000e+00,0.000000000000000000e+00,0.000000000000000000e+00,0.000000000000000000e+00,0.000000000000000000e+00,0.000000000000000000e+00
1.029187641329383451e+00,3.536879740182389931e+00,5.686028237802316809e+00,3.237436128914993549e+00,4.220128528818438696e+00,4.704986288008611517e+00
1.823989143890242914e+00,3.083727916416109327e+00,5.032726701445189299e+00,2.306490498704309111e+00,3.526075126584697017e+00,5.750701832695879645e+00
5.606030984015797358e-01,4.588097217603362310e+00,4.725457400426479992e+00,2.212206699828638712e+00,5.071204062077823593e+00,4.332511694664024304e+00
0.000000000000000000e+00,0.000000000000000000e+00,0.000000000000000000e+00,0.000000000000000000e+00,0.000000000000000000e+00,0.000000000000000000e+00
1.508661446453894772e+00,2.913102049365833057e+00,6.803829255472123805e+00,4.480306271630252191e+00,6.036597190799012580e+00,5.411387070829936974e+00
2.182834943033238773e+00,3.286226019132185261e+00,7.382050417119211616e+00,4.116933857823575238e+00,3.736765054517790396e+00,4.156219115232115513e+00
3.859107100825434511e+00,7.875494303113050876e-02,5.757715478396517206e+00,4.214226185322497820e+00,4.292273804214623567e+00,6.957075065612337461e+00
1.407640831139270521e+00,4.334286928923070548e+00,5.874351603959415691e+00,5.614435596911795834e+00,3.093532775811569824e+00,6.582832781682363965e+00
3.324605314789474519e+00,1.553320196301202660e+00,5.248457955692079402e+00,6.397057404437901162e+00,4.189600851625493227e+00,5.712323506140970508e+00
1.367820613714092692e+00,2.445264708891943251e+00,8.536410507964330208e+00,2.439715868677754251e+00,4.416709607544932581e+00,1.866794956511653059e+00
3.351526356429247677e+00,1.307862004562116764e+00,3.351680231964807355e+00,4.225658830823144640e+00,3.283889018502430091e+00,5.088832173248079904e+00
0.000000000000000000e+00,0.000000000000000000e+00,0.000000000000000000e+00,0.000000000000000000e+00,0.000000000000000000e+00,0.000000000000000000e+00
4.669878907916046984e+00,2.613807984960891062e+00,2.298631864179564666e+00,2.195116112501080963e+00,2.820930242819708056e+00,2.650760481336477348e+00
6.135608527258051836e-01,6.395012203182575128e-01,4.951292202412483689e+00,3.105415378295089290e+00,3.733160221370503074e+00,4.152599340739071110e+00
1.973535227512866141e+00,3.178632518922541728e+00,5.879686520884581213e+00,1.743219754175142189e+00,1.268001116277215345e+00,3.893231031128750796e+00
2.304349064360639687e+00,2.693793292718801080e+00,3.052324927007500577e+00,3.989316141858762599e+00,1.242292138008008306e+00,5.726157817181306342e+00
2.689674505581344910e+00,5.440251445159917765e+00,5.796719493183310590e+00,3.738310470664803375e+00,1.432922941824613439e+00,1.887400007916828049e+00
3.095425487986431357e+00,5.992540843828275676e-01,7.988609130554326754e+00,1.251209218187391059e+00,3.033144154730831765e+00,4.664402465020176969e+00
1.001226939903013147e+00,2.913987730427296530e+00,4.493915317158947431e+00,3.317645137569844138e+00,1.322097155130287360e+00,3.498173349363730367e+00
2.516927329151266157e+00,2.770497348491737011e+00,7.538221329178682595e+00,3.635837589416054172e+00,2.540499737407074132e+00,3.743766030925161470e+00
2.027815152356503781e+00,2.032373818348482963e-01,4.181214882098746699e+00,1.887138172337375241e+00,4.666451561511003376e+00,5.688676126467345107e+00
9.604363574399243930e-02,5.525279530172978681e+00,6.832440415134622747e+00,3.145164602800242903e+00,2.353725826934194743e+00,4.292506875650543563e+00
1.769683818844717926e+00,3.879616973348000375e+00,4.035323440045315735e+00,5.727264740947960675e+00,3.083675025223898469e+00,5.328026226469375182e+00
3.102679187318063470e+00,5.151425052912144587e+00,4.259414550767610663e+00,4.155777733331264656e+00,2.516882080089242635e+00,2.289147012161286465e+00
2.128564577930615265e+00,4.868925862295210294e-01,5.507895189607982189e+00,2.383294452494814308e+00,2.885504843589719481e+00,4.534842709291790008e+00
0.000000000000000000e+00,0.000000000000000000e+00,0.000000000000000000e+00,0.000000000000000000e+00,0.000000000000000000e+00,0.000000000000000000e+00
2.781563494938034342e+00,4.447878963707865729e+00,6.437473570634098863e+00,6.520625659760680648e+00,1.405413994410784628e+00,3.814552049521285237e+00
3.322654062825189047e+00,2.386400442173370884e+00,6.086496939864494138e+00,4.459973801293860340e+00,4.033026541855596392e+00,4.014423217988142056e+00
2.086767319996974734e+00,2.102304076915192610e+00,4.067495731595417219e+00,1.906278548478397283e+00,2.433018639161387053e+00,4.050007845471252921e+00
0.000000000000000000e+00,0.000000000000000000e+00,0.000000000000000000e+00,0.000000000000000000e+00,0.000000000000000000e+00,0.000000000000000000e+00
2.546799097396780898e+00,3.623928409928943495e+00,5.531586368793686148e+00,2.766368998004414159e+00,4.336953824562440829e+00,4.774528887584912340e+00
0.000000000000000000e+00,0.000000000000000000e+00,0.000000000000000000e+00,0.000000000000000000e+00,0.000000000000000000e+00,0.000000000000000000e+00
1.221675766834251942e+00,3.144616864379287335e+00,4.398884854851695891e+00,3.955763016697492862e+00,1.117157305265810585e+00,5.066007120739877578e+00
1.698536621709195504e+00,1.408578408669395099e+00,2.556564807314365417e+00,2.024420526249713692e+00,3.113493694946561252e+00,4.457302725902861695e+00
4.752690347849122254e-01,2.964919271291178937e+00,3.645717858818783519e+00,4.058892327204412176e+00,3.383103352264827279e+00,4.658281485439436764e+00
3.505751633641509990e+00,3.112355226989687029e+00,4.844257025564163044e+00,5.684599091915078617e+00,2.246745524831336382e+00,5.649738363513908901e+00
2.130187853004763099e+00,2.360408475611871282e+00,5.176932105211753843e+00,4.274431142777124215e+00,1.801795406011843736e+00,3.559260115338592989e+00
2.150256526836578530e+00,6.768194932202975522e-01,2.584641842790212252e+00,3.126434294122001134e+00,3.619230426328103878e+00,5.092174916913367433e+00
3.269730744842771042e+00,1.994266905565262649e+00,3.471905417739295174e+00,5.339796337375741331e+00,1.625193910353349702e+00,5.188946670448434162e+00
3.714657819560764906e+00,3.700410897219815087e+00,2.938404556356147168e+00,6.167797406567153473e+00,2.448969076700850511e+00,6.116834864586177645e+00
3.981643147243494774e+00,5.135634189088889912e+00,4.198739800112395670e+00,6.813034501170516677e+00,2.140011742256665350e+00,5.293877997554236714e+00
4.992993093168481167e+00,2.325484492238544476e+00,4.679263711941080928e+00,4.393146539337532630e+00,3.139533515905957195e+00,2.895521601567694780e+00
2.511514067093256752e+00,2.939213357078708899e+00,5.312679286321586147e+00,2.404683787562769126e+00,5.531327340601738918e+00,3.802303182366624235e+00
3.233476854161342118e+00,1.939505945292683720e+00,4.627997700818188065e+00,1.561710036913956046e+00,2.914286088950063469e+00,3.053028947040306029e+00
0.000000000000000000e+00,0.000000000000000000e+00,0.000000000000000000e+00,0.000000000000000000e+00,0.000000000000000000e+00,0.000000000000000000e+00
1.066269219379508471e+00,3.882935707095028111e+00,6.006084638836445500e+00,6.085200845105896761e+00,1.348575388782651041e+00,5.786962918986448656e+00
3.013391870193908861e+00,4.659606525739929950e+00,7.695655002955175128e+00,5.265069831505462261e+00,2.652135181528563201e+00,4.460651059705528887e+00
1.959470621021367265e+00,4.166687629400196435e+00,6.827115958782783878e+00,5.581010808203073381e+00,2.153501409468739247e+00,5.912762487361856500e+00
3.083085118831766724e+00,2.605950109438770035e+00,5.074267301909572758e+00,3.661090927401784434e+00,3.303597492639647637e+00,5.450430610449321200e+00
1.597343781368705695e+00,1.586465454415141085e+00,6.241602857645973224e+00,1.800482909206525761e+00,3.154806756780112575e+00,3.218477154681725239e+00
1.997391915488976322e+00,4.540580041081185847e-01,1.739071324443799860e+00,4.633607270945517165e+00,5.152882622844039417e+00,5.524797129882170310e+00
2.397901067331514202e+00,6.922856226702707616e+00,5.691610942200199474e+00,3.426068121018735368e+00,1.934829385991129413e+00,2.691161689423465120e+00
5.863123143019482342e+00,2.521294292560297912e+00,3.796734012770990763e+00,1.634056235820975367e+00,1.869395360501797443e+00,3.311523930693553996e+00
1.461314326976213218e+00,1.055559006172873682e+00,6.463385214421086822e+00,2.324785826380373788e+00,2.396438950382802524e+00,3.912831703203316192e+00
4.434051994598127155e-01,2.938200973656212245e+00,6.312181055359442183e+00,3.926672321693994938e+00,1.662725097533402030e+00,4.621893885438957739e+00
2.368958384691998820e+00,3.887802888337533513e+00,5.665452787820099090e+00,4.331053831504481977e+00,2.115876383200544275e+00,3.817252504097738974e+00
2.961881028556356821e+00,8.397065414108388914e-01,6.345016308335965860e+00,2.898086324627830557e+00,4.037136798804643156e+00,4.384163061062067435e+00
1.490475868363586809e+00,2.460778881851276800e+00,7.332028149707722875e+00,2.688594148527335914e+00,2.493420761052221657e+00,3.252210993169965647e+00
2.528161911150467844e+00,2.846961680559694230e-01,6.118848301807023660e+00,5.213511649202905218e+00,3.970025387170363906e+00,5.884507631622120982e+00
8.026529566719857733e-01,4.179657186445050243e+00,4.326858369697546003e+00,2.935004744928510600e+00,3.807157076731656264e+00,4.399479358917559146e+00
2.095694647985525627e+00,1.921861049559175916e+00,4.860665781642031114e+00,3.783895378961806610e+00,1.771355984418684137e+00,2.867710185193522054e+00
9.111443746849179348e-01,2.239273384708352133e+00,3.558248267856879199e+00,3.991084180671077064e+00,3.279256645440990159e+00,4.241354202409853613e+00
4.739909303018590148e-01,1.221704259880558752e+00,4.586948704561122803e+00,3.649581208793966969e+00,3.731017874569513282e+00,4.434236028838679289e+00
1.962932730986164387e+00,4.722931999722034924e+00,3.888099405601594949e+00,3.560338397632818896e+00,1.912614859048479055e+00,2.238039620737804825e+00
4.289518385221371410e-01,7.407283411891576463e-01,3.895963749182188351e+00,2.583966599206994896e+00,2.859555408500956908e+00,3.307909793743812887e+00
0.000000000000000000e+00,0.000000000000000000e+00,0.000000000000000000e+00,0.000000000000000000e+00,0.000000000000000000e+00,0.000000000000000000e+00
7.539092557429607488e-01,2.270088601414936846e+00,4.956894070060464230e+00,2.769262838702229779e+00,2.239179718853726353e+00,3.872484396598705914e+00
1.538129789742005427e+00,3.582750990917471512e+00,5.939976703534774138e+00,5.317536925372882806e+00,1.265591664552885742e+00,4.403008403931102599e+00
2.935333462972286256e+00,2.205316503608908629e+00,5.049782705961860074e+00,3.325115382131520469e+00,3.874617856806751526e+00,4.738339934634971939e+00
0.000000000000000000e+00,0.000000000000000000e+00,0.000000000000000000e+00,0.000000000000000000e+00,0.000000000000000000e+00,0.000000000000000000e+00
0.000000000000000000e+00,0.000000000000000000e+00,0.000000000000000000e+00,0.000000000000000000e+00,0.000000000000000000e+00,0.000000000000000000e+00
0.000000000000000000e+00,0.000000000000000000e+00,0.000000000000000000e+00,0.000000000000000000e+00,0.000000000000000000e+00,0.000000000000000000e+00
2.415833603885766401e-01,2.842096244928157933e+00,6.314272792975192061e+00,3.915823110748970493e+00,4.578862094647755399e+00,3.889066478942170502e+00
2.511284132795686741e+00,2.491884373842496281e+00,5.673906305633265035e+00,2.419644818094758953e+00,1.235719608602490638e+00,3.726181804501444539e+00
1.637123237818016719e+00,1.758019765697213188e+00,5.178633559560747557e+00,2.372824391790266496e+00,1.004009111831052792e+00,3.305146118444474368e+00
1.350434211526563288e-01,2.346936488302616919e+00,2.724848280461961370e+00,4.322041066617822835e+00,5.382546757913740265e+00,4.667958742321775212e+00
1.925747688405699876e+00,2.847675343166595319e+00,5.495606142608324696e+00,1.886048596145621481e+00,5.465795012612792547e+00,2.775411305254182448e+00
1.459543091086668021e+00,1.347885746399297924e+00,5.116369012278906503e+00,3.245467695804578945e+00,4.639343439793272239e+00,6.092127957239942937e+00
1.959341084156543289e+00,5.513574926783260999e+00,5.439311465595533690e+00,4.054313202727068521e+00,2.458427899488537349e+00,1.669922218287684057e+00
3.254160863864467679e+00,1.994372659364308742e+00,6.759875092353846426e+00,4.574491408135705761e+00,3.334856762404158292e+00,3.257394605304109181e+00
1.516633285609785720e+00,2.149941349663011536e+00,5.797372034271115027e+00,3.540761909195935253e+00,3.344741908410222120e+00,5.055790740478609102e+00
3.019282374744813424e+00,4.331298674474017396e+00,4.435335744311520223e+00,4.998060657824194841e+00,3.422190698143324106e+00,4.611509934883256001e+00
4.728395112935581679e+00,3.594797056543987068e+00,5.525130504437525403e+00,4.711934029839565774e+00,3.657282826936144371e+00,5.237102472918847340e+00
3.256744399682954594e+00,4.414897751460671316e+00,6.943987614471914149e+00,2.436026776095602031e+00,2.381903415325826501e+00,1.550319361138543517e+00
1.809032873689845777e+00,1.493306060061557083e+00,6.142004152901907155e+00,5.053681206871864617e+00,2.123376805934849010e+00,5.574515959527712283e+00
2.899704734727740707e+00,6.388164004549665265e+00,7.777980406108498279e+00,4.291587622884369679e+00,2.664866045543443640e+00,2.700595882082261312e+00
4.150564019682308370e+00,4.221697617090226728e+00,7.719617978264934344e+00,5.295129465604750507e+00,3.238294141388724512e+00,3.774842474028209161e+00
2.797089525283274369e+00,4.785508160677697909e+00,8.181111482311909100e+00,5.360830550773741265e+00,2.312501962144925649e+00,5.272464720219018020e+00
5.802114092707547854e+00,4.301408333432243936e+00,9.492330755444351453e+00,5.123143012641717675e+00,3.448009063431398680e+00,5.878316075743072133e+00
3.581821813749624717e+00,3.987211463178339965e+00,7.094118206039358832e+00,5.455451905284784075e+00,3.662960902168223676e+00,6.885472547071203486e+00
5.767881182110709659e+00,4.003268371616763410e+00,5.882244941446904463e+00,3.005694061732273603e+00,2.342040849000190050e+00,5.312343252332079047e+00
1.016607213185444447e+00,1.151385707267853942e+00,3.384478749681234078e+00,2.629394196042546650e+00,4.591823329189156588e+00,5.468200374852884238e+00
0.000000000000000000e+00,0.000000000000000000e+00,0.000000000000000000e+00,0.000000000000000000e+00,0.000000000000000000e+00,0.000000000000000000e+00
1.350187199629051760e+00,3.418474513404377468e+00,5.505102743669920251e+00,4.054503103330148406e+00,4.585320655707016968e+00,3.928952092756703429e+00
1.828075311657796576e+00,4.143947677741270041e+00,5.041474379507338455e+00,3.739112679344377188e+00,3.200968210602659791e+00,4.351229199401747572e+00
2.593086314195265807e+00,2.576423958104848921e+00,2.574703039224206957e+00,5.119810729283009287e+00,3.207724961716531986e+00,6.148913973932299548e+00
2.111590285085814589e+00,6.110510585565911867e+00,5.773496000878295398e+00,5.371934614257955154e+00,2.918138143049738620e+00,1.553435016672532143e+00
3.867434311978334538e+00,4.370190739059206742e+00,4.053517550383238799e+00,5.519135153150140027e+00,1.620217819631696532e+00,3.082522292097597649e+00
