VR1,VR2,VR3,VR4,VR5,VR6
3.503475688590790504e+00,1.121158154730133916e+00,5.471337478984375835e+00,4.838559040633804820e+00,3.568899866960619338e+00,4.391694696909364204e+00
1.787230585611979894e+00,3.105464023418706976e+00,5.469576825588956304e+00,4.599645596990137086e+00,2.233429539170020295e+00,2.786563998935501996e+00
1.467607183907853274e+00,4.679867636531705344e+00,4.120731018341182939e+00,4.196355048990850989e+00,4.155029747508788063e+00,2.722445617003067753e+00
6.084017560641525879e-01,4.119524343740708971e+00,4.727002456994543245e+00,3.929846536384150379e+00,3.468804786038912624e+00,2.771949587056181663e+00
2.549496480518990804e+00,2.906669551119634765e+00,3.373415142247289111e+00,2.811305021685122529e+00,2.825141001553113984e+00,5.904580045620646089e+00
2.026333202821477997e+00,4.198876415926481087e+00,6.231586694632019530e+00,3.582070140773001121e+00,6.299569182211057772e-01,2.359926940910662019e+00
0.000000000000000000e+00,0.000000000000000000e+00,0.000000000000000000e+00,0.000000000000000000e+00,0.000000000000000000e+00,0.000000000000000000e+00
4.924804651979632908e+00,3.650414465739434178e+00,6.548063563255746899e+00,4.969499141800300279e+00,2.207097108989241718e+00,4.727381979488772146e+00
2.412048743375302617e+00,2.801889927424756177e+00,3.845876960274293488e+00,5.953309290102064111e+00,1.366004185917282010e+00,5.674508964554963342e+00
2.042455199907867947e+00,4.588432474966770869e+00,3.530136414586170446e+00,3.195060059597315760e+00,3.324200884281928836e+00,5.039409098790269326e+00
8.072786688980764236e-01,5.055867235495945522e+00,3.157439970224740655e+00,2.889679558520016123e+00,2.656576259214278757e+00,2.766065682333972209e+00
3.048140606261149799e+00,1.173171424015127196e+00,5.924880956059986659e+00,2.805754360737691577e+00,3.787921402957057815e+00,5.332415583021299810e+00
3.717258014233899566e+00,3.597579064281708483e+00,5.908368382918395056e+00,4.108452283009560446e+00,4.068170613100983601e+00,6.101337599323800376e+00
3.275676211849987585e+00,7.267495604250227004e-01,5.419144239270454300e+00,3.575689107679050682e+00,4.653857559371571639e+00,4.556901157820549386e+00
9.996444374946662492e-01,3.752964089535358205e+00,4.733179153580438836e+00,3.456497238534455008e+00,2.086217283375018994e+00,5.043251390831446912e+00
4.887316673312560589e+00,2.220650495624406418e+00,7.252201672550542710e+00,3.943899233793293657e+00,3.946566570635563487e+00,4.176093669937928077e+00
2.794774983847676531e+00,2.664142943536492059e+00,6.483918464144636573e+00,4.894140340100101128e+00,3.071198508672860150e+00,4.627103218961002185e+00
1.947048960856986310e+00,3.608021977547753334e+00,6.338433548812003160e+00,6.005141114372455569e+00,1.013287621863331545e+00,4.518203601593591578e+00
3.808152444545629400e+00,5.948582742971752602e+00,9.802080922529361473e+00,6.816878533303283305e+00,1.883644347320008849e+00,5.046251817663877759e+00
1.090322151196971179e+00,2.206597296471739078e+00,7.601751525924401953e+00,4.068483244749881322e+00,2.669383180641284881e+00,2.628368954723463879e+00
7.391831487991820104e-01,2.203603360641523956e+00,3.931458131880327667e+00,5.218210965841358906e+00,4.610602823422911278e-01,5.421374598516713661e+00
2.836704930904036637e+00,2.374447833628262838e+00,3.039316566894194160e+00,4.574002453756047082e+00,1.385982772733561852e+00,3.614099571927570143e+00
3.342350103765475922e+00,4.106082277528427582e+00,6.992189831932117627e+00,3.850874567059328957e+00,3.648510004888962044e+00,4.988141617607944056e+00
3.266757398116750366e+00,3.313727936840686894e+00,5.629573390312550885e+00,5.350861857129391552e+00,4.524310629875217593e+00,6.951258070347463125e+00
0.000000000000000000e+00,0.000000000000000000e+00,0.000000000000000000e+00,0.000000000000000000e+00,0.000000000000000000e+00,0.000000000000000000e+00
3.331231704460112741e+00,5.092223833204825745e+00,4.336345782406019644e+00,3.790414082227803405e+00,2.577025025368923750e+00,3.975483134735732449e+00
2.058753200621682655e+00,3.150363602473398750e+00,4.645128550219432384e+00,2.967749265977741135e+00,3.078008088167019540e+00,3.603472618386018844e+00
5.825804712174474709e+00,3.834500845624118082e+00,7.113033691640090694e+00,3.250210720119064423e+00,4.336035731025043027e+00,5.955402416458928094e+00
2.179031440219580951e+00,2.745508232351959066e+00,6.737793021363605916e+00,2.624503709099815563e+00,2.228761928036521844e+00,6.526667108639630399e+00
3.618476458401937101e+00,1.877126433585804666e+00,4.710488195934171785e+00,3.647141961534544841e+00,4.043421375606742529e+00,7.351015364779724948e+00
1.862251407582787177e+00,1.253047965287131804e+00,3.400491514298882301e+00,3.279417806363733590e+00,1.414729610801027215e+00,3.073782127161210909e+00
3.865087767075938263e+00,4.724334070822894915e+00,3.292569038952441129e+00,3.185357697686456380e+00,1.615679900543862679e-01,3.976472161825266305e+00
2.837152316247339545e+00,1.760889228638665926e+00,4.488373834689141084e+00,4.542502000845789034e+00,2.798751353409076881e+00,3.914126673730193851e+00
3.235795413232236850e+00,4.536522669658486606e+00,4.997238395997123384e+00,3.105342255007413677e+00,4.709774714851847399e+00,5.484681698704936714e+00
2.396164256423267247e+00,3.479818720875978766e+00,5.841187032353006181e+00,4.010530949973698966e+00,4.712446809585105534e+00,4.370722790759512755e+00
2.173828398852190258e+00,2.198214826559174107e+00,4.627082802007110196e+00,6.140869558968088171e+00,3.466145948840738455e+00,5.476309591837007495e+00
0.000000000000000000e+00,0.000000000000000000e+00,0.000000000000000000e+00,0.000000000000000000e+00,0.000000000000000000e+00,0.000000000000000000e+00
2.332701660223662099e+00,2.268975218959483620e+00,6.411356858015624383e-01,4.920310335130645640e+00,4.096491391046939157e-01,3.291245969254781301e-01
2.765069867842568030e+00,1.436642100954915513e+00,2.005183188627695401e+00,5.102550320483953072e+00,3.798306819012856383e+00,2.464561852707730427e+00
3.130679747763070786e+00,5.181503392945672637e+00,3.284108581114204561e+00,7.223651519125027676e+00,4.960399546352831202e+00,5.365018193393042090e+00
3.123307636096720685e+00,9.945840685191082997e-01,1.021830833789043602e+00,2.700398039366460612e+00,2.607694172811203970e+00,2.580833104182957083e+00
1.483634034563645399e+00,5.548402598874270453e+00,4.036891989914217049e+00,3.596925603721078613e+00,3.332925257964650445e+00,6.305686637798219252e+00
4.167918531398304260e+00,2.279557319734881293e+00,2.773121798104152713e+00,3.960368351067588666e+00,3.792770640284182981e+00,4.496145649061792149e+00
2.342103241803721758e+00,2.080716392930412884e+00,4.369273291313356289e+00,5.346842830366971278e+00,2.777004690923393415e+00,3.602487327001621775e+00
1.660014497040106285e+00,3.079441523104266665e+00,2.713141032671828601e+00,5.468640669108813412e+00,5.515183297220045411e-01,7.832831291576218824e-01
3.393594172381344087e+00,1.311740259660937102e+00,3.005129195217439708e+00,6.538510720968053747e+00,2.670943375447142110e+00,3.563684124469971515e+00
0.000000000000000000e+00,0.000000000000000000e+00,0.000000000000000000e+00,0.000000000000000000e+00,0.000000000000000000e+00,0.000000000000000000e+00
4.444183866448486953e+00,2.613383881220598060e+00,5.284401572905426114e+00,3.371435220540992539e+00,2.406580410316204510e+00,3.012274955006847499e+00
3.210303502621992600e+00,3.414204684635630205e+00,2.893063170648561666e+00,3.051012929202641555e+00,3.131161498670470333e+00,4.809015371619693724e+00
3.087728180273934697e+00,5.304665196505939484e+00,5.702304985828754447e+00,2.510721609516153752e+00,1.816029768959288360e+00,5.540972876450299012e+00
2.493180094909632771e+00,6.689630824846974910e-01,5.487788244140858751e+00,2.906735442960018290e+00,2.849605019788318483e+00,3.781037442458045739e+00
2.395629796707188230e+00,6.199201671963004756e+00,5.096337614616895273e+00,4.302070147749532225e+00,4.109028807435308295e+00,7.826858817368032462e+00
2.064724350938775377e+00,7.616697059743002818e-01,2.670989294784050561e+00,3.616378834137428555e+00,5.341877527998749819e+00,4.940008847836481642e+00
1.643157737044594890e+00,3.343536515245217444e+00,2.766181721620546430e+00,4.302794460486782491e+00,4.096722709087126546e+00,4.949698948129820586e+00
8.086366436443417349e-01,3.870907929023212457e+00,5.782930901618762221e+00,5.449588739406142857e+00,1.764625351225817429e+00,1.835288990739315285e+00
2.265997423226103979e+00,2.525551651487881966e+00,3.692376127563404165e+00,5.375207200642959648e+00,1.065744847143495377e+00,2.329311070852017718e+00
2.940773450874495598e+00,5.614562715554830774e+00,3.077574987364902093e+00,3.936191168828132358e+00,3.074676167002763805e+00,3.074759805550352887e+00
3.172992811666746515e+00,3.024802647160217628e+00,4.640727493486783040e+00,1.794851470575347996e+00,1.181910975668059915e+00,2.150664120231962961e+00
1.134618262424666124e+00,3.392404387640491237e+00,4.060926895459783914e+00,3.283603733290483273e+00,2.182842141915856793e+00,3.032663193587784800e+00
7.159966514319888731e-01,3.848327383910843391e+00,6.128862678689326771e+00,3.367487611246936297e+00,5.619840287935291556e-01,3.496084310586200061e+00
2.756869170970546179e+00,5.146987654666929757e+00,5.160227741782534849e+00,4.268340899690477919e+00,1.469897856907642186e+00,3.296168576581789189e+00
2.958507931473853159e+00,3.131130695397452257e+00,4.866470604521124343e+00,3.241931927017971393e+00,3.236584334884661462e+00,4.802618762190043356e+00
2.749441995783926007e+00,3.518882881038451149e+00,8.135715817271812256e+00,4.835674438622793225e+00,3.667424367976620747e+00,3.759704116368268956e+00
3.181298208894963953e+00,2.261000363719124717e+00,6.919084545575831413e+00,4.026107325203538423e+00,4.482813942524527917e+00,6.946350309934588907e+00
1.172410584734901340e+00,4.014895080113537240e+00,4.912160168038502306e+00,2.607096838806853611e+00,3.498652886297379361e+00,4.025101776103575446e+00
4.977622058954542794e+00,1.830448189147766636e+00,5.056395505635462584e+00,4.229054177575956253e+00,4.338522453210053698e+00,5.713746133964896501e+00
2.613984548457010337e+00,3.015391392064687093e+00,4.053833195744767082e+00,6.410897318806562772e+00,4.049137337255611868e+00,3.386039732787140544e+00
2.335850457618956710e+00,5.027035733210427182e+00,7.164610332111079671e+00,5.849277863432098101e+00,3.022327995835815795e+00,5.283616548302920712e-01
9.422199019166348499e-01,2.004695744823489001e+00,6.426115819772877380e+00,3.758018813910890099e+00,3.803928982300955219e+00,5.112958023216698678e+00
2.041647043319869681e+00,3.301761944340982247e+00,9.228609850201262788e+00,1.428791642400397244e+00,3.135682963379405663e+00,4.436967403967869039e+00
2.661130368995148654e+00,2.777872556636224566e+00,5.630724567283129645e+00,2.303506275270156500e+00,3.622162069489832881e+00,7.213012608995574837e+00
4.250171797239977067e+00,3.321750063681720100e+00,6.163241259386473381e+00,5.964549690206499832e+00,3.199255494614948958e+00,3.852663453859992870e+00
4.018060828356473380e+00,2.619948824065144066e+00,6.112591498769736731e+00,3.266864848118377740e+00,4.080338795357061343e+00,4.852757480066006934e+00
2.407364854568341261e+00,4.187725368235827084e+00,5.286411039792738187e+00,2.818507597453070446e+00,4.050424621763998978e+00,3.683819035792816887e+00
7.971039575871170513e-01,2.477477246376221132e+00,5.558913171540048381e+00,4.532306908435644210e+00,3.763836070639335230e+00,4.603650026454936039e+00
1.727125987891657832e+00,5.041763239013854481e+00,8.489485096254350438e+00,8.751255218569024663e+00,2.149536663616906207e+00,3.582326655400966953e+00
2.629366094533027276e+00,4.620498631037138537e+00,6.274494465215463279e+00,5.640228509169296522e+00,1.492807504497735138e-01,3.375797865377522466e+00
5.933810468418318607e+00,3.096183482217626626e+00,3.381297131587052363e+00,4.656791229565600432e+00,1.682914765442578897e+00,4.899889911498107153e+00
3.421753169462153465e+00,2.633727305424609089e+00,3.724024176679089582e+00,5.110166259110842546e+00,3.685017311460511813e+00,4.324872057183834606e+00
2.144184563432363522e+00,3.663367613862895666e+00,5.659914491306420992e+00,3.860871625732157142e+00,1.684740976167529158e+00,1.986987621419444405e+00
1.340252161016633581e+00,3.039850356260819453e+00,4.121299687969198544e+00,2.211147358463805723e+00,3.392706929698064311e+00,5.101032012850506447e+00
1.316923296976583169e+00,4.663796532339961054e+00,3.888313871442895753e+00,3.151783938713984767e+00,2.058979585404408841e+00,4.473111029847235187e+00
1.886071908029907096e+00,2.667936506577656353e+00,5.582406770025204246e+00,2.363743977067902513e+00,4.815119153871313173e+00,6.426931966254189277e+00
2.984666136202447362e+00,2.560385009026138636e+00,4.305274500241290880e+00,2.056335161416191770e+00,5.556834665887517843e+00,5.714534407444203268e+00
3.709971485526517121e+00,2.455032312003496031e+00,4.770614318219517536e+00,2.128018946378435139e+00,2.919482205590261614e+00,5.387128627694716343e+00
1.612798762312885659e+00,3.302240851322320037e+00,5.593395738130248596e+00,4.322566497064922686e+00,3.174036612068261487e+00,2.912652553333389349e+00
7.955012572349298150e-01,3.232857544486408496e+00,7.339529771669626612e+00,4.195320790993951832e+00,2.534865298725119231e+00,5.937423280133737435e+00
2.007353050789858262e+00,2.844875514846946896e+00,5.833354810320330763e+00,3.950796644328796070e+00,4.582514809684233192e+00,6.636293210873593473e+00
2.984895577588825510e+00,3.102597775062039265e+00,5.819737258615202080e+00,2.911746818756225430e+00,2.099377108219746546e+00,4.664262085841532901e+00
2.634617843008416838e+00,2.615605353682233236e+00,4.816587321039717651e+00,4.585502545284136033e+00,3.022424481503251048e+00,5.834944652876187021e+00
1.425824541833955017e+00,4.603586586005777193e+00,4.784326322015392208e+00,2.615607439626514097e+00,4.997629407018320258e+00,4.477880914113274713e+00
3.538404903856442907e+00,3.982191063521347552e+00,4.233637098681666266e+00,3.482005486639885738e+00,6.037037829831948699e+00,6.839143557600536383e+00
3.164619904015818719e+00,2.522705315228939149e+00,3.705620387070597932e+00,5.912050725926463635e+00,3.987511914907309496e+00,2.011331513821460248e+00
0.000000000000000000e+00,0.000000000000000000e+00,0.000000000000000000e+00,0.000000000000000000e+00,0.000000000000000000e+00,0.000000000000000000e+00
1.739330289700601995e+00,3.738615813904761609e+00,4.471499706859134449e+00,3.991678536127233112e+00,2.251059194786412920e+00,1.136086225829162188e+00
1.216239772917208084e+00,4.919075310320215166e+00,5.802328445721557593e+00,2.783294051454127338e+00,2.747039380691356225e+00,2.747653894652044571e+00
2.868118504509209021e+00,1.307559844176897634e-01,8.085828969966339486e+00,3.106064511618595425e+00,3.704721275937729263e+00,6.285944554171051024e+00
2.601647347395652954e+00,1.477424756531070749e+00,5.909230268033822675e+00,4.934115658383040781e+00,5.504939151271612374e+00,6.286277125985442638e+00
3.889329153008845630e+00,5.369534084976745447e+00,2.969283871019855248e+00,5.950880484501907652e+00,2.591937646099024661e+00,4.770594120277444894e+00
2.184428385197864753e+00,8.855415992816011439e-01,4.912318255288576907e+00,3.239193222169730824e+00,3.945005846644262348e+00,3.553031847855568248e+00
3.662307380330582340e+00,3.740104081193756258e+00,7.237819721330652101e+00,4.448649892275198248e+00,3.507309936099845427e+00,6.068946513104881646e+00
1.888393366087993908e+00,3.680683934228943244e+00,5.757744469974175772e+00,3.956751127318088201e+00,3.507837008653617694e+00,4.477061360472550433e+00
2.298749094550227134e+00,3.386181855670248986e+00,6.539807822152306827e+00,4.386976847880220909e+00,3.026833721591265292e+00,4.890234634119162926e+00
3.586239411272547528e+00,2.793219958052725715e+00,6.603612537399048854e+00,2.958460976666926090e+00,1.976147732582005156e+00,2.903232050516387108e+00
5.305145142785800516e+00,3.240429772868619551e+00,3.784011400360733468e+00,2.348811773354994248e+00,2.096028798140904481e+00,2.656027949745596750e+00
2.157492355411252838e+00,3.634820643869004719e+00,4.476319582376665274e+00,4.350025495568178080e+00,2.048473796510514422e+00,3.464516021509246091e+00
3.984342678576686225e+00,1.722591295868571848e+00,6.195488780658711114e+00,5.276231497876363363e+00,5.082677861213554138e+00,3.116723148984854141e+00
2.039808656693554489e+00,5.760819903856699398e+00,8.982816501758419392e+00,2.634042638563384831e+00,6.083156836366930165e+00,5.875586785206110108e+00
1.295253141444211664e+00,1.151925854682516626e+00,7.343220344237362696e+00,3.379322458497126647e+00,4.881580196491468016e+00,8.096256020707489398e+00
3.213916964751589944e+00,3.844515702864721440e+00,5.521486970363691071e+00,5.482602238674409989e+00,4.039656199679376058e+00,5.068994590460522254e+00
4.319725844398454306e+00,3.166929191998550941e+00,3.137273213307277153e+00,5.516857285921428655e+00,3.470034763052380455e+00,4.773011648606222401e+00
3.381387933382246302e+00,3.407003512729789740e+00,5.033789189595050395e+00,2.450341348821760690e+00,2.142277139088355931e+00,4.582236914318278842e+00
3.468242669467614281e+00,3.295970074658881366e+00,4.308357218438064962e+00,2.172703154010597881e+00,2.974840263626584047e+00,4.498538026623563724e+00
2.210053360680632739e+00,1.776743690699214895e+00,3.490513440537030831e+00,2.115285485840613156e+00,2.361500547216128787e+00,4.380775886899166416e+00
2.538370656831193006e+00,3.055265367190605375e+00,4.514724563422491954e+00,4.107679090963879176e+00,3.016906760462221282e+00,3.385766636828768217e+00
3.219572665400402212e+00,2.345025969044064684e+00,6.879372851919295151e+00,1.503946010666355360e+00,3.927615607985276647e+00,4.669301491203733612e+00
4.841837015753134299e-01,2.997621026672216971e+00,6.424389012684857292e+00,3.394691368168157197e+00,2.387201059112710411e+00,4.540910980509763384e+00
1.527368054077116177e-01,3.719491092186231196e+00,3.840396068625473891e+00,4.561838749896778289e+00,2.293565015235280224e+00,5.880823014218847788e+00
2.082862671674300614e+00,4.214467539959708908e+00,3.258534839312216658e+00,2.435423595140771447e+00,1.339880879343803954e+00,2.410515260042833674e+00
0.000000000000000000e+00,0.000000000000000000e+00,0.000000000000000000e+00,0.000000000000000000e+00,0.000000000000000000e+00,0.000000000000000000e+00
1.843261538273132771e+00,3.821223175992990662e+00,2.952781759049165622e+00,4.923547561756345559e+00,1.103349200620113990e+00,2.727352852229823821e+00
2.517644965001124113e+00,2.892823925714133271e+00,1.951047650928856569e-01,3.988302421779883034e+00,1.389664194851006451e+00,2.481757836323716493e+00
1.753157730413504645e+00,2.406761041789417632e+00,2.482340991336522418e+00,5.419722880303941892e+00,2.062127796467750684e+00,2.677169750773287227e+00
0.000000000000000000e+00,0.000000000000000000e+00,0.000000000000000000e+00,0.000000000000000000e+00,0.000000000000000000e+00,0.000000000000000000e+00
1.985754092352406630e+00,4.078346326897177576e-01,7.276169872894114654e+00,2.338690119963073411e+00,1.628684465888534660e+00,2.306717049401981523e+00
0.000000000000000000e+00,0.000000000000000000e+00,0.000000000000000000e+00,0.000000000000000000e+00,0.000000000000000000e+00,0.000000000000000000e+00
2.714635703961015167e+00,2.830605205880800668e+00,7.369748093826537172e+00,3.662573433806288747e+00,2.950609553069395208e+00,5.229428662496702351e+00
4.578050526129779918e-01,5.013280171408031727e+00,6.286311988301521936e+00,3.148583651843570586e+00,3.151519715165191027e+00,6.891370210251204220e+00
3.834679741102681394e+00,5.147159593954029333e-01,4.184209471405747394e+00,2.740012587060363991e+00,3.580024733862412489e+00,6.417475806562109142e+00
3.125403072560148932e+00,3.746673074285311600e+00,4.024115368391712799e+00,5.001769962765920674e+00,3.105222491253736283e+00,4.485989699536919950e+00
1.491518863164698061e-02,2.865632002172588955e+00,2.048912980651894866e+00,3.888047132274771389e+00,1.889226488992392428e+00,1.965571669962669521e+00
2.962741342026725011e+00,2.783723846318473250e+00,5.301093057489392635e+00,5.365802440713883570e+00,4.056220984799860929e+00,3.706174883933815778e+00
9.300697737702308121e-01,4.966661130908836874e+00,5.317237901568013569e+00,5.525493479047913326e+00,3.235219193307395269e+00,3.660776805274083223e+00
2.329118701762578070e+00,2.098575742956022339e+00,3.470264135291078134e+00,3.872747040049782985e+00,3.189359117052859904e+00,4.911230695376235467e+00
1.847631402847709658e+00,5.816093348340798386e-01,4.080619735678731708e+00,4.394370822181513425e+00,4.260829703888671105e+00,4.749137639353240736e+00
3.939632804242083175e+00,4.243542593845447186e+00,1.768222267173024775e+00,4.281707326079228437e+00,5.819717142483794348e+00,4.488128350618174167e+00
3.608700752873733375e+00,3.201371282916357419e+00,2.756969397154472645e+00,2.751211620224276011e+00,4.517447051297756033e+00,4.079479048949083086e+00
7.533686186470698321e-01,2.051772733519848124e+00,3.119752528589397222e+00,1.915967172308278954e+00,4.867613481647449447e+00,3.655509847347950370e+00
1.095008079960714031e+00,3.127292600847132675e+00,3.185207942331398812e+00,2.595941132418276620e+00,6.324884534257490643e+00,5.043350355776791361e+00
2.238100981471184081e+00,2.264105966667106173e+00,2.835370377398810593e+00,4.304952355997043512e+00,5.892665616881902935e+00,4.106052686678948405e+00
2.866876825704418152e+00,2.368979516283592268e+00,1.384931915434886029e+00,6.235330668336879434e+00,4.205754760638786394e+00,3.266730190287602476e+00
3.124585122637672630e+00,4.649937745452531246e+00,2.604439796266579510e+00,6.765040817325196798e+00,1.960864418767478412e+00,1.343692681235921338e+00
8.830847483291526245e-01,4.017437933935333660e+00,4.200561574155020850e+00,3.615895182483662484e+00,1.129549147015895816e+00,1.394180064179160183e-01
2.389224212622152343e+00,3.149306354675846187e+00,6.377157966580524473e+00,3.449733562088693528e+00,1.046466089707639213e+00,4.435668866609542960e+00
9.165789099575871735e-01,5.229555153772487586e+00,5.449327362526428686e+00,4.230477527028963181e+00,3.590179133650800658e+00,4.972169505656191646e+00
2.648247966290668831e+00,2.315300349623030662e+00,5.036065602966810495e+00,2.096480208226412234e+00,4.730195685362187596e+00,3.863560424170216834e+00
2.240659284000609208e+00,5.176705823581563948e+00,6.890447341165085504e+00,1.925383672367996901e+00,1.100924358257774571e+00,4.969814036562380188e+00
3.019121412972753049e+00,1.677577586909249963e+00,2.017969806324652726e+00,2.761653314109832280e+00,3.338010376855168104e+00,6.275017731341440808e+00
2.298944933850749717e+00,2.450707117685893444e+00,3.108152699782358308e+00,5.052866384555079193e+00,1.533652364235411847e+00,4.584785884868341377e+00
1.269302739471936059e+00,1.732984580129909524e+00,4.146228751582310856e+00,5.693867358649409738e+00,1.767552268170949237e+00,1.822528067461719914e+00
