VR1,VR2,VR3,VR4,VR5,VR6
7.394203687149050186e-01,2.347864980029879867e+00,4.065826688292940361e+00,4.405592871106897235e+00,1.776406647838565389e+00,3.572664991640840171e+00
2.943642523965404489e+00,2.745265732962842264e+00,6.908282167772454407e+00,3.829825659788710368e+00,4.600174332116820253e+00,3.419540449690436468e+00
2.894764015399107659e+00,3.487261817695004762e+00,3.426080011672159920e+00,2.212871533353482967e+00,4.708171295757683339e+00,3.877740052912842295e+00
3.751443357639552723e+00,2.548510050313108177e+00,2.729477226691314318e+00,1.659658381133207516e+00,3.239861591030832599e-01,3.664576941335667915e+00
4.185875490531964616e+00,6.365533489199009409e+00,4.784297491613795472e+00,5.151426427878735836e-02,3.986160758768515500e-01,4.744732141636130329e+00
3.628637779746675118e+00,2.288387941205600740e+00,4.884687882345312815e+00,4.787596990276697717e+00,1.513563685692844496e+00,5.730745650387745194e+00
2.530101583868953341e+00,3.000223967653324220e+00,5.898591083418927461e+00,5.856369815136702073e+00,2.669633287671977939e+00,4.732385524029742108e+00
1.495437799603911433e+00,3.724076056887316799e+00,5.817617834121815434e+00,4.487108461639644830e+00,5.772441902884807519e+00,6.310747713176654727e+00
3.812213564859054937e+00,3.083133316006877234e+00,3.727798390385535843e+00,2.514395167855368207e+00,3.049786628301498492e+00,4.315057670970140258e+00
2.787893050682993756e+00,3.124050689760932809e+00,3.266404296466625112e+00,2.951004257434250100e+00,4.087405203098740003e+00,5.176183231592718315e+00
2.004379985805979647e+00,4.733790005123566402e+00,5.393435404419105517e+00,1.010528001273986121e+00,2.826870139566662221e+00,4.499500080847577799e+00
1.759379780661594950e+00,5.631739211667368572e+00,5.848256886732245974e+00,2.106126963392897178e+00,3.624597393003589296e+00,2.967349808821835744e+00
2.440797501401286596e+00,7.155871151064641111e+00,5.377696742398048180e+00,4.161101299812191456e+00,3.189078866342423435e+00,4.135967963071425224e+00
2.430517390322605387e+00,2.410199001477249858e+00,4.569118609136572751e+00,8.329453109047662451e+00,2.252097183251336787e+00,5.729013501883589932e+00
2.643119257734213079e+00,9.958846844017967825e-01,5.415828737492574874e+00,7.992657024662522147e+00,3.946549491203342974e+00,6.719176401062291859e+00
2.020683415042141551e+00,2.091453604676357436e+00,6.186001132468412322e+00,7.428510153885450329e+00,4.406505427924347629e+00,4.939008887904621226e+00
0.000000000000000000e+00,0.000000000000000000e+00,0.000000000000000000e+00,0.000000000000000000e+00,0.000000000000000000e+00,0.000000000000000000e+00
1.014909919662227100e+00,1.279864222684113262e+00,3.287912592526399447e+00,6.320738508982469916e+00,2.374312845313596210e+00,4.563575175848948007e+00
2.658043275287536034e+00,2.031736416830530523e+00,6.150710136264282646e+00,4.420354353300508521e+00,2.678450658181970034e+00,4.274597441165334466e+00
2.435850201550084027e+00,3.903750408647698844e+00,5.863206936693403648e+00,4.898916887172750201e+00,1.584377924028005591e+00,5.478257650429067205e+00
2.874066584589590967e+00,3.452240461376641534e+00,5.842629585951000237e+00,4.118797631266971848e+00,3.210403688221694640e+00,4.463045213227841757e+00
3.139034059848836655e+00,3.929284999789481425e+00,3.341444977785712034e+00,5.221791209486270624e+00,8.305880192092507386e-01,2.862215903369993431e+00
3.436784271632863152e+00,1.774267968509867455e+00,4.793468327370196569e+00,6.748605086031940203e+00,8.160741192417328982e-01,3.582167924798550285e+00
1.544496529562995324e+00,3.880945521570387413e+00,2.744668851200121384e+00,7.829757389342764995e+00,3.988457164202771299e+00,4.125215118408326553e+00
0.000000000000000000e+00,0.000000000000000000e+00,0.000000000000000000e+00,0.000000000000000000e+00,0.000000000000000000e+00,0.000000000000000000e+00
2.282540856368078686e+00,1.083358627993468604e+00,6.039711563521732884e+00,7.568566145934145339e+00,4.833659585556396188e+00,4.008932782984243381e+00
3.642336591529437229e+00,3.269975320136587982e+00,5.206115332544113627e+00,6.118190440397973440e+00,5.453921901358404156e+00,4.200610049113909561e+00
6.901101878548960844e-01,5.531573858556552814e+00,6.463466202770773883e+00,5.010791048656386693e+00,3.280911789074242080e+00,4.245698321042461032e+00
3.074929857655802845e+00,2.580867989718243827e+00,5.904466159358107369e+00,6.051619956680163170e+00,4.679205537368011925e-01,2.871684838735341749e+00
2.288320891674218149e+00,3.273013851518082440e+00,3.445671949994514982e+00,7.159532516933301061e+00,3.803878950893288202e+00,4.277016393754107249e+00
3.865768833613697719e+00,3.555669407898181866e+00,4.584219105091170476e+00,6.625532263067166916e+00,3.629926650764466078e+00,1.763433936782078604e+00
3.689396697323907404e+00,3.057078303057215063e+00,5.340447666844780450e+00,5.317709705874646531e+00,4.211849425763039001e+00,3.122931735620278371e+00
3.344348840186899707e+00,3.152123287400707685e+00,3.321796725059344979e+00,5.413045966797653819e+00,3.751841241679276795e+00,4.344379392844684773e+00
2.197547583659281045e+00,3.318265730993654294e+00,7.601360762392671333e+00,6.008309985829079380e+00,3.755366343192317657e+00,5.372755506238870105e+00
1.279331215473108463e+00,3.096687381899673852e+00,3.224749804711461110e+00,3.799615798893134944e+00,1.088189604666767174e+00,5.915096122943558576e+00
1.865352338357679329e+00,2.828511137588294311e+00,3.041837278899174102e+00,4.904299717689806215e+00,1.060908300567148022e+00,4.995034897609579971e+00
5.361099168834735806e+00,4.201051483973236245e+00,5.961303133792172915e+00,3.659205600341943310e+00,2.656527814478092608e+00,5.081213741006294526e+00
2.623470801573677846e+00,1.155233828215771474e-01,3.417517974699251671e+00,5.544260521931362540e+00,3.785991781541564016e+00,6.480271073817596594e+00
0.000000000000000000e+00,0.000000000000000000e+00,0.000000000000000000e+00,0.000000000000000000e+00,0.000000000000000000e+00,0.000000000000000000e+00
1.261448988255478465e+00,3.114354485692630181e+00,4.778672706131310122e+00,5.435810036292885172e-01,1.625771704627826608e+00,6.450614971794399466e+00
1.330666234840210072e+00,2.029730441038984257e+00,2.160284658051877749e+00,2.397153213529392701e+00,8.045487844991270343e-01,5.323478360695265366e+00
0.000000000000000000e+00,0.000000000000000000e+00,0.000000000000000000e+00,0.000000000000000000e+00,0.000000000000000000e+00,0.000000000000000000e+00
2.331273220110277045e-01,2.376822862465298059e+00,4.480315604301455146e+00,2.802031931028875267e+00,2.511179380996468424e+00,5.137284526811611407e+00
2.982776701363663907e+00,3.982641531488107844e+00,6.304266179934145953e+00,2.575604203073980969e+00,3.268810666104053020e+00,3.359621211939755714e+00
3.194461862009416286e+00,3.764941071783223236e+00,3.295695521697280750e+00,4.927122150586251692e+00,2.884278466802178809e+00,1.936052484593777656e+00
3.336246387624292264e+00,2.956879583278925416e+00,7.532728106484503527e+00,6.254261276776030165e+00,5.216428068068960755e+00,3.495356178426700211e+00
1.006374934877759530e+00,3.931923638812036437e+00,6.815544319182107458e+00,4.296685831438662007e+00,6.046893643681169550e+00,4.196420297172889669e+00
9.045229252019773014e-01,4.122372209622487738e+00,6.522345212452544949e+00,3.068985966484519157e+00,4.074956696056311500e+00,3.334377970609600617e+00
8.309557783085719240e-01,4.305058956549036253e+00,6.374874310307353298e+00,1.810532951535781532e+00,5.453257306121697567e+00,1.026720243221284079e+00
4.132299309117310138e+00,4.505217607079934794e+00,3.909734444915737406e+00,1.608073525752167221e+00,3.267522977409160312e+00,9.860136183776546659e-02
3.087929817437416347e+00,3.867949600328095094e+00,5.515696517549010025e+00,2.995014232569258361e+00,3.762736740288789683e+00,2.125289266167043500e+00
3.722484377902472552e+00,4.339164165229450809e+00,5.495144943298920559e+00,3.439574318965107125e+00,4.355797400400383879e+00,4.113656396234918411e+00
8.250474689338318512e-01,3.445168428471628186e+00,3.305917100228951355e+00,4.608538063210629865e+00,2.064831680892090571e+00,4.492035595129257430e+00
2.585489893751678814e+00,3.215991923323553436e+00,4.098213203950924033e+00,5.251775486132434168e+00,2.281015875674244686e+00,4.865796176923540273e+00
2.192763893334320979e+00,9.800540264314148153e-01,5.542827462947920836e+00,7.182473578287291716e+00,2.335515884497202155e+00,5.094769296638515854e+00
2.233341423170696061e+00,5.274611179789534532e-01,4.616726797679181260e+00,6.970018858909632797e+00,3.235273636922014084e+00,6.826243903003490487e+00
9.996541230029527547e-01,1.816077711836361575e+00,9.824737684172948349e+00,6.713254220716057930e+00,4.976822098788081128e+00,5.022136559613348261e+00
2.510084530471897057e+00,7.866883440582772558e-01,1.295365950395367172e+00,3.790954496310080302e+00,2.733343859106100560e+00,6.345202523941267714e+00
2.920980323174471316e+00,1.099523589696818293e+00,5.043227325427988461e+00,2.269616469508172418e+00,1.033520107103226948e+00,5.980133072394802518e+00
1.636056456631753697e+00,2.841407985505140399e+00,4.033603554605146968e+00,3.978473778331344413e+00,3.771435873621943102e+00,3.866133733261946315e+00
1.455345726419172259e+00,1.964607983104055933e+00,4.776310889251093705e+00,1.193702183676120132e+00,1.520076012528872589e+00,4.664120690759316012e+00
0.000000000000000000e+00,0.000000000000000000e+00,0.000000000000000000e+00,0.000000000000000000e+00,0.000000000000000000e+00,0.000000000000000000e+00
2.997720789492809068e+00,4.447812902036242910e+00,7.109871517132622998e+00,1.237530978649039604e-01,4.474014100261281435e+00,2.009644004485164004e+00
3.676924459254319544e+00,5.836926914226680196e+00,6.294029394740698891e+00,6.593955778855775662e-01,4.712441969251086604e+00,1.483700513307132152e+00
2.769658057383016292e+00,6.038891847505928112e+00,3.979728886724809733e+00,1.465330746656028360e+00,2.094178902046574642e+00,1.281317895706022725e+00
3.296929193738437736e+00,3.285202638428936339e+00,3.391360362688003338e+00,4.867102362069415378e+00,2.224618289443039743e+00,3.352213333671075546e+00
2.310992896001193841e+00,2.293633870323372737e+00,4.922789862809896277e+00,4.092037089778431280e+00,4.424697438802102312e+00,3.505818982186952315e+00
1.867034720504775036e+00,5.618343077768262361e+00,4.611018588459442569e+00,3.323819837352442796e+00,4.294031501512778348e+00,2.039272161657443405e+00
2.815902083802247713e+00,4.781518419153210075e-01,2.786987352587956934e+00,5.349495272470595530e+00,3.719649779480969976e+00,4.934267293106977981e+00
2.802495497776116729e+00,4.481636193273494051e+00,3.498120654010480557e+00,2.633834745573235381e+00,3.833329604951381864e+00,5.456446676049106159e+00
2.747540982655535924e+00,4.825701168164553856e+00,5.442510733961575475e+00,2.131231857140188701e+00,7.275283733559989585e-01,2.758067034153463659e+00
2.740424803411771748e+00,1.550974389592107539e+00,5.385976098659502220e+00,7.880797495086925508e+00,2.648008445802626287e+00,2.374906941128617444e+00
1.922029222303525131e-01,3.725942987622372193e+00,6.776209148735005350e+00,6.814478025641273362e+00,3.026416845775403264e+00,3.479837522631956670e+00
3.346723981333355802e+00,2.874309197222530976e+00,4.536842552279031437e+00,5.507287806724965762e+00,4.762912591811661933e+00,5.142298372657973182e+00
2.224966191590167952e+00,2.620456588395576158e+00,4.253503447027027207e+00,2.529428660129249273e+00,2.246988921023074681e+00,5.441420983983865867e+00
3.499118908119913218e+00,6.584456213671243674e-01,4.210242119185237719e+00,4.071713848531263835e+00,2.127931283671581575e+00,6.835452630761981396e+00
3.693711950472513550e+00,1.770047025361058068e+00,5.630570589832815109e+00,4.074094016019370379e+00,2.706560951099183931e+00,4.800592083451237002e+00
2.049882186685874075e+00,2.472787634674065593e+00,3.706515184195832369e+00,3.284438857303699777e+00,2.399448593429421184e+00,4.587914450100694985e+00
3.480671004004947999e+00,3.622962177402361039e+00,6.883477596863739834e+00,2.713255406228025635e+00,3.007610077570737506e+00,4.005953356956185374e+00
2.705280527772179422e+00,1.685747224508919340e+00,4.529587312130575860e+00,3.628086238622742599e+00,3.885872218944253831e+00,5.448482078987268551e+00
1.668573452182680050e+00,2.552053604196094838e+00,3.946500811963661093e+00,2.846212227045174181e+00,1.722385183701850231e+00,4.510997919680630908e+00
1.918302910971913189e+00,1.944520255358253236e+00,3.516470509664316957e+00,4.481463154262923965e+00,3.784840238726899120e+00,1.785089423826098365e+00
3.640609130348979150e+00,6.256726863508880854e+00,3.058896763666193230e+00,4.640852199767084407e+00,6.997777469363164471e-01,1.819991752120885486e+00
4.378082393248805104e+00,2.797328905349903305e+00,4.493796053806107693e+00,7.309998655766804632e+00,6.511094427379600091e-01,5.640922967510086927e-01
2.937764375115026194e+00,3.352568695046429514e+00,4.961330267331542920e+00,8.461501883038664573e+00,3.977819429821296993e+00,3.012760273348331186e+00
2.914974000365830875e+00,2.997169787127434759e+00,7.066367218086734070e+00,7.776087569347791550e+00,3.608617199333834069e+00,4.445793333234420608e+00
3.017772291682443875e+00,2.499294996674229274e+00,4.131422117631545099e+00,4.994811049219109123e+00,2.203712702391902312e+00,4.579376519294507730e+00
0.000000000000000000e+00,0.000000000000000000e+00,0.000000000000000000e+00,0.000000000000000000e+00,0.000000000000000000e+00,0.000000000000000000e+00
1.585339838325532824e+00,1.541297549607577366e+00,3.131717311841504703e+00,2.636626198217149497e+00,3.013152843214825793e+00,3.685858187478557202e+00
2.927396670725902705e+00,4.092291139790528831e+00,4.250131650590764920e+00,4.675471335458205147e+00,3.544057433822427328e+00,1.871855271450900027e+00
5.180551033119062954e-01,2.918288880370845106e+00,3.131992393527839091e+00,4.648534259159954551e+00,3.449640247541990501e+00,1.023484933483951753e+00
3.239432555517737011e+00,4.420887111253573920e+00,5.037941734055634946e+00,4.739529610570775375e+00,3.989663733924521782e+00,2.629842027109594582e+00
4.291248932864494492e+00,4.615075248859015211e+00,4.895997868292551125e+00,5.220767083837064781e+00,3.037320331683638575e+00,4.161959116472297104e+00
7.974512782793770072e-01,3.006306699858546594e+00,5.065933937825176869e+00,5.798154391055641454e+00,2.525833608762504401e+00,4.408732265119829741e+00
3.217793643716926333e+00,4.654857049191226892e+00,3.124283227882805214e+00,3.068558884631786832e+00,2.498876266511078192e+00,3.132974321764381287e+00
2.838890348679048881e+00,3.557565191281450545e+00,3.716086448379458673e+00,5.093073104513560878e+00,2.259784240682096268e+00,2.916356779894141660e+00
3.738851964993707089e+00,1.137038989034909298e+00,4.858718997949395657e+00,4.241885168453123356e+00,4.169747447228353110e+00,4.019531903162455677e+00
3.039965042546651564e+00,1.511698823120626312e+00,4.724996946269039988e+00,1.500928561975876541e+00,3.505406052701905750e+00,5.334293974794375615e+00
5.404186861276217613e+00,4.334845275707717605e+00,5.188583619963125670e+00,2.341816924367272179e+00,2.028219575260588048e+00,3.603460759841757621e+00
4.636850460776813065e+00,5.381782513940722268e+00,4.478024223723245711e+00,4.862438633352870632e+00,3.628061605058683803e+00,3.449256088757387317e+00
2.444541663593564174e+00,4.913316735012654313e+00,8.200032585954160069e+00,3.560973188351771679e+00,6.160609184989703557e+00,5.035970828894886786e+00
9.796799561397635525e-01,3.129981001970776333e+00,6.399384761918796904e+00,4.223520808427123185e+00,5.106596083015864096e+00,3.277546870484401076e+00
3.762971812327105425e+00,1.704021444714002964e+00,2.997795292852392546e+00,3.912511301033004596e+00,3.595026035392312913e+00,2.626919571856889846e+00
4.181646122717230796e+00,1.872329702768414261e+00,5.914198061388227678e+00,3.029791149847938847e+00,3.095862770651136131e+00,4.029823494079293411e+00
1.910537159607988311e+00,3.225810103103587956e-01,2.171724284763758117e+00,3.260340389185965915e+00,2.979604790454827068e+00,5.056221839079573677e+00
0.000000000000000000e+00,0.000000000000000000e+00,0.000000000000000000e+00,0.000000000000000000e+00,0.000000000000000000e+00,0.000000000000000000e+00
0.000000000000000000e+00,0.000000000000000000e+00,0.000000000000000000e+00,0.000000000000000000e+00,0.000000000000000000e+00,0.000000000000000000e+00
0.000000000000000000e+00,0.000000000000000000e+00,0.000000000000000000e+00,0.000000000000000000e+00,0.000000000000000000e+00,0.000000000000000000e+00
3.918256065569408086e+00,2.723243670793527915e+00,6.220231082051453697e+00,2.800157960029796556e-01,2.804797545115946811e+00,5.517960422158413536e+00
1.433353298627272565e+00,4.248503004860447518e+00,7.470129013544005048e+00,2.275072082005828111e+00,4.644935733011858581e+00,5.562797910041324734e+00
3.228334282605726191e+00,3.746188607645684066e+00,3.032368198759829436e+00,3.513732839371427552e+00,3.888872040436162969e+00,4.283953981695418634e+00
2.575567341601279203e+00,2.867512092134433033e+00,4.566370072263026714e+00,2.575861166807308145e+00,3.793282503159973729e+00,2.615763920264319253e+00
3.617856708524600506e+00,2.821105413100085890e+00,6.181542775458849448e+00,3.018103468253033661e+00,2.272823871438655718e+00,3.105345869326809449e+00
2.415072776237008334e+00,2.587773988351931287e+00,5.271595575558175817e+00,3.306512657635181096e+00,3.980404446905287497e+00,3.772860624229620541e+00
1.826237707286260115e+00,3.743653153994500382e+00,5.760145196799376421e+00,3.465305090148279366e+00,3.778300641652617919e+00,3.753125183618226224e+00
2.321158540309616214e+00,3.232489826219948181e+00,4.732462455317765659e+00,1.284054651237838129e+00,2.923259694755813598e+00,4.248300487495279221e+00
3.891627295686410637e+00,2.667728161008577459e+00,3.924789495264696448e+00,2.462733434504906782e+00,3.902460869463900472e+00,3.149757675668249490e+00
1.045048942184781948e+00,4.395076004898614386e+00,3.554892921281412654e+00,4.502587066277312644e+00,1.434513681813790242e+00,3.888826879833560568e+00
2.759193500101692287e+00,2.779095295285002098e+00,5.795929721731245543e+00,6.441827547956853195e+00,2.061918334592501179e+00,5.441268444828165407e+00
0.000000000000000000e+00,0.000000000000000000e+00,0.000000000000000000e+00,0.000000000000000000e+00,0.000000000000000000e+00,0.000000000000000000e+00
3.601833237137729071e+00,5.136101264067369776e-01,5.774786572474607027e+00,6.920468158842017381e+00,4.006580049669187460e+00,7.098266070658093341e+00
3.351789745729147896e-01,6.838411943888123012e-01,7.045367650124218173e+00,8.036497617442243779e+00,5.057107869213361973e+00,7.086695575656608348e+00
2.173833337147086819e+00,1.933410999067328939e+00,5.720243332007794557e+00,3.078397866417837747e+00,3.875687262740997951e+00,7.231378451316420097e+00
1.644458128649950668e+00,4.528070743426416911e+00,3.957621170485460915e+00,1.263333550464566635e+00,3.827552920877987042e+00,6.961970088834986470e+00
1.508428411947508874e+00,3.601723409239397711e+00,3.988419653797654618e+00,1.657468116277951431e+00,8.345534565666934412e-02,6.794508748748585347e+00
1.785718285738854494e+00,5.530043129378845457e-01,3.539935672970074165e+00,5.749649730266609637e+00,3.487765135625943813e+00,7.019253728304772899e+00
4.223578117097759321e-01,3.385528148797382730e+00,3.318143264199306941e+00,2.406193887978393953e+00,4.292730103095484750e+00,4.047333256276129276e+00
2.137774756078457017e+00,7.086801638467157716e+00,4.391977914182580989e+00,2.128943677219036879e+00,3.969835427686751128e+00,3.431418601537218560e+00
1.942043186785742392e+00,6.916931644635663901e+00,4.037870854689632694e+00,2.174099832877982585e+00,3.983234524908898955e+00,5.141147370525866123e+00
9.228894631778405966e-01,2.601768433516594037e+00,5.056041850204227472e+00,4.527484997960912416e+00,5.231095192431378216e+00,4.243363579571064470e+00
0.000000000000000000e+00,0.000000000000000000e+00,0.000000000000000000e+00,0.000000000000000000e+00,0.000000000000000000e+00,0.000000000000000000e+00
1.844903737950364775e+00,2.023303917452351719e+00,4.140536510471783949e+00,2.065447768244107252e+00,1.445815342154917804e+00,4.928935415618051152e+00
2.938616932786998426e+00,4.792012971953860223e+00,7.008657992616933896e+00,3.293881117567298844e+00,2.765255600552143367e+00,5.010871856371500677e+00
2.551527951001890226e+00,3.633951788332052235e+00,5.913718110428340502e+00,6.352787816276544319e+00,4.982922273622602205e+00,2.673488642904776391e+00
2.162332138476450449e+00,2.088407054076431457e+00,5.492004198446331031e+00,4.152780611850592329e+00,2.633333378892355192e+00,3.618371877534117154e+00
2.920927791417168073e+00,2.341928994558738708e+00,1.077721712279048560e+00,5.833075406948051267e+00,2.062703920342736197e+00,3.383683047951937972e+00
1.682299368765071135e+00,2.434814056728954235e+00,4.133392806935619390e+00,5.942965313079426437e+00,8.040426226695842615e-01,5.705110496870654302e+00
2.135093148721000755e+00,1.864505993849917553e+00,4.076673930655481115e+00,6.127750797390602244e+00,4.110785389736602013e+00,5.342060444487788828e+00
9.549627378658849253e-01,2.020324838375311849e+00,2.903141239117710271e+00,7.446844422485533244e+00,2.439631699732731640e+00,5.240667112858520937e+00
9.944931082794894461e-01,1.626602703291671892e+00,4.177288872814033382e+00,5.163010077158962652e+00,4.694624277690160774e+00,5.055144828761097386e+00
1.812032440785469767e+00,3.644520328518741081e+00,3.881426508916972384e+00,3.017951446591410125e+00,6.035011734567762076e+00,5.039258671176853888e+00
2.221214157637593889e+00,6.791572760211980864e+00,4.162402107757077196e+00,2.002283046249221155e+00,2.408304415463514481e+00,4.248549821073337895e+00
1.955138367249386278e+00,4.541387762903640990e+00,4.657474733838618874e+00,2.893440010045300159e+00,5.074803620262660075e+00,2.161696165492940302e+00
0.000000000000000000e+00,0.000000000000000000e+00,0.000000000000000000e+00,0.000000000000000000e+00,0.000000000000000000e+00,0.000000000000000000e+00
1.857231532693562226e+00,2.322473318718709656e+00,5.935546138311571518e+00,4.565180627277918290e+00,3.316093377225118211e+00,4.861595850695998422e+00
0.000000000000000000e+00,0.000000000000000000e+00,0.000000000000000000e+00,0.000000000000000000e+00,0.000000000000000000e+00,0.000000000000000000e+00
2.194408657558152065e+00,2.751797249860305605e+00,5.646651364580660193e+00,3.177610976794131403e+00,3.767903220726500635e+00,4.584254269452689989e+00
0.000000000000000000e+00,0.000000000000000000e+00,0.000000000000000000e+00,0.000000000000000000e+00,0.000000000000000000e+00,0.000000000000000000e+00
2.233502764104354110e+00,3.574986963363895320e+00,5.388031072616088046e+00,4.476041876556892340e+00,3.850399453785916748e+00,5.227033353254204151e+00
1.273187110519887755e+00,3.720311000274931779e+00,5.708842728639585751e+00,3.888696128650777517e+00,2.806724604348428631e+00,4.745668169315349516e+00
