VR,SS,ANX,INT
4.201384015653199633e+00,1.106856708753423790e+00,3.487757305764231486e+00,3.359506740587266727e+00
4.657472236779055308e+00,1.205077256955253029e+00,3.383509383572441465e+00,3.135986825935167310e+00
4.031358182167767978e+00,1.250252056690796643e+00,2.882046227013052242e+00,4.336362875745789047e+00
2.982629604080785146e+00,1.301359371676515941e+00,3.102249801423519582e+00,4.292597402560100583e+00
4.384586026142851978e+00,1.764263928206599275e+00,3.901606859698606211e+00,4.119070069712098103e+00
3.733959763966591794e+00,1.264625249302811838e+00,2.975957268894916297e+00,3.563843546317397415e+00
3.134377399330396941e+00,1.006389391502743313e+00,1.946533441774151996e+00,3.634384037385687716e+00
3.838798643044984082e+00,1.332933081774896555e+00,2.356627556180930672e+00,4.479074210628890995e+00
3.885886255354908947e+00,1.580130434884983615e+00,3.243435893527978564e+00,4.119842309812443482e+00
2.561573056948856397e+00,1.393693137037767205e+00,3.597503330196067495e+00,4.453624700638457945e+00
3.131055111776785527e+00,1.283357556611792072e+00,3.470482551100037227e+00,3.323743280564023905e+00
1.515730953031677597e+00,1.232305214676775007e+00,3.459183802799329577e+00,3.620643439298862010e+00
4.969885310574637671e+00,1.000000000000000000e+00,1.000000000000000000e+00,1.000000000000000000e+00
2.243264670928429183e+00,1.000000000000000000e+00,1.000000000000000000e+00,1.000000000000000000e+00
3.030011486391745557e+00,1.000000000000000000e+00,1.000000000000000000e+00,1.000000000000000000e+00
5.000000000000000000e+00,1.000000000000000000e+00,1.000000000000000000e+00,1.000000000000000000e+00
4.895787917401669631e+00,1.430162805214706845e+00,3.324574493830012578e+00,3.005601262391069284e+00
3.945182526255004429e+00,1.333190763501734155e+00,2.865366381947231478e+00,4.114402272737265776e+00
4.574148651048848713e+00,1.183590674244318741e+00,2.130288651555777513e+00,3.997093633209919172e+00
4.829855367343849792e+00,1.000000000000000000e+00,1.000000000000000000e+00,1.000000000000000000e+00
2.975147624869814322e+00,1.014016350670209343e+00,3.918006103984067678e+00,3.372383153999905847e+00
2.557752418994880372e+00,1.000000000000000000e+00,1.000000000000000000e+00,1.000000000000000000e+00
2.335919811813885971e+00,1.000000000000000000e+00,1.000000000000000000e+00,1.000000000000000000e+00
3.810211540413203757e+00,1.000000000000000000e+00,1.000000000000000000e+00,1.000000000000000000e+00
4.058188064372541426e+00,1.341484050921135207e+00,3.438262098270465916e+00,4.535095583629878746e+00
2.761056476371782420e+00,1.617043140302393045e+00,4.482047518019285803e+00,3.040122666291744657e+00
3.229272444032431633e+00,1.260487774788743076e+00,3.936158423136538520e+00,4.288516355996580209e+00
3.462351050616072179e+00,1.065788402140857904e+00,2.181884213583726861e+00,3.344099403217243971e+00
4.175452897309277489e+00,1.000000000000000000e+00,1.000000000000000000e+00,1.000000000000000000e+00
5.000000000000000000e+00,1.000000000000000000e+00,1.000000000000000000e+00,1.000000000000000000e+00
4.446031980255680693e+00,1.424144922829374105e+00,3.043304239906714503e+00,3.384206619215647027e+00
3.186927127732419596e+00,1.000000000000000000e+00,1.000000000000000000e+00,1.000000000000000000e+00
4.049028478991120394e+00,1.000000000000000000e+00,1.000000000000000000e+00,1.000000000000000000e+00
4.511533198427802205e+00,1.000000000000000000e+00,1.000000000000000000e+00,1.000000000000000000e+00
4.105736414453987848e+00,1.466000494943397570e+00,3.419383835267904459e+00,3.454649189414173982e+00
4.125300776600298924e+00,1.000000000000000000e+00,1.000000000000000000e+00,1.000000000000000000e+00
2.824172597724333933e+00,1.000000000000000000e+00,1.000000000000000000e+00,1.000000000000000000e+00
4.608089939512375111e+00,1.076656721408715267e+00,3.055348021411746551e+00,3.205441664394772516e+00
3.786306557855694699e+00,1.370098304878272222e+00,2.075106260756257814e+00,3.535648444352438968e+00
1.694077822444834736e+00,1.091908681435326045e+00,2.880279010208533830e+00,4.417318958345832769e+00
3.769479224055630517e+00,1.028621476584975714e+00,3.889488454718949662e+00,3.940286299153299421e+00
3.580728680702952360e+00,1.101343194542891091e+00,3.219983478825460654e+00,4.160216716997143571e+00
4.563152977802463539e+00,1.000000000000000000e+00,1.000000000000000000e+00,1.000000000000000000e+00
3.310039285785514540e+00,1.000000000000000000e+00,1.000000000000000000e+00,1.000000000000000000e+00
3.887493088690786802e+00,1.000000000000000000e+00,1.000000000000000000e+00,1.000000000000000000e+00
2.640247248328164265e+00,1.445469533850721966e+00,3.276384635359066877e+00,3.712501683303339739e+00
4.452070259234965022e+00,1.000000000000000000e+00,1.000000000000000000e+00,1.000000000000000000e+00
5.000000000000000000e+00,1.000000000000000000e+00,1.000000000000000000e+00,1.000000000000000000e+00
3.850797413073811626e+00,1.000000000000000000e+00,1.000000000000000000e+00,1.000000000000000000e+00
2.627330095346175565e+00,1.000000000000000000e+00,1.000000000000000000e+00,1.000000000000000000e+00
1.715993616849255776e+00,1.000000000000000000e+00,1.000000000000000000e+00,1.000000000000000000e+00
2.052158254364726986e+00,1.000000000000000000e+00,1.000000000000000000e+00,1.000000000000000000e+00
2.757836479737474811e+00,1.000000000000000000e+00,1.000000000000000000e+00,1.000000000000000000e+00
4.926372209304011207e+00,1.000000000000000000e+00,1.000000000000000000e+00,1.000000000000000000e+00
4.414663720944757230e+00,1.465988713845032265e+00,2.557436701307727489e+00,3.953481468969911816e+00
5.000000000000000000e+00,1.363506262821587711e+00,3.599564420904597828e+00,3.356489580830397390e+00
3.402061884662793467e+00,1.472104685386051992e+00,4.226983079218818773e+00,3.874967256501313351e+00
4.368453079633518144e+00,1.209158992312050485e+00,4.095593099721012820e+00,3.851526494030937720e+00
4.759568310364670651e+00,1.237090910237343966e+00,3.384754071327372049e+00,2.906533060268648327e+00
3.512947300391947358e+00,1.516482231324431273e+00,2.381978642365045751e+00,3.438206603870809452e+00
4.287772525287301129e+00,1.460674124748305047e+00,2.633249058377591822e+00,3.270519510897503146e+00
4.006366714142927776e+00,1.097108384483258536e+00,2.986251177512365906e+00,3.592268424074144040e+00
4.414922504935663738e+00,1.000000000000000000e+00,1.000000000000000000e+00,1.000000000000000000e+00
3.950268916964989163e+00,1.166508312366566713e+00,3.536603942622276175e+00,2.752990405637156357e+00
4.254391673527314843e+00,1.000000000000000000e+00,1.000000000000000000e+00,1.000000000000000000e+00
3.796698914942799430e+00,1.000000000000000000e+00,1.000000000000000000e+00,1.000000000000000000e+00
3.053984261239588438e+00,1.000000000000000000e+00,1.000000000000000000e+00,1.000000000000000000e+00
3.329558178290690673e+00,1.000000000000000000e+00,1.000000000000000000e+00,1.000000000000000000e+00
2.021104315410562791e+00,1.000000000000000000e+00,1.000000000000000000e+00,1.000000000000000000e+00
4.000055312383747008e+00,1.152327503064384473e+00,3.389703124116643984e+00,4.435291448706648154e+00
2.172419267816776411e+00,1.000000000000000000e+00,1.000000000000000000e+00,1.000000000000000000e+00
3.440077204394512478e+00,1.000000000000000000e+00,1.000000000000000000e+00,1.000000000000000000e+00
1.229816976916957572e+00,1.000000000000000000e+00,1.000000000000000000e+00,1.000000000000000000e+00
5.000000000000000000e+00,1.555161302869464190e+00,2.884307902996203765e+00,4.562754849320816319e+00
3.943285367235124017e+00,1.457443212014416734e+00,2.783011299224880108e+00,4.039557548657499275e+00
