VR1,VR2,VR3,VR4,VR5,VR6
2.605067776868177365e+00,6.998741789237452160e+00,6.351545542781054543e+00,4.100449863155177788e+00,3.012216664744321371e+00,2.586738945162617931e+00
2.302520452845761234e+00,3.181643448117333239e+00,3.547131079582368507e+00,2.067585636683114458e+00,3.194265417137883034e+00,3.210203934598163222e+00
2.010263494486209002e+00,7.591192889003425037e+00,6.642974493212460807e+00,5.788867962265531020e+00,4.718485506565200716e+00,6.104352642964754772e+00
2.787829422651841860e-01,2.626589636826871743e+00,1.066758516857357364e+01,6.405764735240358831e+00,3.411571645599382752e+00,6.050693522373032707e+00
3.225123394533189192e-01,2.701307653072626547e+00,6.582361518410861478e+00,2.609011554479697015e+00,3.262691403236181564e+00,5.496136341624332289e+00
2.821191289176853800e+00,4.472747452404344237e+00,4.662600056048411545e+00,4.829271049777639213e+00,3.245874803924007068e+00,2.946980849919242917e+00
3.889140244543070946e+00,3.112110622035193064e+00,5.468795171575329128e+00,3.393876436005105024e+00,2.006040408183817014e+00,4.480645500396903458e+00
3.210076848894639401e+00,4.870517699386450516e+00,4.830047169983674671e+00,5.146292487120590842e+00,1.983850350124733986e+00,4.425235914767290168e+00
3.260368002851453895e+00,2.428550353281850427e+00,7.485401375497069409e+00,4.858073977894488138e+00,3.828070288185688952e+00,5.852102202093639960e+00
4.228792094083470232e+00,4.611286510552416118e+00,7.803367660856501686e+00,6.364653454634219720e+00,3.004820418334240184e+00,4.759355562649925098e+00
2.896668955231799902e+00,3.274565553337426493e+00,6.353222592849276040e+00,5.082749352237515339e+00,3.532926714114315914e+00,5.146406603559976034e+00
2.319310281846252320e+00,2.150001411113946048e+00,5.035254911583940896e+00,2.154382983032805843e+00,3.266500842438043950e+00,3.989680482783201754e+00
1.817576309795331468e+00,1.788469340252621276e+00,2.529079728458754950e+00,3.218400804291017714e+00,2.022841718962762325e+00,3.641462242052790899e+00
1.286259202211604613e+00,3.163681959546160716e+00,3.918834369695081143e+00,4.640726430306718164e+00,2.734951899751305149e+00,4.007556088768797764e+00
2.623392753068208627e+00,5.397943342641084996e+00,6.665079398839674596e+00,6.139043326250741117e+00,4.699855864357648016e+00,4.222603612256331296e+00
2.375454582876332488e+00,4.653494201538363129e+00,2.555546646715799231e+00,3.690036246380177243e+00,3.448978306687163986e+00,5.406551142396684995e+00
8.705846235554326462e-01,3.292561810712168580e+00,8.421994065101202409e+00,6.200497952365220833e+00,4.268039053624312906e+00,6.109807699628681199e+00
2.993016233355132449e-01,6.003170909190336246e-02,4.870263120770522036e+00,2.767793687501585165e+00,1.859693970171060862e+00,5.089868307531854263e+00
0.000000000000000000e+00,0.000000000000000000e+00,0.000000000000000000e+00,0.000000000000000000e+00,0.000000000000000000e+00,0.000000000000000000e+00
5.742115536592429237e-02,1.762628774734195547e+00,3.605643047764154119e+00,1.481959370399847487e+00,4.226359829514363398e+00,3.986503696424499310e+00
1.837144022746196148e+00,3.841291847132307868e+00,9.290091641819707036e+00,6.024134011558261115e+00,4.383054763552440392e+00,4.089534536791808783e+00
2.905780417878383481e+00,3.493297841073749410e+00,3.093393772879807546e+00,1.487323724263781788e+00,2.800469971934727020e+00,4.564085318744734110e+00
3.324280832781580486e+00,4.332798871487098857e+00,6.976754155099651911e+00,4.629338762131554041e+00,3.777594483936737912e+00,5.512497982890218751e+00
4.347686600876000895e+00,2.724920886024253974e+00,6.065405273184419244e+00,4.418799046248656381e+00,2.889792042301036812e+00,3.288528196309641771e+00
3.737750995570144230e+00,5.968427092418018276e-01,3.793349755932054368e+00,2.801834098571762688e+00,4.249605101165661480e+00,3.153938057863135747e+00
3.547119372268697113e+00,2.835186861195959196e+00,4.725704313953474234e+00,4.395839070509970803e+00,5.264709890677602644e+00,5.556667133982443829e+00
5.223387366009692556e+00,4.121268582523271107e+00,4.978369188584306215e+00,4.576453772009685395e+00,4.121569016725226575e+00,4.457876293032843051e+00
2.628456244031069478e+00,3.043796374012047945e+00,6.916590529916835095e+00,6.090589081790387382e+00,2.188821212197745503e+00,4.735518523710690708e+00
3.636786834500660426e+00,4.611728906522478688e-01,4.922246825320612196e+00,1.621756178512291591e+00,2.552632573398184501e+00,5.909502957238835563e+00
3.153245788299742003e+00,4.371026038106947453e+00,5.619520615440483091e+00,6.655594909050911667e+00,3.125518040842763412e+00,5.243553246096618992e+00
2.568909284279984995e+00,3.926258250421289731e+00,5.632838013984492243e+00,5.109390181723299840e+00,3.518580932813165862e+00,4.460108247395620396e+00
4.462939333994970781e-01,1.154811385104257404e+00,6.860522611714539920e+00,6.173428158598654569e+00,3.944373763582087467e+00,4.934162696545625337e+00
8.285243070868189008e-01,4.093006092999440959e+00,2.535173341234102651e+00,1.801922319207928336e+00,3.493309839287595420e+00,4.675204654692211470e+00
4.340179186188212412e+00,4.300766697136375605e+00,4.809420207558906313e+00,3.630702761708352710e+00,1.513124087923140015e+00,2.324668690538895355e+00
4.499968234734947892e+00,1.874984766734100639e+00,3.265087649239721834e+00,4.092310716123546577e+00,4.200710940056118226e+00,3.561953266763767001e+00
9.007672889355715640e-01,1.542912346523789724e+00,5.015611286718679729e+00,4.562312891869426679e+00,3.475680612253452928e+00,6.570885751741128544e+00
0.000000000000000000e+00,0.000000000000000000e+00,0.000000000000000000e+00,0.000000000000000000e+00,0.000000000000000000e+00,0.000000000000000000e+00
2.729600298245045131e-01,4.706074640641382700e+00,7.050615876738609344e+00,2.195675631796967231e+00,2.957219772299536587e+00,3.990791416443645101e+00
2.148506222838091784e+00,3.426347218990971388e+00,5.702618297029307115e+00,4.091179113512867005e+00,4.518815427369222704e+00,3.777163284567737200e+00
4.394676634616240030e+00,3.651336045061120306e+00,5.614093974804788445e+00,4.413921854287345958e+00,2.625284583185075959e+00,3.543599791506669483e+00
3.343628085620486967e+00,2.972764667910190894e+00,3.702441468208772513e+00,4.526672348057225292e+00,2.141986001151283237e+00,3.637953407291239838e+00
2.263033929797781951e-01,3.913807931022477593e+00,5.322047507727513782e+00,5.048322057159738918e+00,2.072769336068607249e+00,6.732844095255810402e+00
0.000000000000000000e+00,0.000000000000000000e+00,0.000000000000000000e+00,0.000000000000000000e+00,0.000000000000000000e+00,0.000000000000000000e+00
0.000000000000000000e+00,0.000000000000000000e+00,0.000000000000000000e+00,0.000000000000000000e+00,0.000000000000000000e+00,0.000000000000000000e+00
1.876808388293074614e+00,3.274525061457298936e+00,1.699674177261034203e+00,1.648838272076905476e+00,3.236984899866035992e+00,3.115499974184553711e+00
9.828484298496136251e-01,3.494009446318505407e+00,6.566987231293817118e+00,4.988085427379377990e+00,2.743713863119657148e+00,5.037184982289900859e+00
2.234838795271052003e+00,5.057600138697960546e+00,5.682261797570424378e+00,3.722571707771691329e+00,1.591727529022521903e+00,4.761125634006377005e+00
0.000000000000000000e+00,0.000000000000000000e+00,0.000000000000000000e+00,0.000000000000000000e+00,0.000000000000000000e+00,0.000000000000000000e+00
3.149630386618066158e+00,3.377032118939131244e+00,3.881076327819797278e+00,4.290228588434749746e+00,2.329079207432516618e+00,3.127087804434596663e+00
4.205665356827730683e+00,2.156837613015677224e+00,4.742566824040659768e+00,4.292599481307997067e+00,2.330342277254751515e+00,2.067129617562277755e+00
4.949106375670160318e+00,2.601103011364929163e+00,4.426518637230087982e+00,2.940810003970631747e+00,1.660826957850410457e+00,3.477651804251784551e+00
1.632990673387628267e+00,2.715035583403420105e+00,5.673626932070614082e+00,3.678864508393939747e+00,1.883920731251042646e+00,5.832464042407072391e+00
1.473453556612245974e+00,1.878934536377675268e+00,6.673773249562254151e+00,4.239928556313058650e+00,1.802080152245891576e+00,4.787395682446295098e+00
2.151616485137193724e+00,3.495756621235578621e+00,4.884758101035864719e+00,6.006557341306196562e+00,4.024103736465563408e+00,4.266366680732179617e+00
2.468085226472075622e+00,3.962464111413720680e+00,4.342921124187452797e+00,2.623796779767313403e+00,3.709244751923298278e+00,3.994362379776786209e+00
2.710511153579973076e-01,1.566790619132367501e+00,5.182907553282553259e+00,3.630074108704571589e+00,4.130365952128102869e+00,4.131695571228253705e+00
2.462487421419461420e-01,2.410468927907445380e+00,3.734272506400286407e+00,1.999120496519882551e+00,2.072755166680384065e+00,4.192373974388533320e+00
2.288791390712058504e+00,1.434121584971153496e+00,3.947820768829761739e+00,3.096731307645615772e+00,3.461207865253217886e+00,2.964892780845691966e+00
4.512346791843592442e+00,3.908227321754217165e+00,3.966922375990634908e+00,4.178472103541809091e+00,4.162704003839614586e+00,3.375741671887767748e+00
6.064582823850749094e+00,3.823440800201096668e+00,3.527841341765727279e+00,4.771288042393418749e+00,2.393281455090539911e+00,2.734770020786558398e+00
3.239674007819437040e+00,3.966888312201137801e+00,4.305743799938072769e+00,6.140165895890550729e+00,2.927642157912924148e+00,6.629673951666649856e+00
1.486878876935843863e+00,2.947183518622268128e+00,7.871990166676868128e+00,5.788063149144367259e+00,2.595110257102192897e+00,4.985613269764182398e+00
1.687148657156544385e+00,1.901405141077147309e+00,4.461873389462707173e+00,6.178160180179732563e-01,1.823482395965732028e+00,4.827951208133496763e+00
2.539683298646778553e+00,3.368539368892295993e+00,5.401031779101936436e+00,4.594320730347576820e+00,2.615636762146466232e+00,5.030982220127562243e+00
2.381204220107825176e+00,3.328658472653298617e+00,5.662362848551668826e+00,4.397413353975390571e+00,2.754660199518935038e+00,6.059218162150183495e+00
1.346389879361212127e+00,2.550493568111567022e+00,4.799466002237183559e+00,3.744718173568385655e+00,2.672943997830932172e+00,4.613871308409459360e+00
2.229459993183753319e+00,4.622899794611535107e+00,5.694940390908912242e+00,3.503510426413407597e+00,2.714360146657647466e+00,5.649488441325826393e+00
2.346554218794788760e+00,1.968428031696275227e+00,5.776696050384368064e+00,2.499453087435222098e+00,3.858895965676710560e+00,3.834321418558357841e+00
2.091791221115701926e+00,1.526239738629695752e+00,5.646513052936351862e+00,5.888197446507048127e+00,3.952009439451002581e+00,5.855727066608716669e+00
2.234541985851909551e+00,3.701556594282791490e+00,5.612974098446251503e+00,4.479983228608430679e+00,3.484707677643751556e+00,4.480843850654024685e+00
9.831931571075192000e-01,2.972971953023868963e+00,4.631949793744523092e+00,2.663050114553047187e+00,3.627159320912586082e+00,3.668168029173616951e+00
2.782935532253759892e+00,2.866974958614587621e+00,3.996984239643122550e+00,2.748206942387049434e+00,1.202043677159388757e+00,2.910225621754710890e+00
4.299056467998258135e+00,3.700705809687810710e+00,3.429437514769423601e+00,4.897717538856938724e+00,2.889235161992464995e+00,3.837479546805908193e+00
4.645708982755561323e+00,2.009424993289749217e+00,3.037069569011555892e+00,2.827712396335442246e+00,3.351654638526953445e+00,3.952354244965960994e+00
1.973897179920448108e+00,5.020299270480650833e+00,5.233064250352186697e+00,6.966223454610558363e+00,3.216008901698271139e+00,4.704709502900930040e+00
3.272011108185326478e-01,1.097930671484927734e+00,5.494428979286591463e+00,2.391230588560986359e+00,1.493495758890790892e+00,4.706675068287635710e+00
2.172245217778603799e+00,1.501574138291413396e+00,1.796836461669772511e+00,2.112084829375308281e+00,2.775104568027125129e+00,1.253035825943543902e+00
3.182599431813920798e+00,3.532988445862896842e+00,4.738504938221405283e+00,6.744953657983109530e+00,5.508990245187447954e+00,3.418517801550540192e+00
2.254271573684648367e+00,2.836796516918052458e+00,2.389726074662763544e+00,5.284338039602069159e+00,4.151247560086437360e+00,2.287878845308358056e+00
2.523991766101392642e+00,1.381119817263238403e+00,3.008375403184303298e+00,2.592725095983504424e+00,2.744011582152062090e+00,2.765372840274153088e+00
3.293227320220460719e+00,4.529366635396047336e+00,4.856585984903313502e+00,4.899288058998989115e+00,3.509401449084437186e+00,3.376666531334048038e+00
3.059433952810303836e+00,8.689254761598634857e-01,5.331242057136392987e+00,3.984646190161057699e+00,4.333200199675143693e+00,6.059935082003645057e+00
3.293825520969816623e+00,2.882914078936513302e+00,5.029910899435209082e+00,3.082323198632049177e+00,1.158073776727263304e+00,3.779960739385349822e+00
1.211316310716197497e+00,5.575514962874644098e+00,7.503297284360767705e+00,5.832057132302196578e+00,3.352909735601290464e+00,5.774499850956458680e+00
2.716800401272718268e+00,4.824573066317260128e+00,8.067256835604757370e+00,4.017568120284274791e+00,3.041374971227946311e+00,6.546883062534630149e+00
2.545958896682479988e+00,4.129178667994271912e+00,7.827224331496211107e+00,5.992585498505645702e+00,3.571845215243673266e+00,5.532478318386199412e+00
1.886717330791854774e+00,2.699256792195489307e+00,5.688752441399421045e+00,5.185998490719382126e+00,2.587462639076809179e+00,4.643923560831794362e+00
2.263948552419200233e+00,2.644146608834493595e+00,3.945384394730067967e+00,2.284400227583364362e+00,3.214816178083199194e+00,2.641434423356873840e+00
4.073388021221227895e+00,4.353712990357841761e+00,3.107969417327945294e+00,4.625857539074688773e+00,3.781729291033996354e+00,2.020669788108572007e+00
4.301796817075459245e+00,3.003050590342064563e+00,4.700681987201935641e+00,5.625811770926254951e+00,5.161437748474948073e+00,3.033900380504927163e+00
4.736146829977180062e+00,3.570022114541023139e+00,3.294656189180730443e+00,5.032882695412997265e+00,2.171544991554922088e+00,4.119275054645672896e+00
2.768196422725567984e+00,4.845571789510228378e+00,5.094963494093555312e+00,4.366410622412982612e+00,6.996046085239413515e-01,3.767886266872769951e+00
1.935144105163430606e+00,3.859057272052797138e+00,7.542578782398816628e+00,7.526687922999254710e+00,4.242685248148578836e+00,3.960608515724361123e+00
2.977445920686631275e+00,3.565402054093087525e+00,4.973094506601451137e+00,3.732032685767362690e+00,2.863522936137225194e+00,3.615049349876805707e+00
2.015705517990911133e+00,3.755177697079658206e+00,5.343191774482109579e+00,5.449710018088805619e+00,2.734542556772567856e+00,4.455485363205216487e+00
3.726741930877788711e+00,2.871961776338635808e+00,5.398039107837408146e+00,3.435458594317356784e+00,2.924288468061999602e+00,3.478533184566157122e+00
3.163653828211741015e+00,3.472175512692647459e+00,4.657337603711346752e+00,4.497588477821762964e+00,3.086259479310201392e+00,5.035852021658956623e+00
2.782454692059755708e+00,4.959964069516867191e+00,7.358127006529970870e+00,7.184964234844635200e+00,5.474145853389716265e+00,4.227097535648091764e+00
3.224320519724222400e+00,1.321959962111961318e+00,3.304184779310475939e+00,5.519773635644491527e-01,2.202606013699355270e+00,2.682735705905045620e+00
4.178336381892182594e+00,4.509788682586767905e+00,6.342719235941736144e+00,6.225625796241684995e+00,4.673239689217499659e+00,3.760721382471152285e+00
3.521246053574043966e+00,4.071227417691451578e+00,7.090577553701352898e+00,5.699298092680958661e+00,3.751115277382798485e+00,4.527208064560478640e+00
5.509251114347035738e+00,1.570687079136445563e+00,5.414183856054375354e+00,2.378757773809516252e+00,2.596599203483587193e+00,3.322320387260710106e+00
3.948771049579820058e+00,2.265557242796239823e+00,4.448776146051542923e+00,5.994451787462610426e+00,3.940954143528589526e+00,4.130174040737899510e+00
4.824672463617559082e+00,3.737182242897575168e+00,4.786612851440914973e+00,4.417347973484839763e+00,2.773523460621894365e+00,5.359697202805621785e+00
3.757277344819997200e+00,9.352654177409416292e-01,5.196067710101563542e+00,3.331710228961211939e+00,1.162504969179203762e+00,4.109828697006457254e+00
3.373937910062652534e+00,3.469140446700591518e+00,6.871247107123152453e+00,5.811319412054236189e+00,5.229083371198717245e-01,5.965818157828801205e+00
3.140498375257849695e+00,4.252827701010469141e+00,8.178580815918653713e+00,5.538681804229089956e+00,6.209272065190174494e-01,4.272922323797604172e+00
1.885769250428727339e+00,1.777655720166504194e+00,2.710022917805102516e+00,2.255048727937422726e+00,3.635829992882291251e+00,4.276693939012145229e+00
2.157507938488307353e+00,4.174283490281107234e+00,1.235086253670731438e+00,1.167224369597127165e+00,9.226272326171449656e-01,4.436597940826870534e+00
1.477526064050210808e+00,1.544298394203706293e+00,5.044067215731039333e+00,1.657203858901147964e+00,1.763264098011974479e+00,2.459202193930342784e+00
4.656655164270766534e-01,3.704986291853896496e+00,4.537015289755264469e+00,3.900529185767099172e+00,3.720981996115124701e+00,4.682098354887684444e+00
0.000000000000000000e+00,0.000000000000000000e+00,0.000000000000000000e+00,0.000000000000000000e+00,0.000000000000000000e+00,0.000000000000000000e+00
2.301885619104738101e+00,5.932654008924867384e+00,3.973650467941315600e+00,4.260275262353493630e+00,3.938383104814332292e+00,4.450640629307859086e+00
2.459303692341545666e+00,5.190906519108059669e+00,6.054889798671265311e+00,6.591877522867905626e+00,5.475659177414479828e+00,4.913053110080808139e+00
3.735596402936840477e+00,3.871654765171115287e+00,5.948325210153418752e+00,4.137914868967710547e+00,2.922628365393648231e+00,4.955351559091361935e+00
3.668985538423636505e+00,4.662844801457318944e+00,8.521591229386421773e+00,6.510242637708393509e+00,2.693632619562531083e+00,5.890442081446276568e+00
3.429221210064713254e+00,3.541460531894913721e+00,6.288616538783875498e+00,5.882320983027611305e+00,2.096054072845871197e+00,5.989071173225026357e+00
3.347561952948762354e+00,3.498769978112571621e+00,5.417623088378701546e+00,5.049524777569828871e+00,3.280359875759304877e+00,3.523256687507160922e+00
5.474842812381448098e+00,2.966823523891159997e+00,4.545335412896902127e+00,4.934677648718018617e+00,2.454130231847361898e+00,2.476603669571528776e+00
5.066534577402750372e+00,2.878334580577970758e+00,5.444869606538790485e+00,5.790443821843045846e+00,2.334669076044963099e+00,3.014682846998297361e+00
3.392435240136667751e+00,2.073867083879564088e+00,2.035242642278528802e+00,2.618120744167933722e+00,1.106370015093705028e+00,3.652412274771761336e+00
3.557664003754434923e+00,4.049881786918355431e+00,5.064657247876374058e+00,4.727551940295800392e+00,3.795871087325387805e+00,3.868339545822267134e+00
3.640758037198923880e+00,4.506404857953945076e+00,7.340577600011198633e+00,6.336977315930137244e+00,4.082151967329258113e+00,4.412876834410986326e+00
3.492070912455321974e+00,1.852905373788003462e+00,5.690535043378238456e+00,3.684363095324719950e+00,3.222913267727532283e+00,4.800817629760981475e+00
3.003645901095615578e+00,4.621484135658965542e+00,4.055473673476495122e+00,4.149002637742102095e+00,1.591321842606842063e+00,4.883808494650819121e+00
0.000000000000000000e+00,0.000000000000000000e+00,0.000000000000000000e+00,0.000000000000000000e+00,0.000000000000000000e+00,0.000000000000000000e+00
2.910454332790808785e+00,5.388723569246765877e+00,7.196803847977601087e+00,6.050513888798047191e+00,2.847965431980154172e+00,2.358576020278659868e+00
3.139030872256901805e+00,4.645543461877260860e+00,6.139759106060109772e+00,3.764705010494034276e+00,2.897728192331017638e+00,3.554246812115152920e+00
4.185449436974941761e+00,3.780841812065785401e+00,4.896016751321397464e+00,4.571676771267595640e+00,3.864391231018740491e+00,3.352933428103615832e+00
3.960410595533037537e+00,3.591495456895540617e+00,5.843646126627851878e+00,6.883418346926811537e+00,5.422912318799756548e+00,6.191869152403310927e+00
3.366895599384430504e+00,3.976032239999676143e+00,4.089825746764153003e+00,5.073049048198622124e+00,3.862202130337363926e+00,5.749184361619608552e+00
2.797738366689561662e+00,3.578380538097809094e+00,5.667579784236890461e+00,4.379902602869073291e+00,3.575376534282403984e+00,4.097532036502345321e+00
1.351655752153650081e+00,1.359109814732966326e+00,7.126383593661044458e+00,4.571580102092099196e+00,3.528703212288464286e+00,4.814021523752467502e+00
1.683461025976656256e+00,2.648475075678828006e+00,4.506170038656368781e+00,2.988289115309543220e+00,3.078570269702001205e+00,4.325305395795691510e+00
2.303976573673990114e+00,4.642699760740239157e+00,4.645276003872481851e+00,4.721567595054402489e+00,3.604185195510480888e+00,3.310462188271941386e+00
3.087469036016734947e+00,3.730547148727250129e+00,6.216981964645857062e+00,5.559311625502206589e+00,2.800205479780500717e+00,2.695356094611370157e+00
1.900712392995656863e+00,3.069301543274909783e+00,3.996389236040061466e+00,3.965080507849043201e+00,2.140408288416174809e+00,3.396155687854454541e+00
2.042944136964147006e+00,2.619757667475267393e+00,2.692988397996647798e+00,5.485926550702188820e+00,5.358918745363403069e+00,3.164154959779818199e+00
4.251954987530567109e+00,4.789462924613768102e+00,3.155542844431758809e+00,5.258117829806550070e+00,4.933808108327635722e+00,2.214590702417917445e+00
1.587206147662998834e+00,2.458580100241524846e+00,7.589121209391951339e-01,4.208786288694295052e+00,4.081591507749552150e+00,3.153480493422799569e+00
3.098081550841848220e+00,1.886013660720192497e+00,2.260039659742662188e+00,2.283261062086460846e+00,3.535924277342150646e+00,2.340065130311803188e+00
2.464626769580010812e+00,1.838975975008603658e+00,1.946202334308959614e+00,2.690677653195525210e+00,1.693848037121778560e+00,2.140848887358533403e+00
1.621543211404374851e+00,1.526782054788562437e+00,2.335362480582578115e+00,2.939836965885191056e+00,3.289447883903221737e+00,4.174230282144985260e+00
2.222073203419085097e+00,3.108030355289526980e+00,6.660511029569687658e+00,4.426982606397880993e+00,3.456453334518483800e+00,3.210114234602098104e+00
0.000000000000000000e+00,0.000000000000000000e+00,0.000000000000000000e+00,0.000000000000000000e+00,0.000000000000000000e+00,0.000000000000000000e+00
0.000000000000000000e+00,0.000000000000000000e+00,0.000000000000000000e+00,0.000000000000000000e+00,0.000000000000000000e+00,0.000000000000000000e+00
3.143449542913145933e+00,3.696316639941558790e+00,4.012218609390741264e+00,2.428104515631113181e+00,1.592423976909874916e+00,3.326746431058532405e+00
3.484851561063239345e+00,2.648425251952243986e+00,5.177921381738316065e+00,4.102219838271983221e+00,4.583585070461673183e+00,2.823821120078210178e+00
2.964245088168003583e+00,3.950758624330667601e+00,4.993743083105205649e+00,3.870961755037698016e+00,4.908639149998786699e+00,3.436524368359335391e+00
2.245850680223007600e+00,1.938808573211655339e+00,5.088975504244074521e+00,4.428508888989015624e+00,5.971709919414053047e+00,3.790454133284584248e+00
