VR1,VR2,VR3,VR4,VR5,VR6
3.862884457752782552e+00,1.682304106422768175e+00,5.054452542305124751e+00,3.099551832399618068e+00,3.159606235692166365e+00,4.883956426185408262e+00
2.738759997185665984e+00,2.308216334329525221e+00,4.884741640574170596e+00,2.557115882079363800e+00,2.156200464010050055e+00,5.510831462809555603e+00
1.430415473732187470e+00,2.462456536069878243e+00,7.024600827948818349e+00,2.685982947126542619e+00,3.850312285918937150e+00,6.305197389332660052e+00
1.679570351216328250e+00,4.382664853267458582e+00,5.074076801747521515e+00,8.850814685051755504e-01,2.161700312632178544e+00,5.912772806638668222e+00
0.000000000000000000e+00,0.000000000000000000e+00,0.000000000000000000e+00,0.000000000000000000e+00,0.000000000000000000e+00,0.000000000000000000e+00
0.000000000000000000e+00,0.000000000000000000e+00,0.000000000000000000e+00,0.000000000000000000e+00,0.000000000000000000e+00,0.000000000000000000e+00
2.152610048708201163e-01,2.731797782899450855e+00,4.658906236462102335e+00,4.370107753253712701e+00,1.712936447171555354e+00,3.635905921136256325e+00
1.574347553776889397e+00,4.609676526866163471e+00,3.438700832828731180e+00,4.569408211518720009e+00,2.012835644734084717e+00,5.290279953788061817e+00
1.301439854781159422e+00,5.228732882259940595e+00,3.933286864838041907e+00,2.785718774278410415e+00,4.196527363896119134e+00,2.858129012777939515e+00
2.112900553012135418e+00,5.426750548091485271e+00,7.837084524851713141e+00,3.278058416350033255e+00,6.033706329281678826e+00,2.444239096476749751e+00
3.733676418582437595e+00,7.865844703225395307e+00,1.291993884885592081e+00,6.449372077427200090e+00,2.620171845525122389e+00,1.611306888848002217e+00
3.210833144756166213e+00,3.280180373357429069e+00,9.755229833745532986e+00,5.137332705286883794e+00,4.645029844609870118e+00,1.291718543118882234e+00
9.175650213326802529e-01,3.460090352123341706e+00,1.666363304264666390e+00,5.620483008024956817e+00,3.482562436591158050e+00,2.232364346403413968e+00
1.753759145894852711e+00,3.458955434503559356e+00,8.776209510772293498e+00,5.982496611122448904e+00,4.110118057205218278e+00,4.016232615501290404e+00
3.271084725994950482e+00,4.225310873209333629e+00,1.154824982387113952e+00,5.454385844031172326e+00,2.864066370309931386e+00,5.513458802903459244e+00
2.433457128670597491e+00,2.337229975792085135e+00,6.724904069323395461e+00,5.037826325725993648e+00,5.730868809953953757e+00,5.999087982884670822e+00
2.779845975107570144e+00,6.511664755071611133e+00,5.768916945849026590e+00,6.104878599949843831e+00,5.372769271918143019e+00,5.190511315536426196e+00
5.864794193152729207e-01,4.637129298470539673e+00,5.418381918217209048e+00,2.118746545537024240e+00,3.011840488257319759e+00,2.647405654896307858e+00
0.000000000000000000e+00,0.000000000000000000e+00,0.000000000000000000e+00,0.000000000000000000e+00,0.000000000000000000e+00,0.000000000000000000e+00
8.751480022863780128e-01,3.782378179371573612e+00,3.870463070765401525e+00,2.341141975304245726e+00,2.665128717995237650e+00,4.547525421884750507e+00
2.288667498305000603e+00,2.880252682110707507e+00,5.810982544268242123e+00,2.808631940931140658e+00,4.913443297703368629e+00,2.559945920357477256e+00
3.198846578422060993e+00,2.666226979828598687e+00,4.246014586507174116e+00,2.859902147437593189e+00,4.053896566431127724e+00,3.911326169810659614e+00
2.670027484601282364e+00,3.706192309176415733e+00,6.080199555619704377e+00,3.657001856598565581e+00,5.392692048859752951e+00,4.190919452723402827e+00
5.443762089942332238e+00,4.554280940579810810e+00,4.831209890562279341e+00,4.035304328858934753e+00,3.198910224553722426e+00,4.241384045041446171e+00
4.904122540895713200e+00,3.293195344171393035e+00,4.908670258047981072e+00,3.420285574115901284e+00,5.198065743038951858e+00,5.116501841240642889e+00
2.044507073876662862e+00,2.385214413935471178e+00,3.479375392711113957e+00,6.828691309696668377e+00,4.110643096182213796e+00,3.812163533626025558e+00
3.745451975083392782e+00,3.939733484523164631e+00,5.546610911410994049e+00,3.448647190352498004e+00,4.505610270522376837e+00,5.211619809851054441e+00
1.525703262632910118e+00,3.442696124076272568e+00,3.174636180530615803e+00,5.154407296110679937e+00,1.895924161058280433e+00,3.543930275718047973e+00
0.000000000000000000e+00,0.000000000000000000e+00,0.000000000000000000e+00,0.000000000000000000e+00,0.000000000000000000e+00,0.000000000000000000e+00
1.718832694434517805e+00,1.850313210047071166e+00,6.222672647221109798e+00,4.553584502544555157e+00,4.199984153142225729e+00,5.390280853981918696e+00
9.362769462925883968e-01,2.143973799586351259e+00,5.221704252442874505e+00,2.842230751406978229e+00,2.205035478519532965e+00,5.902170353606179809e+00
1.372607035609879178e+00,2.397210942815924284e+00,3.683345124327518150e+00,5.057966158987141192e+00,1.709225134198473661e+00,4.720582389212124141e+00
1.298026031078377773e+00,3.661543457671374568e+00,6.745262791912439049e+00,2.743000145672145340e+00,4.290915810590311352e+00,5.117210277124208950e+00
4.436161477923561414e-01,1.324110666481371767e+00,5.679070940074923968e+00,3.212746518546573338e+00,3.922668112977093280e+00,4.961490327325044802e+00
9.292114015369641322e-01,3.791533232939614528e+00,1.765619501783072032e+00,6.067253015616341116e+00,5.324511846796820436e+00,5.391308646903165247e+00
7.069408673135804122e-01,2.025071665612860894e+00,6.320998876548715728e+00,3.410177776596651888e+00,4.698935387053744250e+00,4.639392004247220314e+00
2.713446025219128366e+00,1.337156407233371036e+00,5.625703391344794468e+00,4.503079226754494790e+00,1.957891895812709837e+00,3.625999655742962346e+00
1.825427594466580983e+00,1.580963547726933704e+00,3.129079617674171754e+00,5.170346248475515161e+00,3.296384505504041051e+00,2.699217824418650657e+00
2.206841529784446809e+00,4.860459019013732451e+00,4.741354921135563671e+00,4.645965855899476971e+00,4.769430131919250471e+00,5.072598842298432942e+00
7.833150268453157317e-01,5.127854811336725938e+00,7.822232343675163513e+00,4.099201578144318070e+00,3.100347418517393372e+00,6.497041033701166590e+00
8.147741551396725512e-02,3.276307293741402837e-01,7.602033350371009135e+00,4.168960806770460437e+00,2.630248246190263650e+00,4.177762058907535270e+00
6.331770102992446692e-01,2.145663755305244891e-01,5.058941784210650106e+00,3.222408360360479840e+00,9.614825384640717232e-01,4.507919785741196783e+00
0.000000000000000000e+00,0.000000000000000000e+00,0.000000000000000000e+00,0.000000000000000000e+00,0.000000000000000000e+00,0.000000000000000000e+00
1.957580177954812761e+00,3.257131892433104525e+00,7.047993060591833725e+00,3.675826171642679885e+00,1.627943601565634335e+00,7.089967345866413417e+00
1.107014959955723299e+00,1.625579452457720508e+00,7.475262207535599224e+00,4.102677308545869650e+00,2.879557948700595560e+00,6.226769587998061795e+00
0.000000000000000000e+00,0.000000000000000000e+00,0.000000000000000000e+00,0.000000000000000000e+00,0.000000000000000000e+00,0.000000000000000000e+00
3.102754038443338302e+00,3.693530366953798882e+00,7.502916578569287509e+00,3.351220803067852749e+00,2.375325812502359302e+00,5.389628536608847220e+00
1.329879365278275660e+00,3.668689857213863537e+00,3.053753993028308411e+00,4.366330732943511705e+00,3.513110766126428253e+00,4.942625122188106346e+00
0.000000000000000000e+00,0.000000000000000000e+00,0.000000000000000000e+00,0.000000000000000000e+00,0.000000000000000000e+00,0.000000000000000000e+00
2.332223310232620417e+00,4.353399814034129456e+00,3.207807197303873981e+00,3.212980366164404966e+00,2.135267735536389822e+00,4.669735314644515078e+00
3.082431289288350307e+00,2.143646228137723320e+00,7.148695858423397276e+00,3.615366021800658469e+00,2.664598708316861853e+00,4.133388065147524770e+00
1.234871820938062470e+00,3.947385573856186269e+00,1.204066654048050911e+00,5.817177456317352835e+00,2.729800489097748972e+00,4.875016862985524391e+00
8.609413158695282675e-01,3.801239227343255589e+00,7.056212031929139705e+00,3.499425693998238440e+00,5.459003636975081619e+00,3.529761976264538248e+00
6.618862874541830976e-01,5.660448131981934417e-01,4.519032848955077064e+00,2.951689308695153446e+00,2.525572491514403772e+00,3.824571115105634522e+00
2.657216124458465778e-01,3.744861917383692340e+00,6.359199070905204643e+00,4.989695667793625056e+00,3.240284962895907395e+00,4.278442774571264096e+00
2.318802151032680836e+00,5.225429203049543503e+00,2.980641340776015280e+00,2.090011804102521076e+00,3.108323207913370467e+00,3.753834310082249548e+00
3.357350432032747634e+00,2.553619114975973048e+00,5.958397961144466848e+00,3.557542926220283341e+00,4.129579842769851794e+00,3.306804896155278062e+00
2.022035043596327242e+00,3.942324894811275016e+00,4.003455050772355861e+00,5.794696863698197475e+00,3.452456382904918186e+00,4.080915179158424166e+00
1.154336348662682976e+00,1.522558364224939620e+00,3.961226132300538438e+00,3.068191482106101375e+00,4.556784950868966177e+00,2.564824215390067330e+00
0.000000000000000000e+00,0.000000000000000000e+00,0.000000000000000000e+00,0.000000000000000000e+00,0.000000000000000000e+00,0.000000000000000000e+00
0.000000000000000000e+00,0.000000000000000000e+00,0.000000000000000000e+00,0.000000000000000000e+00,0.000000000000000000e+00,0.000000000000000000e+00
0.000000000000000000e+00,0.000000000000000000e+00,0.000000000000000000e+00,0.000000000000000000e+00,0.000000000000000000e+00,0.000000000000000000e+00
0.000000000000000000e+00,0.000000000000000000e+00,0.000000000000000000e+00,0.000000000000000000e+00,0.000000000000000000e+00,0.000000000000000000e+00
1.063865659662361907e+00,2.185760392257622087e+00,3.027236853693842100e+00,3.652407308375885897e+00,2.733261430397520897e+00,9.358564130555921956e-01
8.924464814514310174e-01,4.865131785658095787e+00,3.642207002012951556e+00,4.009161132611998468e+00,2.459041565764119142e+00,3.984565422001864476e+00
1.286152011795383743e+00,3.757902823869240017e+00,5.003013129827524885e+00,5.607867683226579025e+00,1.616300815688597181e+00,3.540244411220528242e+00
1.259985332492958854e-01,4.930208222984329147e-01,5.667738872744685352e+00,2.537407452666908370e+00,2.247708982753215956e+00,2.252228194880300904e+00
6.607901603981145566e-01,4.285954966260289822e+00,3.232361035412996131e+00,3.189743062462274015e+00,2.986056938868909771e+00,3.711783474943969985e+00
0.000000000000000000e+00,0.000000000000000000e+00,0.000000000000000000e+00,0.000000000000000000e+00,0.000000000000000000e+00,0.000000000000000000e+00
1.235349203013357933e+00,2.201843727577624144e+00,5.247853670870292753e+00,2.940118113013562073e+00,1.750173522812999316e+00,3.465099109166179581e+00
0.000000000000000000e+00,0.000000000000000000e+00,0.000000000000000000e+00,0.000000000000000000e+00,0.000000000000000000e+00,0.000000000000000000e+00
0.000000000000000000e+00,0.000000000000000000e+00,0.000000000000000000e+00,0.000000000000000000e+00,0.000000000000000000e+00,0.000000000000000000e+00
7.122222238881046330e-01,1.361052909726954141e-01,5.049029881915066298e+00,2.256193858748019032e+00,5.572456229730778254e+00,3.249028357608983786e+00
6.408421175190812669e-01,3.663556584308167885e+00,3.892853715533018288e+00,5.279643561096142079e+00,6.335544945712291209e+00,3.870010563142421312e+00
2.780187584809112877e+00,2.898057100794077634e+00,7.709751199989006487e+00,3.621246046105740746e+00,4.865400268003635453e+00,2.791719830162858962e+00
