VR1,VR2,VR3,VR4,VR5,VR6
3.283039113279007548e+00,4.108536045138298398e+00,4.012397138795368967e+00,4.656113811987584228e+00,4.533041387617960716e+00,3.176616127982522464e+00
3.583288947854866624e+00,3.840012580256133568e+00,3.855401507792946436e+00,4.566959922439854935e+00,3.066022695249655428e+00,3.018837740647697387e+00
0.000000000000000000e+00,0.000000000000000000e+00,0.000000000000000000e+00,0.000000000000000000e+00,0.000000000000000000e+00,0.000000000000000000e+00
4.247374397149727088e+00,4.215055679890407525e+00,2.236057428029149641e+00,3.510186091600351332e+00,2.751114623789707281e+00,2.812994549528086807e+00
3.509536602470491040e+00,5.719816570968053959e+00,5.489743958851268424e+00,6.264411398036332734e+00,2.977554108287070012e+00,4.922862439890451469e+00
0.000000000000000000e+00,0.000000000000000000e+00,0.000000000000000000e+00,0.000000000000000000e+00,0.000000000000000000e+00,0.000000000000000000e+00
4.079674955581193529e+00,5.815021242653894085e+00,3.203535971677340832e+00,3.946511529073900348e+00,3.419620759301375656e+00,4.136746228511684720e+00
2.759337245253862925e+00,2.667261803841630918e+00,7.922264563949345195e+00,5.188666271325446111e+00,5.026588051374064392e+00,6.385578106522991071e+00
8.187369679555922541e-01,2.802955806353288892e+00,6.215460977997972591e+00,4.274968891380943603e+00,3.283385469619206187e+00,2.577677850663514736e+00
1.367631733139923256e+00,2.741523084729705850e+00,5.640937520218439083e+00,3.223491568579976096e+00,1.895762105112750007e+00,2.917641924962985911e+00
1.960861585443858912e+00,3.885104643982443484e+00,3.759088002252936267e+00,5.501688472825601472e+00,3.865381044589316861e+00,4.811969677234291254e+00
4.165219027786946526e+00,3.938006453436286858e+00,6.537113570313495714e+00,5.676902115298021911e+00,5.365037532703563983e+00,5.810125911332990611e+00
2.764637436411565563e+00,9.232205817889171939e-01,5.060525170666308803e+00,4.160104125124282071e+00,2.476902995250121808e+00,4.584713999193782641e+00
3.075794218297544624e+00,3.202537529189194654e+00,3.953148039563338045e+00,4.645660792497493752e+00,3.213812086823701897e+00,4.528856565859209482e+00
2.364143760083710966e+00,2.808999220533875629e+00,7.811980981121681822e+00,4.617176890541181855e+00,3.955558631068782915e+00,5.538586447328925466e+00
0.000000000000000000e+00,0.000000000000000000e+00,0.000000000000000000e+00,0.000000000000000000e+00,0.000000000000000000e+00,0.000000000000000000e+00
1.681435068756178985e+00,4.390635499836303524e+00,2.873225343197196135e+00,2.127232695144053665e+00,2.799478425027706052e+00,5.549463580128198181e+00
1.007001494189621926e+00,4.216715753487289220e+00,8.330946214361647506e+00,5.829374283456566275e+00,2.619936889887122256e+00,7.037169551467298945e+00
2.157973584828098090e+00,2.823103983026962638e+00,6.085521057522976562e+00,4.388994301049228497e+00,3.535518635548668076e+00,3.970622903301845419e+00
0.000000000000000000e+00,0.000000000000000000e+00,0.000000000000000000e+00,0.000000000000000000e+00,0.000000000000000000e+00,0.000000000000000000e+00
3.610933090330486372e+00,2.469162506555139913e+00,2.982108683826079520e+00,4.863990249284465328e+00,7.136555132728762629e+00,3.073623773314573704e+00
5.446979816056169099e+00,4.457083228468757596e+00,4.699706554797844049e+00,6.005226957604918425e+00,5.934970208846229944e+00,4.840457989020180207e+00
0.000000000000000000e+00,0.000000000000000000e+00,0.000000000000000000e+00,0.000000000000000000e+00,0.000000000000000000e+00,0.000000000000000000e+00
3.442983681779987037e+00,6.924880483001473408e+00,2.912805435117299613e+00,2.362217374142141502e+00,1.029414691049461261e+00,3.713348073583150111e+00
3.192045559684271616e+00,4.015529676983395468e+00,4.911692035420768931e+00,4.890607802928501613e+00,2.372596672983305233e+00,5.158169366250116461e+00
3.049786426937064032e+00,4.823838151676168806e+00,4.129154351198438100e+00,5.396904446390879961e+00,3.323362255103516905e+00,5.588159231478607047e+00
3.067062209606670642e+00,1.443161351968671013e+00,8.448991968154755838e+00,5.395124080293768998e+00,3.437594728658354359e+00,3.888624023575674826e+00
3.286466782420281341e+00,2.124719052415894094e+00,3.995877923379719476e+00,2.675340168186927770e+00,4.309422285007877385e+00,1.500585070990580139e+00
1.441329258637864097e+00,1.976158751556780668e+00,3.923221327363338062e+00,4.698399376565081553e+00,5.729939171925149566e+00,5.902023691221112145e+00
4.245915874989173666e+00,2.831374069617700773e+00,4.632318409094255074e+00,3.664580962950053866e+00,5.711703570152693921e+00,5.946644771670129614e+00
1.875324790358769755e+00,3.047745851840201858e+00,4.862122482667463608e+00,3.471569425379764873e+00,4.376415118207268584e+00,4.724049511424494696e+00
8.667541645023841834e-01,2.637569747995208491e+00,5.058608113592443445e+00,3.485853187756458027e+00,4.746348165721557599e+00,4.565288631153125998e+00
2.645146698717004696e+00,3.775747425495399323e+00,3.781521536877932022e+00,4.757763972938035657e+00,4.947732070709125018e+00,4.550178828764143368e+00
1.723887489690291153e+00,3.747570743138686211e+00,5.259187429311758422e+00,1.838414676195575748e+00,1.913413494398322978e+00,3.880271515861611675e+00
2.520266451009159692e+00,4.953343000219591730e+00,8.257391019694429346e+00,6.202042548585026793e+00,9.388083450580499978e-01,3.654564419582780666e+00
2.591837398233529211e+00,3.917813642477256941e+00,5.298444538925254577e+00,4.150283175904850630e+00,3.361789816572293255e+00,2.924032808532737615e+00
2.187900156826202647e+00,3.749895248005010728e+00,4.394010109665361874e+00,4.424101009209152835e+00,5.007890100200053318e+00,2.494867442544342673e+00
2.419078846999783039e+00,4.210749824261739604e+00,6.204213786091804295e+00,2.908402627885129377e+00,5.322393664572739880e+00,3.978495127272463350e+00
3.626497881361228082e+00,3.485558250814007941e+00,5.641804889161065262e+00,5.171041676521924479e+00,4.277911486413968234e+00,1.894404186961575753e+00
9.359927474173606043e-01,1.303745119851892120e+00,5.144167052459749812e+00,3.524401192562303109e+00,2.564335846720502410e+00,4.940490889916615558e+00
1.324249662926964000e+00,1.416881304163648103e+00,5.792287180446464845e+00,4.404888337648552366e+00,2.631792091116891275e+00,5.440993234894337505e+00
2.180304771704460798e+00,2.080868352685954825e+00,5.972236691732901726e+00,5.516213406726137691e+00,4.675831924683627072e+00,6.294266385519188489e+00
2.336946586057508490e+00,1.894218747543661374e+00,2.286911110728810925e+00,2.224188344685623431e+00,3.279816717689446826e+00,3.715792486275555362e+00
0.000000000000000000e+00,0.000000000000000000e+00,0.000000000000000000e+00,0.000000000000000000e+00,0.000000000000000000e+00,0.000000000000000000e+00
4.405568046977286656e+00,6.861581054294964233e+00,4.008642565566690408e+00,3.916480436239369034e+00,3.407168290411601852e+00,6.483038026072566851e+00
5.268038757781810411e+00,6.066658358517720728e+00,6.062941413193401630e+00,5.116589676582807833e+00,4.065848633874973750e+00,4.869840472938157916e+00
2.959504282947118092e+00,6.864180390754355265e-01,7.689739640698501688e+00,3.624770643716428431e+00,4.948219317834915643e+00,5.693146401146542246e+00
9.338927983132225830e-01,5.113310172964064648e+00,4.283338685760894826e+00,4.081658946229601348e+00,5.008463936394239369e+00,5.130435040790862544e+00
9.608534639530601495e-01,2.508791087170327838e+00,5.882778541702138320e+00,4.973916374200340051e+00,6.207379838355491231e+00,6.923636311209854455e+00
1.099950407265439578e+00,1.834386837365702405e+00,5.076139384889430950e+00,2.926765873358861736e+00,3.370221694824525827e+00,5.437640629126147651e+00
1.652194401096322984e+00,1.916556148256790326e+00,6.256739808496814881e+00,5.250542991611141019e+00,3.908572963304813630e+00,4.450462344302720474e+00
2.455948161181678024e+00,2.072725353722745023e+00,4.825740113151487876e+00,3.297675255062978206e+00,2.039486608140676172e+00,2.262493585306573962e+00
1.426092214832581195e+00,4.006660052616219936e+00,5.601133720489318790e+00,4.601221770360290009e+00,2.574794360597442378e+00,4.928585972833312567e+00
4.712130418302798773e+00,3.937150471055262280e+00,6.677989659198550143e+00,4.461336821913805650e+00,3.394492168907322860e+00,4.230138764769266757e+00
2.161812126113459076e+00,4.398634527848561682e-01,5.484188120141793910e+00,2.365858487344688399e+00,3.407746752725935302e+00,5.260458987529696984e+00
1.375189516110751686e+00,2.411116709941603098e+00,4.525946463188139646e+00,2.637439493204686070e+00,1.975095218312547640e+00,5.584438040608601383e+00
4.634402809435153259e+00,5.837648595561504727e+00,1.717001422115167486e+00,5.574763081396698183e+00,2.734758604298863638e+00,5.402509335174126903e+00
5.100667734556230570e+00,4.039777458480047656e+00,7.383887302131677544e+00,5.821138275857383526e+00,5.890915240102454042e+00,6.586912294939118340e+00
4.055199272103685360e+00,2.670318664908449602e+00,5.332224216375600179e+00,3.506322341170456713e+00,3.081589829013830162e+00,3.762002412321095779e+00
2.336450276295642503e+00,3.005161387840516340e+00,3.916236617615965088e+00,4.858417135913838614e+00,2.921460633852742017e+00,3.676183742506132557e+00
1.623141860787867818e+00,1.847512087007758153e+00,4.305458500842555658e+00,4.452043010125141365e+00,3.305619730094065289e+00,4.744060671272540830e+00
2.235946000552600843e+00,3.827196842958337175e+00,3.575564600979672214e+00,4.234731628136306547e+00,1.031478966666628860e+00,3.605563905014598003e+00
3.924910637106003186e+00,3.894061367463034440e+00,5.561102493645651457e+00,4.063621156107878996e+00,3.456332878516001905e+00,4.856973280107271584e+00
4.044806789890438736e+00,1.601801858219613184e+00,6.550183666804743510e+00,2.911631544290658624e+00,2.300568242748498360e+00,3.948683390031336504e+00
6.232459243963168305e+00,4.418487233998344088e+00,3.294441997125995947e+00,7.074467030777189080e+00,4.161137569337510556e+00,3.893072905969086062e+00
4.953473459194215778e+00,2.191058001197238259e+00,6.985850254272598647e+00,4.619801641859568875e+00,5.343782111426121695e+00,5.489775880941953012e+00
2.579453390610650043e+00,2.489306405871391625e+00,2.320397426070072378e+00,3.717561293089751473e+00,3.600062549243114418e+00,3.524494341407997666e+00
9.400147668922489430e-01,1.759515740205084278e+00,3.270147217760540848e+00,5.477642330363563516e+00,5.231223295325666101e+00,4.189927004409971900e+00
1.108614105051476173e+00,8.610991913611525383e-01,2.825129832809995634e+00,4.826503000728164849e+00,4.322190332212336727e+00,4.444976666099734075e+00
3.570125136597604332e+00,3.920455573655703851e+00,6.384970087257628713e+00,3.654278639748613333e+00,4.658034547793391766e+00,4.130275234715369947e+00
4.293089864399038724e+00,3.557505574468867948e+00,5.142746739632860553e+00,5.015908825420416939e+00,2.893801531367009794e+00,3.792088763503488558e+00
2.624913186947267274e+00,3.858151086889287207e+00,6.638513323188713677e+00,4.130671381138080633e+00,3.803627704196005155e+00,2.887886200121955405e+00
4.050826820155736030e+00,3.188642655125846659e+00,5.034670552611531846e+00,4.715763221356585433e+00,9.330320068718780391e-01,1.613047233036770223e+00
2.706074249704377710e+00,7.024022929724033304e+00,7.396947812122927068e+00,5.919073223075890233e+00,1.873205430336636113e+00,2.746354584607312077e+00
2.044965985813170128e+00,2.489237656527275355e+00,6.967446013383729486e+00,3.702302166077288348e+00,1.640666786152758405e+00,2.841018409913290022e+00
