VR,SS,ANX,INT
3.444351470496464174e+00,1.632719937094627038e+00,1.936426695461267222e+00,3.509752172689764471e+00
0.000000000000000000e+00,1.185268211579728170e+00,2.067993825422591581e+00,3.407516290497214051e+00
1.873026962420189401e+00,1.000000000000000000e+00,1.000000000000000000e+00,1.000000000000000000e+00
4.562237394745666919e+00,1.107828478962611163e+00,2.161797320336550587e+00,3.643936762358960024e+00
2.515987985598244325e+00,1.000000000000000000e+00,1.000000000000000000e+00,1.000000000000000000e+00
1.905979842531617230e+00,1.000000000000000000e+00,1.000000000000000000e+00,1.000000000000000000e+00
5.000000000000000000e+00,1.229074952108961005e+00,2.820170195436569216e+00,3.131387605403950669e+00
2.835984225191357400e+00,1.000000000000000000e+00,1.000000000000000000e+00,1.000000000000000000e+00
4.669195851133666864e+00,1.424448449498498137e+00,1.476444614864167670e+00,2.670362464373723377e+00
2.280643789931871002e+00,1.211554144009884038e+00,2.611620463125989833e+00,1.959048274254983735e+00
3.535895170829428391e+00,1.159386936840964388e+00,1.611956607635302463e+00,1.895033802366879350e+00
2.686336146357440668e+00,1.000000000000000000e+00,1.000000000000000000e+00,1.000000000000000000e+00
3.049549199207810091e+00,1.396826429750540166e+00,2.308782304819390507e+00,2.648385232190442640e+00
5.000000000000000000e+00,1.000000000000000000e+00,1.000000000000000000e+00,1.000000000000000000e+00
1.358426331748092020e+00,1.404060696125487340e+00,1.854913834938028083e+00,2.691683962069148617e+00
2.407000641804489582e+00,1.937889829081886450e+00,2.545376777948879177e+00,3.916166203168640614e+00
2.933016236395353804e+00,1.260082406547206491e+00,1.829538695736654841e+00,4.855241506359089243e+00
4.559660870167497215e+00,1.000000000000000000e+00,1.000000000000000000e+00,1.000000000000000000e+00
4.063768565746287642e+00,1.109857002969195205e+00,2.435372162411285846e+00,2.463085919166476678e+00
1.352826668683653200e+00,1.252522683295180350e+00,2.439706825603073170e+00,2.585524885657439764e+00
2.123957172837346974e+00,1.000000000000000000e+00,1.000000000000000000e+00,1.000000000000000000e+00
3.377883147926620921e+00,1.775559172147162634e+00,1.169047660545722067e+00,3.431367659571477713e+00
3.144275344219436441e+00,1.374301249041582240e+00,1.112111343103878269e+00,3.316485308213488192e+00
3.158546464464780712e+00,1.063246289110060916e+00,1.733114814061509135e+00,3.103741132816431936e+00
4.209620142399343123e+00,1.400694447101441531e+00,1.971723569149760547e+00,3.303880458885358529e+00
3.958279691026749703e+00,1.134266702668171867e+00,1.427086084622485984e+00,3.803576632349906728e+00
4.281596270917435554e+00,1.263425049803445832e+00,1.429838120812001900e+00,3.861075147233031579e+00
2.208373638549983475e+00,1.000000000000000000e+00,1.000000000000000000e+00,1.000000000000000000e+00
3.188623333396377824e+00,1.000000000000000000e+00,1.000000000000000000e+00,1.000000000000000000e+00
2.090295336685226602e+00,1.784102913103377208e+00,3.253915935868838094e+00,3.073139415328916435e+00
4.983770901341968873e+00,1.620977272382742695e+00,1.046836721735931119e+00,3.589796851819896606e+00
3.441229566961258701e+00,1.199652201540735597e+00,2.316988320952771296e+00,2.011823756589717238e+00
3.047078483308736985e+00,1.417844536697377533e+00,2.404480802780538440e+00,2.583437104145506424e+00
2.333187057733014935e+00,1.000000000000000000e+00,1.000000000000000000e+00,1.000000000000000000e+00
5.000000000000000000e+00,1.000479760148324848e+00,1.302031325573257625e+00,2.282672692992303354e+00
1.758003808953155778e+00,1.323199124299470952e+00,2.108541042761076234e+00,2.111060431663505987e+00
4.599664283691913269e+00,1.134820463025877135e+00,1.746557932824710502e+00,2.177541504451665499e+00
2.254656743130228236e+00,1.000000000000000000e+00,1.000000000000000000e+00,1.000000000000000000e+00
4.888278550219848029e+00,1.152072464722310174e+00,1.860268939061053173e+00,2.544255578439193588e+00
3.724203590596757873e+00,1.089091577776014841e+00,2.357281469204154156e+00,3.618759484668516269e+00
1.967741627041972974e+00,2.145841682125815275e+00,2.973479763664806708e+00,3.733230825025392718e+00
3.142618935629351462e+00,1.811215900379825827e+00,2.442837992097698141e+00,3.349777169155543355e+00
4.152896599928118881e+00,1.920815679542318133e+00,2.859975119024703361e+00,3.552169819627869707e+00
3.093191002925843591e+00,1.000000000000000000e+00,1.000000000000000000e+00,1.000000000000000000e+00
1.866937582527723460e+00,1.146739354832104762e+00,1.283385178979659536e+00,3.616969832948707442e+00
2.626617413159133996e+00,1.346301770174990864e+00,1.483756003374035126e+00,3.697902699257484826e+00
2.810250797652115828e+00,1.000000000000000000e+00,1.000000000000000000e+00,1.000000000000000000e+00
2.960247941241781700e+00,1.094882524082671393e+00,3.122868168656292021e+00,4.678555141997771116e+00
3.439225332248504241e+00,1.000000000000000000e+00,1.000000000000000000e+00,1.000000000000000000e+00
2.853691041962950425e+00,1.000000000000000000e+00,1.000000000000000000e+00,1.000000000000000000e+00
3.844313404268317136e+00,1.000000000000000000e+00,1.000000000000000000e+00,1.000000000000000000e+00
2.880146684551533109e+00,1.000000000000000000e+00,1.000000000000000000e+00,1.000000000000000000e+00
6.481314653755707589e-01,1.303119167937589307e+00,2.754314017942250281e+00,4.007079383061169509e+00
2.337725048393678229e+00,1.000000000000000000e+00,1.000000000000000000e+00,1.000000000000000000e+00
1.124615872162045838e+00,1.870228064639464671e+00,2.679033820282313627e+00,3.982932801931912792e+00
3.806456627342967636e+00,1.304394697877973464e+00,1.946844357765126432e+00,3.392390049218266146e+00
0.000000000000000000e+00,1.000000000000000000e+00,1.000000000000000000e+00,1.000000000000000000e+00
3.201946680191473327e+00,1.000000000000000000e+00,1.000000000000000000e+00,1.000000000000000000e+00
2.648122412098429024e+00,1.197262424013804560e+00,1.238991548168613566e+00,2.943409055592084655e+00
5.000000000000000000e+00,1.238527011550573542e+00,3.346133698306786641e+00,4.065655671967940421e+00
3.611197257493940604e+00,1.363614328060266168e+00,1.926927236932599374e+00,4.213629016068763278e+00
1.708169616742822416e+00,1.000000000000000000e+00,1.000000000000000000e+00,1.000000000000000000e+00
3.347676077089746904e+00,1.141822655445051904e+00,2.590328689950538443e+00,2.660050434438118838e+00
4.033753669723211921e+00,1.000000000000000000e+00,1.000000000000000000e+00,1.000000000000000000e+00
5.000000000000000000e+00,1.059088190813911368e+00,2.395790591951684423e+00,3.385032177424776023e+00
1.734529110398755014e+00,1.752370850022906268e+00,2.392405657925693596e+00,2.994833815510636210e+00
5.000000000000000000e+00,1.536380710603376221e+00,1.389469296963587119e+00,3.791846759524973631e+00
1.578529992525236514e+00,1.394318176712072255e+00,2.611597095218632703e+00,3.637941255000776142e+00
4.510195591004229065e+00,1.080690257853824887e+00,2.081384223380589926e+00,3.310107780074158068e+00
3.406223134385436779e+00,1.000000000000000000e+00,1.000000000000000000e+00,1.000000000000000000e+00
3.880725261498559675e+00,1.256508827068148815e+00,2.515758568016296604e+00,3.214201467682565649e+00
1.035743622187940804e+00,1.036556755966817178e+00,2.087501570079087543e+00,3.582539782175857113e+00
1.442724911623042283e+00,1.000000000000000000e+00,1.000000000000000000e+00,1.000000000000000000e+00
1.287205252402666256e+00,1.177190839275785716e+00,2.635591560879428474e+00,3.263205144449933481e+00
3.968860013385857144e+00,1.254715393690044589e+00,1.698605670689085079e+00,3.539871356050801943e+00
