VR1,VR2,VR3,VR4,VR5,VR6
2.499069620074059195e+00,1.349444233046789732e+00,2.652288113658686886e+00,3.955560218843606535e+00,2.412994213870225391e+00,3.769159655793345554e+00
1.470919731793611795e+00,3.623166713076638956e+00,3.790748187008755821e+00,6.136408209649413692e+00,4.172994630381867687e+00,5.058520748294306202e+00
3.284827557297083089e+00,1.907309971070383137e+00,3.726338088304839591e+00,3.875181991447138152e+00,4.012095822134225109e+00,6.344876276312538366e+00
3.093523428033787770e+00,5.213551153426321250e+00,6.610494274064993014e+00,3.556813485345033943e+00,2.914271651457359891e+00,2.967461947824001633e+00
2.515426012425017177e+00,4.090700353519716614e+00,5.717638485147266358e+00,4.459864640059148400e+00,2.991726869999762339e+00,3.676908351596042568e+00
3.843480521617080647e+00,2.672491911191184233e+00,5.585522518957277249e+00,3.564470056602594639e+00,2.771977038073430766e+00,3.541033355573575570e+00
1.504447856720153798e+00,3.754312484681494144e+00,5.371264416599907499e+00,4.974469569216455334e+00,1.359000430864043540e+00,3.361613939932605710e+00
3.486887039067503302e-01,2.041990839581503181e+00,5.585867732985697387e+00,6.189345592157960319e+00,4.678991690263300640e+00,2.435613776445120671e+00
2.357036890833388743e+00,4.124270434623151793e+00,7.750232661280314517e+00,5.116007119499719202e+00,4.064289216326478993e+00,4.233327228075908444e+00
2.458970904050128858e+00,5.780015139622213027e+00,7.939344001806361462e+00,4.605373595173981371e+00,2.680903794123967288e+00,3.085118410738486805e+00
4.720768516023253092e+00,2.645039744719648311e+00,3.407625810995950300e+00,4.394010651339073981e+00,1.549752717999963725e+00,7.380893185836853831e+00
6.434273953858893336e-02,1.205693679440548616e+00,2.213916630762278182e+00,6.714539296285909842e+00,1.168584685908071297e+00,5.026302802198605590e+00
1.516127539769733801e-01,1.044031571869863617e+00,2.040532811191495988e+00,7.743835123666501730e+00,6.282244289018372285e+00,4.363728343227121442e+00
0.000000000000000000e+00,0.000000000000000000e+00,0.000000000000000000e+00,0.000000000000000000e+00,0.000000000000000000e+00,0.000000000000000000e+00
1.952032208845614569e+00,5.013192095804781090e+00,2.352241993126726438e+00,5.025943088273804982e+00,9.478467943657749473e+00,9.990914583618142331e-01
8.651295873262947467e-01,1.213216489338685422e+00,2.789418029566395063e+00,3.354186215053526432e+00,7.431462421273268504e+00,2.745134935527312692e+00
6.063515677715487495e-01,2.017073687840165164e+00,3.692248614408117025e+00,4.516868300193535468e+00,7.131544462711337573e+00,5.938900314148600756e+00
1.045268993522546319e+00,2.656695188320323808e+00,5.603483249509963571e+00,4.573200070782881710e+00,5.867494733830868725e+00,4.108626855800456390e+00
1.533426494676636942e+00,3.275974024099741477e+00,6.541807869752613414e+00,3.415181236338940440e+00,6.223339756383775345e+00,6.126441296140567871e+00
1.706705794446673918e+00,2.835040022334540666e+00,7.635740914737988660e+00,3.313568943146780299e+00,4.933868770491727673e+00,3.354014899682030038e+00
1.756633756341644759e+00,2.658255741375871395e+00,3.628145460936615940e+00,5.077788539573347748e+00,1.469078480930358310e+00,4.052177129114279630e+00
6.667700501120092937e-01,1.670313057516327193e+00,3.691146508783961888e+00,4.324021406083793373e+00,3.986534419302631971e+00,3.505183275709745860e+00
6.317160200417590854e-01,2.721046129115805012e+00,5.408093974937328241e+00,6.107562375376808461e+00,3.941616565818571338e+00,5.254647973351769252e+00
2.384164766293146442e-01,3.655536056990021709e+00,3.133773483973258500e+00,4.824731769476209742e+00,5.126486161921564033e+00,6.027469242407457628e+00
2.411454297997479124e+00,2.003203474741681589e+00,3.176886669373474525e+00,3.400360237050143564e+00,6.656943521288884114e+00,4.140394447379498466e+00
1.492902852234588185e+00,2.072787358277853542e+00,4.580149616258039735e+00,4.123202555763405108e+00,4.658606358202634468e+00,1.821909304758511094e+00
1.060914994627079944e+00,1.040876195820669370e+00,5.471037371609329902e+00,6.063528523382474056e+00,5.633971597056515179e+00,3.773070248373946001e+00
4.933334811950558674e+00,5.555282061699511331e+00,4.992116140891123877e+00,4.648843081705379632e+00,4.687037245659498197e+00,3.572476095031581700e+00
1.905890602973797421e+00,3.225687618352164332e+00,1.963589971304005033e-01,6.368774161958818958e+00,3.698239426564895460e+00,2.967954908993342578e+00
3.665904028838039785e+00,2.674663733020052891e+00,1.558930770726246084e+00,5.526438490203588572e+00,4.808638219721889762e+00,1.359682552515192988e+00
7.713116961651771408e-01,5.634595145029033247e+00,8.823041849688744165e-01,8.156486974960186487e+00,4.459872041363844630e+00,1.217810859039395233e+00
2.906051852761077914e+00,2.555782680421224473e+00,1.219134563178903452e+00,5.444017983494660484e+00,6.104639556767397224e+00,1.282819055521204010e+00
7.178806875076038096e-02,3.790418980589046249e+00,2.216071309403111478e+00,7.579853668136659728e+00,3.985554040488455740e+00,1.385171663167173328e+00
2.924904045793661034e+00,2.079858175428322298e+00,1.705178810914611098e+00,4.772995102632625830e+00,3.351334244664013085e+00,3.975882613869234916e-01
1.772848687266247447e+00,3.559954166558100930e+00,6.752885113676532214e+00,4.119549087410923072e+00,5.507075577401804090e+00,1.564121613843759473e+00
1.167712478719288738e+00,2.698389410745220207e+00,5.369760329867199644e+00,5.187324005544040162e+00,2.646863765503597143e+00,2.958278619387371133e+00
1.939343076785301934e+00,2.725413911586444193e+00,5.215541088489017874e+00,3.718064313665603304e+00,5.590630807421146820e+00,4.095066422385002625e+00
3.331714511353461194e+00,2.660077905207020699e+00,4.139064728398620829e+00,2.819401210538883262e+00,3.031386071206278565e+00,5.275238126927236593e+00
4.198919816047395059e-01,2.834742775669665704e+00,7.153410210025079152e+00,5.414402985750684572e+00,1.228258510215421762e+00,3.928419836023449907e+00
2.154768606532152742e+00,3.792645355394462570e+00,5.872663608394411483e+00,7.037980272481134669e+00,2.045689266469808310e+00,4.138963929235186967e+00
1.505034350968935453e+00,4.031139407838363553e+00,5.467595233006137256e+00,3.986526620749112126e+00,4.244979084075483300e+00,4.065140868975461785e+00
3.355496257746920286e+00,2.411591170377985982e+00,5.778929653751858631e+00,3.509881279697792067e+00,3.666037554809576715e+00,2.901328703459852498e+00
2.566477464696221844e+00,6.192821682100998260e+00,5.034212199357814832e+00,3.296975560391932625e+00,1.405862481726915636e+00,4.756716354757731580e+00
2.267416408424463903e+00,2.482682007471568753e+00,4.517706859932316910e+00,3.463587847811438358e+00,1.844365194144138353e+00,6.122690818513927269e+00
3.113024864518123991e+00,7.563695581769636078e-02,3.010220805456951698e+00,3.712327070250498018e+00,3.782587536817092477e+00,4.971216217027590645e+00
9.723659215718218896e-01,3.741117522979394039e+00,5.789072738196550105e+00,5.244379834426055709e+00,3.150675550813459846e+00,5.733577791937529256e+00
3.634746652443559434e+00,2.419985747745545979e+00,6.313079928360930460e+00,3.166883709469301422e+00,2.473703563455567078e+00,2.660453084133385993e+00
2.201513400525350939e+00,3.196811512203915573e+00,7.747953756139963843e+00,2.200416346567005021e+00,3.031495925492317944e+00,5.515123921787058237e+00
1.159297068511447870e+00,3.575367498558592150e+00,5.326765630558157660e+00,4.101261865310029897e+00,6.745527903084136412e+00,6.047783515011637689e+00
5.061808320651512982e-01,1.265349150833965153e+00,3.352853519059934673e+00,5.030858817856867837e+00,6.190937647119622689e+00,3.965906356279996992e+00
