VR1,VR2,VR3,VR4,VR5,VR6
1.247351737079660738e+00,1.349477826809514447e+00,6.138900802346366703e+00,4.214785171426448152e+00,3.518948262639916447e+00,4.963478249757556249e+00
2.125135365179295910e+00,2.808088268202597160e+00,5.676509368269408995e+00,3.120205330413416966e+00,2.025950995990443815e+00,5.153817783929595109e+00
1.674490777433788491e+00,9.841502938725219529e-01,5.650614527594646219e+00,6.266936214490071322e+00,3.386237999779227792e+00,3.846955533333778821e+00
4.576388683536228186e+00,2.247949450608244248e+00,5.158795577356131368e+00,3.893225076978353627e+00,2.087863441983765611e+00,3.165392739567942648e+00
3.373166025424046310e+00,3.392095120200174119e+00,3.941314287746436218e+00,4.112316217292916853e+00,7.698147779213231345e-01,6.083839883409922322e+00
0.000000000000000000e+00,0.000000000000000000e+00,0.000000000000000000e+00,0.000000000000000000e+00,0.000000000000000000e+00,0.000000000000000000e+00
2.888531854741008154e+00,3.014578943904389075e+00,4.761588313808238659e+00,3.535507995011228033e+00,2.077075528383121039e-01,5.300790298455153149e+00
6.411315994972133225e+00,2.198855530837768857e+00,7.405220401411893860e-01,4.136922941532493070e+00,7.894243020026232571e-01,4.011090119171979218e+00
3.601339726639130934e+00,1.286376564055146776e+00,4.610060590321106488e+00,3.574545930953784367e+00,2.987811907356547003e+00,6.246827819815807814e-01
2.901156902195522136e+00,2.493570709847633182e+00,3.689309487732430171e+00,3.492803065326392176e+00,2.646384533101511671e+00,4.412536007461793197e+00
1.009867025944766850e+00,5.647253788642087713e+00,6.463654840072949881e+00,3.577515947752346381e+00,4.753285037368298660e+00,2.645550547247146334e+00
1.824378487331803189e+00,3.092512039472370411e+00,6.495181425478249615e+00,4.671017434637765753e+00,5.376846576172641612e+00,3.933249764895480283e+00
2.860501371403099569e+00,2.557076204862072544e+00,5.725387657253151019e+00,2.608240033641005873e+00,4.314477749083422964e+00,5.499689445735908677e+00
2.718850168571146142e+00,4.351960588171910338e+00,3.410967884033678565e+00,3.177639025073188073e+00,5.328040155062053529e+00,5.119171164991584533e+00
1.030855096306960039e+00,3.690212673648310737e+00,7.462114637368122416e+00,2.048628873127118499e+00,3.880122805367498096e+00,4.317583360887308430e+00
3.723914674969860172e+00,2.955222215721790668e+00,6.644856072780529921e+00,3.977498187830991405e+00,4.113801668524468269e-01,8.310596093194234868e+00
2.530370610699667289e+00,2.951651161764009768e+00,6.844129610377318151e+00,4.884637360390950533e+00,5.817652642524957507e-01,3.680947653128377794e+00
4.476975927558580537e+00,2.439796471364421571e+00,5.907898094640466446e+00,4.729356410563823054e+00,2.297985034455308551e+00,5.210958172495630869e+00
2.449744285686883405e+00,4.538194382973006924e+00,5.034601546003942829e+00,5.721438050479866533e+00,7.812152576783297775e-01,6.568560441602564026e+00
3.996328150639210985e+00,5.101544503277015252e+00,5.391526283559389121e+00,3.790618876227874079e+00,4.615221675160636750e-01,3.589014205265855129e+00
0.000000000000000000e+00,0.000000000000000000e+00,0.000000000000000000e+00,0.000000000000000000e+00,0.000000000000000000e+00,0.000000000000000000e+00
2.760517806529887874e+00,3.088507261342163357e+00,5.851837966546925784e+00,2.405168777957889858e+00,4.180299307727705305e+00,6.495090890028234476e+00
0.000000000000000000e+00,0.000000000000000000e+00,0.000000000000000000e+00,0.000000000000000000e+00,0.000000000000000000e+00,0.000000000000000000e+00
1.887479755613756804e+00,1.022354640999853181e+00,8.316991841793832663e+00,1.359876833180861944e+00,5.751909278671806902e+00,4.341605653942283816e+00
2.656361120728500502e+00,3.090995937599308352e+00,5.163026028743346707e+00,3.512922396069481312e+00,4.159089191122541607e+00,4.779223515686679136e+00
1.334144923558927109e+00,2.695481008572120363e+00,5.015799324515493929e+00,1.499402042031021232e+00,3.189318446986018518e+00,4.788359962442581441e+00
1.858390157881983029e+00,4.426293316953443302e+00,6.764352324091563951e+00,2.976499337867445583e+00,2.942960217337071249e+00,4.293818612889865882e+00
2.308556412137024783e+00,2.321460719455326505e+00,6.208608026634417243e+00,2.807157186051854048e+00,1.981173578977747818e+00,6.092176701124808247e+00
6.649035108740932287e+00,2.634238820382625690e+00,5.332809302408460184e+00,2.376293639333758811e+00,6.036932037712028354e-01,2.495467433194398676e+00
0.000000000000000000e+00,0.000000000000000000e+00,0.000000000000000000e+00,0.000000000000000000e+00,0.000000000000000000e+00,0.000000000000000000e+00
0.000000000000000000e+00,0.000000000000000000e+00,0.000000000000000000e+00,0.000000000000000000e+00,0.000000000000000000e+00,0.000000000000000000e+00
1.169776997303488386e+00,1.745178465557519987e+00,7.406861894160233106e+00,3.897856903727017652e+00,5.039211364184650321e+00,6.999863128887786168e+00
0.000000000000000000e+00,0.000000000000000000e+00,0.000000000000000000e+00,0.000000000000000000e+00,0.000000000000000000e+00,0.000000000000000000e+00
1.148602845137128847e+00,4.047567490144610147e+00,4.335386561969318819e+00,4.101556698461055639e+00,5.752422313292594680e+00,6.336943760101422463e+00
3.641379031249551979e+00,2.865134041381527386e+00,3.143665545874918976e+00,5.358798408391669987e+00,4.250641686595432844e+00,1.594301405277341654e+00
1.686584098635803164e+00,4.229131375527433789e+00,2.914365217997087143e+00,3.829673957372608406e+00,4.822732047159390412e+00,2.070417773212650303e+00
0.000000000000000000e+00,0.000000000000000000e+00,0.000000000000000000e+00,0.000000000000000000e+00,0.000000000000000000e+00,0.000000000000000000e+00
3.212063663193773788e+00,2.827116115006869101e+00,5.078718098533768099e+00,4.396340871565598718e+00,1.522200913396730027e+00,5.708939918178071338e+00
0.000000000000000000e+00,0.000000000000000000e+00,0.000000000000000000e+00,0.000000000000000000e+00,0.000000000000000000e+00,0.000000000000000000e+00
0.000000000000000000e+00,0.000000000000000000e+00,0.000000000000000000e+00,0.000000000000000000e+00,0.000000000000000000e+00,0.000000000000000000e+00
3.377695149411165332e+00,1.844596638877019412e+00,5.004246102296022514e+00,3.249962953084115203e+00,2.488785818733445065e+00,4.014527728201902512e+00
2.293467999726578999e+00,1.886272157815327200e+00,5.187376314914365238e+00,3.199515920172008698e+00,3.797561043826379823e+00,5.061810123733643252e+00
4.065130205836030797e+00,3.006100006783058554e+00,5.729054641179942564e+00,1.895299582511477343e+00,1.938790157991161056e+00,2.651530522860666927e+00
1.445870502821991588e+00,1.443616491610884234e+00,6.126590181593924100e+00,2.959744150328722512e+00,5.473136440729672536e+00,5.441749704409303945e+00
2.981222980096019270e+00,3.640842519764783347e+00,3.022464205481437904e+00,4.493329185387768376e+00,3.260876713795713755e+00,4.059832296028898391e+00
3.977345424914656036e+00,4.544764282196726235e+00,4.233374062312186936e+00,3.673078067964158144e+00,1.739348543288765869e+00,1.174601221834489451e+00
2.954862113785728717e+00,3.297177679634732073e+00,4.354304185923827397e+00,2.074437244869496766e+00,1.983695007780958974e+00,5.143849245150775573e+00
1.131527398999999656e+00,7.546868920290643601e-01,6.745009583803746267e+00,2.248545390196007077e+00,4.694710959550071117e+00,4.776485029555265882e+00
2.583326112536058705e+00,2.478406984348773712e+00,7.346258169019000306e+00,2.667295064026681928e+00,4.155677222568032292e+00,4.267916289812370145e+00
1.512486112049425291e+00,3.970478704932769887e+00,4.626379162491902619e+00,2.724612012747503087e+00,4.728960879749335433e+00,5.524584577138595520e+00
1.539027571420639173e+00,2.100198231606102528e+00,2.520155512248412055e+00,2.056390736786158246e+00,3.793550697074200340e+00,3.213368371649178101e+00
1.902885693306709092e+00,8.694307248749573169e-01,4.812104733537476697e+00,3.242649169687815469e+00,6.234644750294298987e+00,1.469422428206657472e+00
1.958178220344773512e+00,3.748187824164053605e+00,5.477138590883082969e+00,3.183490998696720808e+00,6.984145507995021873e+00,3.384774591810464361e+00
0.000000000000000000e+00,0.000000000000000000e+00,0.000000000000000000e+00,0.000000000000000000e+00,0.000000000000000000e+00,0.000000000000000000e+00
1.322147571980410330e+00,1.232070713416433261e+00,6.138128132749737453e+00,5.154545931644087808e+00,4.926603360948951682e+00,4.453331667458196641e+00
2.227842870654583862e+00,3.266468385785201711e-01,6.563478091704531892e+00,4.318451570910625925e+00,5.030479088201128768e+00,4.082997634473795046e+00
9.970473834456190509e-01,3.788072639439245659e+00,5.360304332748382805e+00,5.086457744126287039e+00,3.486693270408455891e+00,5.164229151048068012e+00
2.892774409793232415e+00,2.857602992883046422e+00,6.413390095814526681e+00,5.884515729390908945e+00,2.822282903157625533e+00,5.459697518622803614e+00
0.000000000000000000e+00,0.000000000000000000e+00,0.000000000000000000e+00,0.000000000000000000e+00,0.000000000000000000e+00,0.000000000000000000e+00
0.000000000000000000e+00,0.000000000000000000e+00,0.000000000000000000e+00,0.000000000000000000e+00,0.000000000000000000e+00,0.000000000000000000e+00
2.059329064400049702e+00,1.402342227377754380e+00,5.373622228556435232e+00,5.091605944869150413e+00,3.598088051591740832e+00,7.222653448525598208e+00
4.912270333639650488e+00,3.906481527179326285e+00,6.675913700605129009e+00,6.887494856978188196e+00,1.501816535270300790e+00,2.633917593689454772e+00
7.199534944021658944e+00,2.931266406144644954e+00,6.621885541810294207e+00,4.258478987206408384e+00,6.526923484719029389e-01,4.699076104165383683e+00
4.012492072479986405e+00,1.678682490712256392e+00,8.462475360913844113e+00,3.908006427510901215e+00,1.111875164314644060e+00,6.451975836990365920e+00
2.687020275300726180e+00,2.557939622809284330e+00,8.580057017093487559e+00,6.293494938741321043e+00,5.529928345117777866e+00,6.862760721225810379e+00
2.468911881656512541e-01,3.362785427034823638e+00,9.385846799216672309e+00,3.804124537685066088e+00,4.686595404055877268e+00,4.844229395351953293e+00
1.813752813893074078e+00,3.152402746524966659e+00,6.056966944106456197e+00,3.479292275400508672e+00,5.197874269579891404e+00,6.771934247182045397e+00
3.727875350713762970e+00,3.299562166172942401e+00,2.779797814005852796e+00,3.946208482800543926e-01,3.850676923898305848e+00,2.178441766442658523e+00
2.150265261412205753e+00,1.479352527645766635e+00,3.037300337693228158e+00,1.275126275152559607e+00,2.656760758849348480e+00,4.180705330364506978e+00
2.564650591841279414e+00,3.529067884291951174e+00,2.836178067818401871e+00,2.768641289139692319e+00,2.326996672064034488e+00,3.641763929766268060e+00
2.974821913987919508e+00,1.411616426954094283e+00,4.107886858365191074e+00,1.879674621630567533e+00,4.210910457046115773e+00,3.764141785957006547e+00
1.521056416893723728e+00,1.057455122747492871e+00,6.107882105835910735e+00,2.361861087190740172e+00,5.798259345426696854e+00,3.714010684137946328e+00
3.217371481385939092e+00,2.463778838334649723e+00,6.209077907472345004e+00,1.885277864991240282e+00,5.479483934870051698e+00,4.220722451544070886e+00
2.529593030470286941e+00,3.271251389508810448e+00,3.838112360124134703e+00,4.748226586727640530e+00,3.886694855758806355e+00,3.258685512153853381e+00
4.202014893800428474e+00,3.871107976424921659e+00,5.004406585727408263e+00,6.284161144885871408e+00,1.226143358760270807e+00,3.038304774600518954e+00
4.235884432904541086e+00,4.569893014415638888e+00,5.423917557472943685e+00,4.703486630547289771e+00,5.914375384771641819e-02,3.295491722296239434e+00
3.153721118721094285e+00,2.215578766665540655e+00,4.892524548898959935e+00,3.255088199293476592e+00,9.615582756602596426e-01,5.039240856766595833e+00
3.797767798110109894e+00,6.315581807127275127e-01,6.211519277653904325e+00,4.450602752529109196e+00,3.025479048911097202e+00,3.862914933793733407e+00
2.483528011753753706e+00,4.432801060571502916e+00,5.280661115543741069e+00,5.538885801162547473e+00,3.453229034224012839e+00,4.875715667286964816e+00
0.000000000000000000e+00,0.000000000000000000e+00,0.000000000000000000e+00,0.000000000000000000e+00,0.000000000000000000e+00,0.000000000000000000e+00
1.646196861559964919e+00,3.600186761281019443e+00,4.484822811466297132e+00,1.767046261425348153e+00,1.650656295100377591e+00,4.953891426992347746e+00
2.749692354996786214e+00,1.979124076563927082e+00,3.118748427903779152e+00,2.809566609669245096e+00,1.521242761042227443e+00,3.990900864113934965e+00
1.561646810641658778e+00,2.995832090193734754e+00,4.227831136905763287e+00,1.459350392488809156e+00,1.039202397928702393e+00,4.915108223681410315e+00
1.968776393119882950e+00,3.050791251525941217e+00,5.957367399486617643e+00,4.282766096514491139e+00,2.494187094631581836e+00,3.513972472903523325e+00
0.000000000000000000e+00,0.000000000000000000e+00,0.000000000000000000e+00,0.000000000000000000e+00,0.000000000000000000e+00,0.000000000000000000e+00
3.928096268851104966e+00,1.499601380184965693e+00,6.515857608492718889e+00,3.604054070653110120e+00,3.135785238706992661e+00,1.401549469247479696e+00
2.080472341738860198e+00,3.959676074960782444e+00,7.898946837515680386e+00,3.350347722581558330e+00,1.929982631724208364e+00,5.196624704783076254e+00
3.321183160799283662e+00,3.476052114354199585e+00,6.046550241169030393e+00,4.322175159842433168e+00,5.112349314353487273e+00,5.259420985550587346e+00
4.678840512363665383e+00,2.508196537315219743e+00,6.108129539405307895e+00,4.539685315210909344e+00,3.372419744976664191e+00,3.210362475653866454e+00
5.641028299522792278e-01,2.833065401161327213e+00,4.073089765808327378e+00,4.614496050720507725e+00,5.415958338592265164e+00,5.863253844783073987e+00
1.617888508227670386e+00,2.792086496061502832e+00,2.783516032046565059e+00,3.510374837855297692e+00,3.522269356434545085e+00,1.462311350601271265e+00
5.166538034732912621e+00,2.648563526533877610e+00,5.507075925362209468e+00,6.020957887682897969e+00,7.896277801954196818e-01,1.960817413573837875e+00
0.000000000000000000e+00,0.000000000000000000e+00,0.000000000000000000e+00,0.000000000000000000e+00,0.000000000000000000e+00,0.000000000000000000e+00
0.000000000000000000e+00,0.000000000000000000e+00,0.000000000000000000e+00,0.000000000000000000e+00,0.000000000000000000e+00,0.000000000000000000e+00
3.409819515760560193e+00,1.803615303852964757e+00,5.359557313418402913e+00,6.197984493638044157e+00,1.093566061403252743e+00,2.176428184279897593e+00
7.794474998106786234e-01,3.350617957173273709e+00,5.076538658074879251e+00,4.563702178862718561e+00,3.467834689050635522e+00,5.088816830257562707e+00
2.492433055260872443e+00,4.371748342193694015e+00,5.490881225503960295e+00,3.113192681943884654e+00,1.148212074430970731e+00,3.111067466453681707e+00
4.376008547429016460e+00,1.946748613354213786e+00,6.872619724477646130e+00,4.291276740737811402e+00,9.558643582537591499e-01,3.778131478076983463e+00
0.000000000000000000e+00,0.000000000000000000e+00,0.000000000000000000e+00,0.000000000000000000e+00,0.000000000000000000e+00,0.000000000000000000e+00
0.000000000000000000e+00,0.000000000000000000e+00,0.000000000000000000e+00,0.000000000000000000e+00,0.000000000000000000e+00,0.000000000000000000e+00
0.000000000000000000e+00,0.000000000000000000e+00,0.000000000000000000e+00,0.000000000000000000e+00,0.000000000000000000e+00,0.000000000000000000e+00
0.000000000000000000e+00,0.000000000000000000e+00,0.000000000000000000e+00,0.000000000000000000e+00,0.000000000000000000e+00,0.000000000000000000e+00
0.000000000000000000e+00,0.000000000000000000e+00,0.000000000000000000e+00,0.000000000000000000e+00,0.000000000000000000e+00,0.000000000000000000e+00
0.000000000000000000e+00,0.000000000000000000e+00,0.000000000000000000e+00,0.000000000000000000e+00,0.000000000000000000e+00,0.000000000000000000e+00
0.000000000000000000e+00,0.000000000000000000e+00,0.000000000000000000e+00,0.000000000000000000e+00,0.000000000000000000e+00,0.000000000000000000e+00
4.722174509950386678e+00,2.853484340909459238e+00,6.237124826352861362e+00,3.334937553086764872e+00,4.369306642227144266e-02,3.340280726187901728e+00
2.520396346691510026e+00,1.068369253911440220e+00,6.937356633981230480e+00,3.904933166626901819e+00,2.485236928519724664e+00,6.066568540468706416e+00
4.630565887646565848e+00,3.621748688955895190e+00,5.882944731872690625e+00,3.430029092891084375e+00,2.193105703610156443e+00,5.636552387298017663e+00
3.365881894591933321e+00,3.487589161096141144e+00,3.568321545996647082e+00,3.152275699949544041e+00,3.261330060549641363e+00,3.969610542258476205e+00
3.947272259450168352e+00,4.955537728972821299e+00,4.272897793858099647e+00,2.471413296082935140e+00,2.790909879562977203e-01,3.252837449242782064e+00
2.464010743582924601e+00,1.995039083359254173e+00,5.061321778447689823e+00,3.733016851725357910e+00,1.383884062351222966e+00,3.272398602983145111e+00
4.163175957783877834e+00,4.605046850633736533e+00,6.520866641800037833e+00,1.574034691198640257e+00,1.044268604853825888e+00,3.441130583463903214e+00
2.390941149942888977e+00,1.831201802166315007e+00,6.093998440905572522e+00,4.602366129634016367e+00,2.401672673611053632e+00,4.622006597203409228e+00
0.000000000000000000e+00,0.000000000000000000e+00,0.000000000000000000e+00,0.000000000000000000e+00,0.000000000000000000e+00,0.000000000000000000e+00
0.000000000000000000e+00,0.000000000000000000e+00,0.000000000000000000e+00,0.000000000000000000e+00,0.000000000000000000e+00,0.000000000000000000e+00
0.000000000000000000e+00,0.000000000000000000e+00,0.000000000000000000e+00,0.000000000000000000e+00,0.000000000000000000e+00,0.000000000000000000e+00
0.000000000000000000e+00,0.000000000000000000e+00,0.000000000000000000e+00,0.000000000000000000e+00,0.000000000000000000e+00,0.000000000000000000e+00
0.000000000000000000e+00,0.000000000000000000e+00,0.000000000000000000e+00,0.000000000000000000e+00,0.000000000000000000e+00,0.000000000000000000e+00
2.284081654705406361e+00,6.807124110956979557e+00,3.995678953421211155e+00,6.592789226418239501e+00,3.034373829897261121e+00,4.679423535878481033e+00
0.000000000000000000e+00,0.000000000000000000e+00,0.000000000000000000e+00,0.000000000000000000e+00,0.000000000000000000e+00,0.000000000000000000e+00
3.483530698814464088e+00,1.019782740603797588e+00,4.281722323674523878e+00,5.266978805043510903e+00,1.841693580496846394e+00,4.157715370352179640e+00
1.134414364177074752e+00,3.383746620929609872e+00,6.091107460897166703e+00,4.821079485470450621e+00,1.572023417140541390e+00,6.152321520506175645e+00
4.956059001524703689e+00,1.817012683144831220e+00,8.131184977728821650e+00,5.677001750151584147e+00,1.950764969343630861e+00,5.455621158842713925e+00
3.194979221666293778e+00,2.117117353616446707e+00,8.680883614034858198e+00,6.772492259808119641e+00,3.242737359192522817e+00,6.424249077263313623e+00
3.712521305172823194e+00,2.149011534188542960e+00,7.581624134856063790e+00,5.252973670466570155e+00,3.564332940538067263e+00,6.801293471758783404e+00
3.739099477611880218e+00,2.264179558341558263e+00,4.757447302355729768e+00,4.583190407238304509e+00,1.737241996664173227e+00,5.445261001269014578e+00
4.648737968610081595e-01,3.838519036808799356e+00,2.084787714409951143e+00,5.250771157387517540e+00,3.884994752430624754e+00,4.489903272508671606e+00
2.524935076564239989e+00,2.517865068430295672e+00,1.670119027351206320e+00,4.403380187543747049e+00,4.600565264775529961e+00,8.203384617897486741e-01
2.501451710082242652e+00,2.135842732028945257e+00,5.364628620110378776e+00,4.303882087418481106e+00,3.750279393447174314e+00,4.457396630712095131e+00
1.450224631569311029e+00,2.255719019121439572e+00,7.600912351896212726e+00,1.674890797305219614e+00,5.910191906357409763e+00,4.487026591821146937e+00
3.032291169737064696e+00,3.830265858527279743e+00,7.076762877450924805e+00,3.483181494797316091e+00,4.115199468326693477e+00,5.297784791262897919e+00
2.855930418772079982e+00,4.298460021387864316e+00,6.634318289134000679e+00,4.147547658867007492e+00,2.211175080363955825e+00,4.089432188440059512e+00
0.000000000000000000e+00,0.000000000000000000e+00,0.000000000000000000e+00,0.000000000000000000e+00,0.000000000000000000e+00,0.000000000000000000e+00
1.436339795839817191e+00,5.329512752295775257e+00,6.555448019939959181e+00,3.325105734235365595e+00,3.343174653317891654e+00,6.275655018928898876e+00
3.526566562836777941e+00,1.923168044876941485e+00,8.763359243102664564e+00,2.124011644018606759e+00,2.955481433116878165e+00,2.022972831017765483e+00
8.874591178637418754e-01,3.913727426707033885e+00,4.874181451708349044e+00,2.192088697948637144e+00,4.452039957399037462e+00,7.764079944178520876e+00
3.104537940942433849e+00,4.452677318155152442e+00,5.250519916323757030e+00,3.073673862499327836e+00,4.231946471619719041e+00,3.343138679648635314e+00
1.855439660495488141e+00,2.686878626292309669e+00,4.833950594607757445e+00,2.524644445736973886e+00,5.440949423517865924e+00,5.624410388126976912e+00
3.409845396262684680e+00,3.844324167993696584e+00,4.121702989118075422e+00,2.006873561996235900e+00,3.213596174655691584e+00,2.367003009700995086e+00
5.870713481854215043e-01,5.870459504248635163e-01,5.203089450923275905e+00,2.845894723834599294e+00,6.981147002383858435e+00,4.578552377576785126e+00
0.000000000000000000e+00,0.000000000000000000e+00,0.000000000000000000e+00,0.000000000000000000e+00,0.000000000000000000e+00,0.000000000000000000e+00
1.124929062780611666e+00,3.089091238886561896e+00,2.720643376269284541e+00,3.153521212893840797e+00,5.293946150571676945e+00,3.621693732585248071e+00
0.000000000000000000e+00,0.000000000000000000e+00,0.000000000000000000e+00,0.000000000000000000e+00,0.000000000000000000e+00,0.000000000000000000e+00
8.616094690526507893e-01,3.113874818824392321e+00,4.909066176524017777e+00,4.527288162821887951e+00,3.341127603102694188e+00,6.163708184859638450e+00
4.026388700943713594e+00,5.288647247646387939e+00,3.345732875519633609e+00,3.550162252124519302e+00,3.640583020238747913e-01,4.458707513324555727e+00
1.021747264705717972e+00,4.175343695366047214e+00,5.152169565936160822e+00,4.615670783570635649e+00,2.035201745603403722e+00,2.985107524125167000e+00
1.806932841535328738e+00,4.067960498664728419e+00,5.744206302314127655e+00,2.780335103832424437e+00,1.589432546529794266e-01,5.658503257375040896e+00
2.821479133625818037e+00,2.154548313460315612e+00,5.757469339300990363e+00,3.286473941024032452e+00,4.151204689819532057e+00,5.579603757474083103e+00
4.358451251952737415e+00,5.730393447464308565e+00,6.877425616324975621e+00,4.355308409132882197e+00,1.017617020310312981e+00,4.500167004757623879e+00
2.421133537552805581e+00,2.441144084531247760e+00,5.520782234069857353e+00,6.144528191938755768e+00,2.476863067345125735e+00,6.959912796184777761e+00
