VR1,VR2,VR3,VR4,VR5,VR6
1.305372255407627025e+00,1.438342978229091518e+00,6.470314993901132183e+00,3.736260881137017709e+00,2.194215510139310155e+00,4.205251252213977331e+00
3.264738514846510675e+00,2.403370794686170875e+00,6.921715905429184801e+00,5.889967402393343932e+00,3.092286467481271561e+00,4.997699377901993145e+00
8.441027130508167442e-01,2.860872073686694605e+00,5.771309237880551279e+00,2.742722448715391614e+00,3.093257488891194118e+00,3.441950910685075193e+00
1.095261986709701540e+00,2.863845654414578945e+00,2.828813457687135990e+00,3.780238027950155733e+00,6.000837991446367425e+00,5.790469337058699040e+00
2.422952788228059262e+00,3.747533342744048923e+00,4.662651079055930126e+00,4.415435723221290409e+00,3.345980189452998133e+00,3.993709006477639711e+00
4.077818905871255950e+00,3.218904546954225232e+00,3.532312199217537696e+00,5.927025071338418272e+00,3.338963827057969347e+00,4.578685474156816149e+00
3.531699265893635253e+00,3.901468962639446314e+00,6.312103498682286151e+00,4.750371809128910883e+00,2.700379392762786157e+00,4.219643746244180704e+00
2.028177842789060215e+00,9.558639754765483332e-01,3.953148161725732024e+00,2.520016370112776904e+00,3.074321144655986160e+00,4.401410703484021525e+00
3.823146490412767662e-01,3.203910746807578036e+00,5.311411936041572801e+00,1.277569243100185048e+00,2.365382146262831053e+00,5.447437122642737606e+00
3.117166635313104450e+00,3.636956189276021156e+00,6.504591954252436636e+00,3.751894278821491735e+00,3.128136106399870275e+00,7.003303993182576903e+00
9.485886551633315733e-01,1.387440873525634277e+00,4.688970634927665415e+00,2.678944157454883346e+00,2.648067564818971764e+00,4.143217953757313055e+00
3.205107192524943471e+00,3.062539723662272895e+00,4.584678889897265464e+00,5.136333508446916163e+00,3.658118998271358446e+00,3.470691579388195613e+00
3.865076640712080458e+00,5.253374670072252783e+00,4.173141540406800409e+00,4.786895462522504197e+00,4.994975708847630536e+00,7.012720986636646003e+00
1.275699967711109384e+00,3.718268737825737524e+00,5.629825382537553047e+00,2.833116316589011863e+00,1.368312757400297563e+00,4.256816306837627906e+00
2.728281654735564388e+00,3.351024827194794664e+00,3.870071332308798517e+00,3.871829162343872088e+00,1.762917018832953708e+00,4.613415128750279592e+00
2.165250433136867159e+00,2.552027325789625323e+00,1.876798805939837500e+00,3.295703652814179652e+00,2.562171450937432482e+00,3.856960966395714507e+00
0.000000000000000000e+00,0.000000000000000000e+00,0.000000000000000000e+00,0.000000000000000000e+00,0.000000000000000000e+00,0.000000000000000000e+00
2.524169479341952904e+00,1.084532705690374410e+00,3.559246026830143350e+00,5.953375259062311464e+00,2.168767908179238368e+00,2.729419026346342925e+00
1.846088601117587213e+00,1.775525224357419773e+00,2.338053711180057892e+00,4.445468615245795618e+00,3.645180299383025346e+00,2.337333499538309933e+00
3.013938764290236438e+00,2.635518715997823946e+00,4.775524104107351064e+00,5.385908330914534581e+00,5.423252808824011950e+00,5.498821700861822315e+00
4.148071175607501715e+00,3.482172569424113906e+00,7.354990346093296161e+00,8.956556424372461578e+00,3.643529795392454140e+00,3.856328816831394946e+00
3.908914768259553529e+00,4.261453459169656455e+00,7.791963724192407348e+00,7.516598006116599784e+00,4.367571978247076991e+00,3.235374270755690507e+00
4.141294981430758693e-01,2.329720018914215540e+00,8.265869064168704483e+00,5.591888399850028613e+00,5.126035826199053957e+00,5.138792397962128611e+00
1.466526801159341309e+00,3.899036343760527767e+00,6.590133735491049194e+00,5.158696237668366713e+00,3.826278214338524108e+00,6.249320990818954868e+00
2.811733257205325298e+00,4.474082123689315793e+00,5.115390924716417764e+00,3.655411102599955608e+00,3.924424279052804110e+00,6.104938079836790266e+00
3.942322127582146951e+00,3.207619638713985921e+00,6.265027872289289590e+00,4.882524543034052478e+00,4.111910421943718141e+00,5.218650755588289059e+00
2.342427602024448330e+00,4.037606962499671326e+00,8.510694864868298737e+00,2.755580313569267581e+00,1.431020948665271630e+00,3.298077510676309387e+00
6.125414852955493039e-01,2.285580969462216672e+00,7.474211618666985579e+00,1.709946466307510793e+00,3.589371839100574668e+00,3.714544713631168449e+00
2.834985919575756519e+00,2.678931588597183389e+00,8.508725905341854912e+00,2.794432070353339626e+00,4.818060329996189495e+00,4.497277469720144083e+00
3.097234154354093327e+00,2.278176940853595234e+00,8.507995806746286860e+00,2.384334055104938344e+00,4.724526269384929478e+00,3.911261768232640712e+00
1.668978745492621929e+00,5.274654977824194901e+00,7.874259591684331205e+00,5.140048616855853680e+00,4.396624223647186191e+00,8.143468445471365058e+00
1.297035148797901716e+00,3.173040506495861113e+00,8.123284085542170629e+00,2.742109760955656839e+00,1.892436962451649496e+00,5.355245844299203029e+00
2.130294387355807118e+00,3.869672696918388777e+00,6.467924997040421786e+00,3.192902286802968614e+00,3.000740950906959803e+00,7.091169997969762662e+00
1.974280074570559318e+00,8.572417277371071620e-01,7.246167273484146243e+00,2.914064246714407336e+00,4.062417313919591599e+00,5.048470667813876211e+00
3.007568316565024436e+00,7.084911625523062639e+00,9.291594272510337760e+00,3.755497340507796267e+00,5.045892485810452577e-01,7.227751781429736511e+00
3.829565328353196740e+00,3.605653048872537791e+00,7.296801518474106629e+00,3.675521660604626817e+00,3.779383851656023197e+00,6.538372286034302761e+00
2.817068278872065790e+00,2.152519125813614487e+00,4.709749890024752972e+00,3.364056383939064254e+00,3.211825686973094562e+00,5.834864312877304116e+00
1.878147280488154047e+00,4.160978649649327288e+00,3.506431361814945635e+00,3.510044418462270777e+00,2.279538008913545521e+00,6.031096758734366681e+00
3.435914521083195616e+00,3.379632336124962944e+00,5.373897695292816579e+00,5.110091133802975527e+00,1.048911300016373005e+00,2.992494157739616689e+00
1.676263519665151858e+00,1.625996198709213747e+00,3.248841139326695160e+00,3.800214996550210778e+00,2.823209271046850155e+00,3.781692787984891613e+00
1.963226397794110900e+00,3.383849433668487006e+00,6.042807092944160630e+00,3.026225812086431155e+00,5.239966211666581053e+00,5.303367804554443232e+00
1.158461267911571113e+00,2.353012778254528925e+00,4.145817214636397630e+00,4.830397302782609259e+00,3.925898338214486749e+00,4.391296164908673916e+00
4.064129598376625019e+00,3.997188434365967158e+00,4.693799649780347139e+00,4.013909451852363475e+00,3.821122620154007166e+00,4.777322493636294354e+00
3.746839170199035784e+00,5.543207200574872928e+00,5.284786218674693892e+00,5.364816132583609232e+00,1.683430368738833893e+00,3.285428438595772160e+00
2.613435628503578467e+00,3.358624593799281577e+00,3.671383100110921394e+00,4.983562973695683240e+00,3.265075994178401331e+00,6.669809923676030650e+00
2.007195494262443702e+00,3.055438994839815514e+00,4.285399126851625162e+00,5.048784222885618789e+00,4.126514860720985389e+00,3.942007265802116578e+00
2.687378985972166401e+00,3.730816813134113286e+00,6.436680123137294096e+00,4.638705694706078297e+00,4.872179333749154573e+00,4.138010053645924557e+00
2.853274804213502769e+00,2.188542162505138222e+00,7.140582585929645454e+00,5.676450223961105657e+00,3.622072975329714062e+00,5.089418301453116911e+00
1.748563446506252284e+00,2.205119501055884612e+00,5.890111206962120427e+00,4.848835919572897168e+00,4.226166471169918282e+00,4.262130859063894661e+00
2.234114835260144538e+00,2.436925250689277789e+00,3.929129515064269995e+00,3.270610534908031664e+00,5.166551020166937569e+00,3.011107416418673743e+00
1.867235005553740113e+00,9.777860782786516047e-01,9.548846893780718048e-01,2.702922428623041995e+00,5.684276212471451650e+00,3.668829906372879979e+00
6.267846446699213203e+00,4.977253009562496722e-01,1.441623690919342504e+00,5.033997415880348214e+00,5.896132462317185130e+00,2.948155653171818269e+00
1.526691689379493511e+00,3.689564504804016210e+00,2.593394028083806369e+00,4.883817342947994966e+00,5.113684367669238284e+00,1.653794078881700713e+00
1.839384037822012097e+00,2.722880629360001414e+00,3.343092811624047034e+00,2.007482961607616190e+00,5.381545307836699266e+00,4.148059036771887698e+00
3.379658428094295175e+00,1.609765416875758248e+00,2.007382393483755578e+00,2.147457264572330438e+00,2.916652648183481134e+00,3.596308980716281134e+00
0.000000000000000000e+00,0.000000000000000000e+00,0.000000000000000000e+00,0.000000000000000000e+00,0.000000000000000000e+00,0.000000000000000000e+00
6.944163764099480218e-01,4.424881277204853802e+00,3.918428279634067479e-02,1.917494940567301853e+00,2.848763933448639207e+00,2.684928117156851535e+00
9.077496616138442942e-01,3.845408248347469637e+00,2.189273419315517000e+00,1.158313973296284605e+00,4.063288759750552259e+00,1.696772495366626554e+00
1.038420947717075826e-01,1.634705917984231371e+00,2.882011849839524853e+00,2.567845089744360543e+00,4.703697714222297321e+00,3.196992525447415190e+00
2.293235756412930648e+00,1.331253482710941682e+00,1.076496334559320367e+00,1.633019965909245919e+00,6.528328745677921319e+00,1.399850593079551064e+00
2.671394733989736814e+00,1.903578825756316428e+00,1.601062008732522024e+00,2.241719600766549636e+00,5.632257595512479398e+00,3.005559696845960360e+00
1.356327467607515658e+00,2.299328728961622659e+00,2.493005144229947234e+00,2.314190714333444809e+00,3.595491717708575674e+00,3.923668482523770429e+00
2.390399667016957608e+00,3.504261959043410535e+00,5.545025687616197629e+00,2.473302417600403036e+00,3.763101038685596311e+00,3.673363590644405985e+00
2.715774084116850950e+00,2.500727927947745233e+00,5.766212051121214266e+00,2.550588567579865185e+00,3.713579459431394447e+00,6.113625888897304961e+00
1.781821526634970176e+00,2.336100975723486961e+00,7.169163572837157439e+00,3.404518455612040473e+00,4.775610295613993195e+00,2.907173755125048942e+00
2.157142748938496890e+00,1.090861235589369871e+00,7.539549674532143086e+00,3.027830679924413460e+00,7.917318815188848724e+00,4.207745665957955516e+00
2.574289426341610731e+00,2.522225321018569222e+00,5.501580554057858841e+00,3.485452174663417058e+00,5.041255521213286350e+00,4.771766877788542693e+00
8.656471291783538469e-01,1.470075446525182405e+00,6.738819311836625303e+00,3.285982016004484585e+00,4.389167154942549942e+00,4.763888681562631788e+00
2.608978382606485624e+00,2.770418143018514634e+00,4.491616895411828736e+00,3.241870333494207834e+00,3.699470561801041946e+00,2.357972568471800923e+00
3.293167859871978020e+00,3.265316465984222205e+00,4.862788939949382438e+00,4.311549140428491356e+00,3.079756462484157353e+00,6.028096503849059040e+00
3.007613497501824718e+00,2.540541756844034715e+00,2.051425482246798104e+00,2.953188467906845638e+00,3.021476289480999888e+00,2.949317607862248281e+00
1.579340746238860449e+00,3.326031608011720930e+00,3.781988662196106077e+00,3.726582759532691913e+00,4.003054687295147573e+00,3.562326002432227412e+00
3.082482056264298276e+00,3.853051276495549793e+00,5.343027846553134452e+00,3.344175667142608610e+00,4.970939710064163464e+00,3.074728957446063227e+00
3.338289510365553880e+00,1.482025542795850193e+00,2.635390780562648860e+00,3.261022369213276928e+00,4.386401748960897073e+00,2.819498130404834324e+00
3.236490562810866667e+00,4.927535654913231866e+00,5.333724038859448235e+00,3.303248466592850541e+00,2.582767752982827680e+00,4.246510210152846909e+00
0.000000000000000000e+00,0.000000000000000000e+00,0.000000000000000000e+00,0.000000000000000000e+00,0.000000000000000000e+00,0.000000000000000000e+00
0.000000000000000000e+00,0.000000000000000000e+00,0.000000000000000000e+00,0.000000000000000000e+00,0.000000000000000000e+00,0.000000000000000000e+00
2.455513105091703618e+00,1.783605417878269872e+00,3.335623067201068714e+00,2.642930025830186658e+00,1.465390518261673325e+00,3.784522612249538120e+00
0.000000000000000000e+00,0.000000000000000000e+00,0.000000000000000000e+00,0.000000000000000000e+00,0.000000000000000000e+00,0.000000000000000000e+00
0.000000000000000000e+00,0.000000000000000000e+00,0.000000000000000000e+00,0.000000000000000000e+00,0.000000000000000000e+00,0.000000000000000000e+00
0.000000000000000000e+00,0.000000000000000000e+00,0.000000000000000000e+00,0.000000000000000000e+00,0.000000000000000000e+00,0.000000000000000000e+00
2.323361817752536140e+00,2.727831922012240451e+00,1.530781694414355965e+00,3.090529697646218210e+00,6.078698626032306152e+00,2.991291152610961568e+00
3.411067208435018649e+00,3.309534772713809136e+00,3.443870549043841045e+00,4.541096129088426636e+00,5.972402863082265867e+00,5.265175143291783932e+00
2.657161181325159216e+00,4.395473414319279293e+00,3.624723415911695668e+00,3.838442263567412471e+00,2.317490904191332746e+00,1.577631844200763744e+00
2.793060931776865985e+00,4.004664097252320865e+00,4.619900223837730024e+00,5.174878698621288464e+00,1.379054203430940095e+00,6.805398820882462729e+00
3.902581873041832239e+00,3.295568660435256092e+00,4.173209107616868252e+00,7.827407859398768153e+00,1.245707044848456180e+00,2.751608590916298169e+00
1.435623819295375414e+00,4.611581799169290896e+00,5.506834613120080490e+00,5.261849567258384042e+00,1.931434432577745497e+00,5.404760645668440944e+00
0.000000000000000000e+00,0.000000000000000000e+00,0.000000000000000000e+00,0.000000000000000000e+00,0.000000000000000000e+00,0.000000000000000000e+00
3.992368733532881020e+00,4.400886758233779616e+00,6.009019111280619718e+00,4.822700125385740222e+00,9.855197485707725136e-01,6.869270666352551125e+00
3.110364944376295071e+00,3.233280406697105036e+00,9.732060474776055514e+00,5.590825190471965911e+00,2.735275563750723116e+00,3.608724413455768776e+00
3.019736880536344259e+00,4.458144014775379915e+00,6.861230523972219331e+00,6.162711821613887864e+00,5.122145114599277349e+00,7.300823692373943352e+00
1.579357010736562428e+00,3.738574334609318761e+00,7.576887974722283481e+00,6.839093977921711698e+00,4.306488884091736580e+00,5.624813961217626002e+00
2.462432683781443199e+00,4.751973404468897932e+00,7.384907005437725047e+00,6.730783434998755865e+00,2.172365732887402423e+00,7.154579017094770066e+00
2.285741297753831169e+00,1.898473069284456027e+00,7.889448195314749057e+00,5.145128424577553261e+00,3.144871449371045902e+00,2.778226606202257365e+00
2.025733566468948865e+00,4.596029940183183449e+00,7.946670289379729191e+00,6.417135299980969876e+00,2.078950394469230467e+00,6.023429988777857957e+00
2.427347653839983632e+00,4.249404874645690278e+00,9.583218965928487876e+00,2.594712916753418863e+00,2.321231184819512627e+00,7.130848901618410451e+00
5.048516789548564532e+00,1.865451242347454075e+00,1.001116999799130447e+01,4.562873212909231313e+00,3.837144690498083044e+00,5.940327074765114901e+00
0.000000000000000000e+00,0.000000000000000000e+00,0.000000000000000000e+00,0.000000000000000000e+00,0.000000000000000000e+00,0.000000000000000000e+00
0.000000000000000000e+00,0.000000000000000000e+00,0.000000000000000000e+00,0.000000000000000000e+00,0.000000000000000000e+00,0.000000000000000000e+00
2.411077071153924223e+00,2.633032234372769675e+00,1.900600233499255776e+00,2.257632978361614029e+00,3.738558653491039330e+00,4.646607152270773256e+00
2.996741607901157511e+00,3.145433417360304240e+00,4.720963828777788862e+00,3.408659732227093286e+00,2.807216366314567946e+00,2.827013851375283160e+00
2.956100429980651256e+00,4.027042842228738095e+00,5.268140917618319818e+00,3.778091075743858163e+00,3.761199923810931711e+00,3.554229152473762809e+00
3.763167089965679057e+00,3.802514674526858762e+00,5.247014440822717951e+00,4.391980349208549406e+00,8.615837755841782020e-01,4.080738745644065801e+00
2.444687447652357903e+00,4.638280335214764349e+00,8.180438857112033446e+00,5.422226051523974633e+00,1.355102558035138571e+00,3.362565747664821636e+00
1.065379375847741450e+00,2.534556585134420281e+00,6.231563471996127035e+00,2.731040367962032089e+00,3.039952416357259768e+00,6.385400699653105860e+00
3.381796001180867428e+00,2.139469614340203663e+00,9.433287915641624721e+00,4.928133540191581119e+00,4.699673771929901989e+00,5.498817736604639350e+00
9.800903298812750908e-01,2.671968339719069441e+00,8.346131475043971903e+00,4.740770276028186458e+00,5.793819884114029151e+00,5.950094698353524336e+00
2.687695520780851055e+00,3.004952254258536293e+00,6.394383721472872928e+00,4.775372563081311306e+00,5.000786961906262817e+00,5.796863270399263968e+00
2.037175911135598483e+00,3.057851291677688543e+00,7.197870590935501411e+00,6.518913795783454646e+00,3.972777702240990472e+00,5.365854730098667424e+00
3.765038321823111378e+00,4.708242852165684056e+00,8.369919367753299255e+00,4.319223129429135000e+00,2.153670582347610551e+00,3.993399623305544210e+00
1.526420313581726695e-01,7.759237613601586148e-01,4.805011794276198067e+00,1.888759455087356542e+00,6.231209702811860041e+00,4.508320329267948345e+00
3.087828984357315676e+00,4.616992819795976644e+00,5.231675385255556421e+00,5.450437436430490834e+00,4.364530611569806595e+00,5.499105775735888102e+00
2.576383956763017569e+00,1.583194114746542258e+00,5.888832449956306725e+00,4.109765876510294014e+00,4.359633466599510676e+00,4.257715743376642159e-01
3.603285029955111796e+00,3.953588802466793339e+00,4.741897268437568869e+00,7.368874977889442235e+00,2.807593638829908755e+00,4.119340421211144410e+00
1.346892118975260511e+00,4.784414424165765567e+00,7.116886635838262087e+00,5.505498937135871351e+00,2.609989839962600477e+00,3.785101757838041259e+00
2.388646835125366241e+00,2.627579750450486085e+00,6.149020755821958062e+00,4.808216658965452694e+00,1.784029283826966461e+00,5.481274854325415724e+00
4.222259189391339262e+00,6.361008256465275679e+00,5.789380656369132794e+00,3.344577044905876040e+00,5.584612962460155927e-02,5.918861444382429227e+00
3.946860862398417158e+00,4.100287792067474513e+00,6.508010303896645254e+00,1.741768141664834069e+00,1.567429700502057655e+00,2.786129912634686789e+00
1.332585223291331999e+00,1.504965000704777456e+00,5.612449063037723285e+00,3.030824520056066618e+00,2.202091808154969854e+00,4.056327852465106076e+00
4.115923439833307995e+00,3.908632232848426646e+00,7.926022034159773355e+00,5.210093511895490082e+00,2.907888315821701042e+00,4.121777025735921640e+00
8.658988215427418922e-01,2.205124138167172454e+00,3.985734689447571810e+00,1.637658628459408572e+00,1.166766844855144480e+00,5.280158360067808587e+00
4.595324825366841281e+00,4.538198043878368004e+00,4.154776072561593203e+00,4.016448889103042319e+00,2.696495342150426744e-01,5.641991061481389735e+00
2.752140991516847546e+00,1.688542801299867335e+00,5.476147110128881224e+00,5.784695762580638778e+00,2.620946900330257456e+00,2.330006659136389047e+00
2.035430756045355505e+00,3.310339682859111399e+00,3.774280474788807460e+00,3.580096154525717722e+00,4.399477372723432644e-01,5.719258251830947160e+00
1.089425459557517684e+00,2.829560941430058651e+00,2.365504696773512272e+00,3.142090085724064785e+00,2.938981101841593002e+00,2.819744972470309641e+00
0.000000000000000000e+00,0.000000000000000000e+00,0.000000000000000000e+00,0.000000000000000000e+00,0.000000000000000000e+00,0.000000000000000000e+00
3.449783628296632099e+00,4.121801994526029134e+00,2.025245166598794277e+00,4.751802015268227208e+00,3.744631649274927199e+00,3.726642593357627931e+00
2.235949651817218609e+00,1.147871338848623468e+00,3.599336943778574938e+00,4.721492448196146441e+00,3.560039698406864961e+00,1.389978981468233954e+00
3.886099849932859840e+00,3.175667846639215419e+00,4.156766421767356334e+00,4.282188074259765997e+00,4.610545774895427940e+00,4.355687494942588778e+00
3.180393879082631159e+00,3.233658546540774559e+00,5.076658394705931165e+00,5.956631068814068897e+00,2.962575871697141761e+00,4.872710058323254323e+00
4.209346595593721929e+00,5.019539901069713927e-01,2.909040759806647447e+00,3.770422625646573600e+00,3.837566929484163225e+00,2.753872953049976591e+00
1.851337883693042530e+00,2.786707861434530642e+00,2.623172744956990154e+00,2.654733106623934802e+00,3.392552132113691776e+00,3.116059791429337089e+00
0.000000000000000000e+00,0.000000000000000000e+00,0.000000000000000000e+00,0.000000000000000000e+00,0.000000000000000000e+00,0.000000000000000000e+00
2.444510661177352162e+00,3.924466496736624510e+00,6.092608627909008590e-01,3.421413690666497587e+00,3.129852300355036920e+00,5.341701760757612050e+00
3.140745428354025925e+00,1.812031631761229278e+00,4.094909569557850126e+00,5.384302871538167778e+00,4.048987940377227090e+00,2.529497242872977836e-01
3.056917857913258096e+00,3.215374930664392394e+00,2.128559510732296101e+00,5.655472460376298471e+00,1.302393619269380132e+00,3.291255821081509936e+00
2.909330132883627407e+00,6.208552339168710077e+00,5.068854090320119354e+00,4.809448218222444282e+00,3.436667284567765712e+00,4.452971890867674531e+00
3.555138969197818355e+00,3.772752717934204192e+00,5.592040324166389631e+00,4.411082736452452302e+00,1.868131975591465599e+00,4.006299342268123453e+00
1.964751447793424255e+00,2.430822070528803280e+00,3.893777877029559242e+00,5.211698526933274955e+00,2.067088900540293483e+00,5.141844915159756724e+00
2.516999077170216648e+00,1.684773989083854673e+00,2.055541102817522781e+00,5.390043966555533750e+00,4.660326153046167263e+00,1.865224526564710938e+00
2.953261437548422297e+00,4.648869242638801857e+00,4.120898371960302953e+00,5.125231269964083403e+00,3.017201567210388902e+00,3.379249009718592767e+00
2.412332667189187152e+00,3.332720701591155521e+00,4.243385326508098743e+00,5.095596603020581483e+00,4.337076283833662949e+00,2.240399384987527664e+00
6.175862694933962338e-01,3.989718668526614831e+00,6.753230249106204397e+00,6.367955020867114513e+00,2.283607792155707195e+00,4.610377949101911454e+00
7.278704585552682182e-01,4.444558746614617029e+00,7.093610428370038967e+00,4.428942964492674328e+00,1.194480810082445998e+00,2.417432847479285218e+00
4.869815502154089870e+00,3.872703473473375180e+00,7.560466784816441077e+00,5.488666904651255507e+00,1.567241415840019192e+00,3.581004068197299439e+00
2.891878985506746158e+00,5.227685431515956438e+00,5.836712994281576528e+00,5.155082817384402105e+00,1.158168963635131998e+00,5.985391160069699623e+00
2.138830917373276019e+00,1.482195235427092417e+00,4.408115170966155461e+00,6.789866274454277928e+00,2.548360317068745662e+00,5.957252188931447812e+00
0.000000000000000000e+00,0.000000000000000000e+00,0.000000000000000000e+00,0.000000000000000000e+00,0.000000000000000000e+00,0.000000000000000000e+00
3.366070015827792083e+00,6.531696321580221287e+00,7.459018968657592730e+00,5.497708997823433918e+00,1.938814613771447704e+00,4.794019157575340806e+00
3.568293911906659677e+00,3.612960431824101093e+00,6.155900831961034214e+00,5.333010072306725746e+00,3.028346014555518551e+00,5.860544199144307242e+00
