VR1,VR2,VR3,VR4,VR5,VR6
3.698898573217503483e+00,2.633129214936886786e+00,8.861571811692003919e+00,6.465384811031485768e+00,3.243377466265445541e+00,4.807727804288759899e+00
0.000000000000000000e+00,0.000000000000000000e+00,0.000000000000000000e+00,0.000000000000000000e+00,0.000000000000000000e+00,0.000000000000000000e+00
2.477107585175933213e+00,2.613041913763194390e+00,5.730484768325742273e+00,3.361637923255885951e+00,2.788821534861988916e+00,4.869417625498542179e+00
4.369278339898366781e+00,2.677875719075568206e+00,7.375713146449996316e+00,5.093881101595412630e+00,2.004446880415766685e+00,3.513185925049518765e+00
2.878669439800384922e+00,1.489284627721414900e+00,5.575092583323238316e+00,3.010209280614159599e+00,2.529721458769967235e+00,4.987766130572807377e+00
5.408793355286372062e-01,3.135668135380116350e+00,5.386875037449969206e+00,3.772244811292004840e+00,3.843605629782968602e+00,4.863796573116967892e+00
2.127171625412264788e+00,1.930870322063362954e+00,8.002929119771637900e+00,2.345646173835117310e+00,4.951331776334368939e+00,4.119345953772889146e+00
0.000000000000000000e+00,0.000000000000000000e+00,0.000000000000000000e+00,0.000000000000000000e+00,0.000000000000000000e+00,0.000000000000000000e+00
3.400233497170675356e+00,2.479462907906336611e+00,7.150958984211886360e+00,7.101948796303433120e+00,4.261230081291274452e+00,2.764256478940878115e+00
0.000000000000000000e+00,0.000000000000000000e+00,0.000000000000000000e+00,0.000000000000000000e+00,0.000000000000000000e+00,0.000000000000000000e+00
0.000000000000000000e+00,0.000000000000000000e+00,0.000000000000000000e+00,0.000000000000000000e+00,0.000000000000000000e+00,0.000000000000000000e+00
9.472045949932184072e-01,2.159068455428880373e+00,2.451231597865703993e+00,4.681919116665696379e+00,1.409974102248368499e+00,4.459374225916722168e+00
2.033096563837808013e+00,4.213674050705335183e+00,1.335081175707200529e+00,4.660428891839481835e+00,1.474330483993633756e+00,3.195292779488720036e+00
3.971802468153259102e+00,4.876737080137637292e+00,5.768255824073538207e-01,3.009134930842252587e+00,1.691708810480670788e+00,2.450053421786647867e+00
1.636947441847355300e+00,2.756449237192973634e+00,9.283714577193027395e-01,3.151062369978939959e+00,1.866123452871259580e+00,2.028747960962578034e+00
3.029646288952686284e+00,1.492318828978576928e+00,3.161679967082677400e+00,3.081029921639224511e+00,4.180344834121607178e+00,6.365261190219055898e-01
1.944366272414090435e+00,4.381580512298402397e+00,5.098249931251759293e+00,6.581255786807258090e+00,3.404288276647985612e+00,4.331684625214927920e+00
3.106978843699299997e+00,3.486029432142081497e+00,3.357672788751623116e+00,5.017649760810689585e+00,1.019641373354664537e+00,3.614867026820546059e+00
1.516210968521698010e+00,1.784915454993687645e+00,4.800626994530313496e+00,4.505540625139285993e+00,1.645633479433241453e+00,2.814655857702155650e+00
3.009888107073084296e+00,2.995361694944310926e+00,5.019961214396733595e+00,4.221543243468879325e+00,3.877335271303892661e+00,5.366202579883857737e+00
5.958044493473488856e-01,7.275823279416355760e-01,2.557270288033243855e+00,2.469941756700605673e+00,3.314846414185238732e+00,2.874335374618311789e+00
3.813830231043358054e-01,2.937807458599185129e+00,4.032166512434695704e+00,1.969893868656666047e+00,3.607863926195361337e+00,3.422218855159169237e+00
1.557259536593068150e+00,6.659698071736959157e-01,4.073977581627391764e+00,3.108114436361009592e+00,4.496122843636998212e+00,2.596161966297721335e+00
1.865028819515638592e+00,3.225871088515757990e+00,3.882766356797652030e+00,2.979279194778701623e+00,4.761099189193767955e+00,3.754850436878113484e+00
1.861726647361200193e+00,1.816814495478200175e+00,3.081316159986341674e+00,4.526224691203635686e+00,2.955849424720059737e+00,2.923624252994278194e+00
2.120354712637111394e+00,4.319018168306404171e+00,2.923483646303594696e+00,5.171895281757084462e+00,6.240833245152934694e-01,3.363205133032091343e+00
0.000000000000000000e+00,0.000000000000000000e+00,0.000000000000000000e+00,0.000000000000000000e+00,0.000000000000000000e+00,0.000000000000000000e+00
2.713097802940067638e+00,3.816891533175876372e+00,3.055734645136923611e+00,4.308523807734679245e+00,2.502372051172105927e+00,3.867727334341663159e+00
1.881531354519373478e+00,5.356164467116962591e+00,3.551099047230002803e+00,4.898625760603169788e+00,2.616727073522861602e+00,3.285911574100607080e+00
3.551721863650409983e+00,3.214680331386623902e+00,2.930355381848289475e+00,4.500800798461954244e+00,9.376654931822701045e-01,4.487793595384980350e+00
2.887222971906530766e+00,2.216682037567278662e+00,2.976942840745167462e+00,4.247607646295141315e+00,3.432211491830231331e+00,2.026912833039720141e+00
3.696945184338805035e+00,3.585094944057650945e+00,3.579343866198936297e+00,4.669856458096439233e+00,2.131741272246893359e+00,2.565619784456595553e+00
2.255297536704973460e+00,1.923034235393076496e+00,4.521884744918423849e+00,3.796775477739866567e+00,2.233005690403738974e+00,3.114158236935484325e+00
2.856383371713144825e+00,2.800178778573072513e+00,2.502342779232640702e+00,2.371024769755796235e+00,1.915192929415321599e+00,4.945759949941219702e+00
4.401240678913048043e+00,2.430034574332009090e+00,4.666977040372914054e+00,3.334395776493345842e+00,3.594597598582052633e+00,4.584516110953202883e-01
3.032145165061366221e+00,3.880019576020586669e+00,7.717893177961720141e+00,5.232787110751353055e+00,3.557818611717420421e+00,4.437347252886453042e+00
3.397431681203428866e+00,1.853592746538635483e+00,7.056018057463432136e+00,4.341117763425732079e+00,2.620176488560797434e+00,7.162275435041141947e+00
9.894518998389054687e-01,2.431754462814818218e+00,6.881794608169203187e+00,2.493002697884774133e+00,5.062013634487476210e+00,6.593556744744471843e+00
2.193024762686909046e+00,1.358378770545846326e+00,8.291143024121151228e+00,4.189704727027371511e+00,4.660604916603003467e+00,4.460423249846762417e+00
3.194182587938032114e+00,1.827935058931426049e+00,7.417174275712158149e+00,4.840938272794416797e+00,3.638860335183824013e+00,5.639095163176397030e+00
3.650507268547080741e+00,4.269786820015117002e+00,4.959588681366562390e+00,5.137964698676272590e+00,2.808461049059516323e+00,5.153435047174372841e+00
1.634736270740078101e+00,2.179640878146739347e+00,3.848425881514573987e+00,3.899020001555447479e+00,1.815191481979858024e+00,1.418809173826136139e+00
4.111218758273600393e+00,3.826973843528273633e+00,5.928265318765507885e+00,2.627826022604353717e+00,1.728390038723991662e+00,4.560628044693337380e+00
5.055272255761977362e+00,4.202196230178198100e+00,4.446408283144278606e+00,4.294136662413615468e+00,2.565802031492220525e+00,4.606903856854582813e+00
3.136639841044829069e+00,3.352096072161347973e+00,5.972013201472138988e+00,4.780429129773692054e+00,3.416112537351826184e+00,6.484892852892811810e+00
3.808710693180991314e+00,4.896760228953254135e+00,4.029051871941494944e+00,3.010239136627056666e+00,4.040137097071636596e+00,5.921129850825270324e+00
2.351471479226322714e+00,4.858494052668902441e-01,3.875691646302118265e+00,4.223310220442391127e+00,4.457857482644077329e+00,3.807257449958068918e+00
2.676867126710096301e+00,2.981688782083671274e+00,4.293995947393499435e+00,4.017684431012503943e+00,2.825814423128592878e+00,2.103843690052229043e+00
9.987021670222433478e-01,3.294237877568100714e+00,3.062120487412833825e+00,3.975354389891343931e+00,4.084855290017721074e+00,5.420299880161920214e+00
4.113215686671240157e+00,3.448640679445312607e+00,4.668777015520634066e+00,5.350353186392679206e+00,4.107789999108718781e+00,7.561038570874094589e-01
3.133639707528113938e+00,4.402583698703924853e+00,4.944891474503966933e+00,4.237474927479586206e+00,2.578312966826440178e+00,3.533104533216760768e+00
1.940230358859129645e+00,1.495276932027103767e+00,3.017951209504794896e+00,3.570763624163917793e+00,1.883342096586219538e+00,4.135806239262653783e+00
2.175271748350462886e+00,4.399330899712662557e+00,2.081130433754641906e+00,2.965173243423214533e+00,3.387052164087454464e+00,4.263643195111594508e+00
3.364338380007125373e+00,1.628357570690932343e+00,7.457685997935226574e+00,3.541633655522055779e+00,3.656962268252926140e+00,1.729196237788599433e+00
2.417381595472810396e+00,2.815006485583530615e+00,5.322565755430341383e+00,3.258955608428883544e+00,2.872043056533629013e+00,5.948598224221449016e+00
0.000000000000000000e+00,0.000000000000000000e+00,0.000000000000000000e+00,0.000000000000000000e+00,0.000000000000000000e+00,0.000000000000000000e+00
2.407844582736380357e+00,3.009036960663759697e+00,7.395785072066454191e+00,4.283895932984254529e+00,1.186151998795119678e+00,6.341456513573650255e+00
9.268382627747620006e-01,3.051057461921114378e+00,5.856444223173638441e+00,3.664498057119714769e+00,3.587529017870564552e+00,5.079276759209181868e+00
2.023326041695512334e+00,3.123058901781644803e+00,4.259310994878381607e+00,3.690221323267308229e+00,9.493152578275494413e-01,4.956936372743523833e+00
5.657988951613726059e+00,4.652311124421093069e+00,4.375213698813036345e+00,4.573073193292711558e+00,1.866048690424696010e+00,4.315926101635485068e+00
1.601387044514149371e+00,3.818305316335843802e+00,3.974565752224578752e+00,2.815942773921563891e+00,3.246388956334391729e+00,4.656714652391431564e+00
4.771209088718137536e+00,2.787021362241482336e+00,4.608442210936941841e+00,4.995097830202549716e+00,1.860032079784168957e+00,3.334052531289875443e+00
1.148597808779678209e+00,5.258423138472933189e+00,5.948396962584818759e+00,4.845357615361716164e+00,2.856034143449607043e+00,5.846337478020049438e+00
2.425126128643753987e+00,4.549540678288632733e+00,4.915979436724713381e+00,4.695676483844369642e+00,2.959651705280429201e+00,4.587655723017086018e+00
2.031263464610499891e+00,2.410188621777341389e+00,4.607836988937454414e+00,3.507374398007647720e+00,2.367455172004806485e+00,2.784595219663019705e+00
1.930817690902309591e+00,4.170265432848577980e+00,2.772058567822182518e+00,3.770964292188700995e+00,1.517276350323168321e+00,5.620362150465147089e+00
2.425402490564613878e+00,2.557603206893285464e+00,4.410622364318159683e+00,3.885857150147119743e+00,3.423843500656759353e+00,5.012487923261794265e+00
0.000000000000000000e+00,0.000000000000000000e+00,0.000000000000000000e+00,0.000000000000000000e+00,0.000000000000000000e+00,0.000000000000000000e+00
1.642197986621094508e+00,2.363608112659751903e+00,6.783009243624192663e+00,3.196339946353988992e+00,4.626336350753793347e+00,3.943084892650565720e+00
7.401513412671216763e-01,2.303917872621304763e+00,6.374146651727626178e+00,4.503860374960534152e+00,5.053509392088615826e+00,5.396652127363780416e+00
1.277362539433797739e+00,2.718380725770205508e+00,6.091846112432159899e+00,4.935903203192513189e+00,5.512103319633540721e+00,4.300725611468097398e+00
6.875724378161365280e-01,2.516396696162829461e+00,6.687006013823462602e+00,4.423638075970553807e+00,5.198948182855199107e+00,2.868689609674490715e+00
1.162519826781525989e+00,3.814853358423297536e+00,7.645737159787395321e+00,4.572734440118804145e+00,3.638382160987880809e+00,6.994253863605973009e+00
2.150725816066314966e+00,2.838688510916071106e+00,7.870255438241441581e+00,1.930258374110316311e+00,2.590502499144317738e+00,4.812591213898802955e+00
2.634888940649450007e+00,2.589390881591154603e+00,6.299392267323204564e+00,4.609807931451289420e+00,2.891421369174709266e+00,5.927731945723380136e+00
1.101612377453367486e+00,2.148661536078709133e+00,4.085286220474817043e+00,3.653245635760997700e+00,3.616989545850720411e+00,4.541350570087594463e+00
0.000000000000000000e+00,0.000000000000000000e+00,0.000000000000000000e+00,0.000000000000000000e+00,0.000000000000000000e+00,0.000000000000000000e+00
2.740743977122149566e+00,1.471132689185402853e+00,4.794112012477580897e+00,4.047111720960051784e+00,6.536542744307496378e+00,6.349661527939391092e+00
0.000000000000000000e+00,0.000000000000000000e+00,0.000000000000000000e+00,0.000000000000000000e+00,0.000000000000000000e+00,0.000000000000000000e+00
1.996234415895079550e-01,5.747999945214146145e-01,5.451343204761413652e+00,3.278201556293580232e+00,5.538558458186510158e+00,1.159553348876334766e+00
2.716064259324641128e+00,2.222706294613128186e-01,6.661830180188671235e+00,2.454601793609466398e+00,4.339975027244403094e+00,3.794571750435873358e+00
3.028917717596545600e+00,4.011969880200411787e+00,7.527998942438301810e+00,4.059703585165351569e+00,4.315820028124125685e+00,4.452053885498978403e+00
4.072824768770908044e+00,3.329886262152770282e+00,6.101877063947714674e+00,3.552059446227746164e+00,9.461492588614106580e-01,4.095468996296309783e+00
3.433383357335191732e+00,1.714492152023717519e+00,7.348987186092405643e+00,3.739344047445599450e+00,2.110213572784429115e+00,4.931772624698152363e+00
1.482142457362218835e+00,3.325712102665081105e+00,6.814479199443608692e+00,3.585705657823477388e+00,5.463823496685854764e+00,5.142258952581598486e+00
1.263176018086709540e+00,1.235593421577782625e+00,4.713774079739634359e+00,3.485758586989889274e+00,3.606786575151848417e+00,5.611934216129220943e+00
1.884929395977620326e+00,2.843036485687293613e+00,5.147853343718702845e+00,4.196259002243175829e+00,1.688186066905170035e+00,4.509173062668254239e+00
1.159877463518927510e+00,2.839717413578214611e+00,5.228141277696160216e+00,4.305653295002728420e+00,2.686554383817365554e+00,3.211927940186955599e+00
2.617241416152455091e+00,2.354992876353765308e+00,5.632456296611611180e+00,3.009517724963767904e+00,3.484171438386646447e+00,3.587642293188467946e+00
1.715719881440852301e+00,2.508632513982727019e+00,6.539647277501910771e+00,3.544961665702074161e+00,4.789123398733233117e+00,6.288927434513173154e+00
2.489807485713139812e+00,3.378975497672298545e-01,5.634001863514324526e+00,4.733496606524520978e-01,2.406491368028126132e+00,4.766099685926229235e+00
0.000000000000000000e+00,0.000000000000000000e+00,0.000000000000000000e+00,0.000000000000000000e+00,0.000000000000000000e+00,0.000000000000000000e+00
3.681286759232776262e+00,3.647081076142971057e+00,5.778926232204547375e+00,1.098749597694913316e+00,3.951809074743565464e+00,4.738386391223222915e+00
1.602239019942626186e+00,3.045389490456078541e+00,6.129312907711089053e+00,2.219856113019412547e+00,4.935246338776169139e+00,5.926417216515635467e+00
1.506313325604373254e+00,2.466514707156459263e+00,3.847776223372748383e+00,3.844900316372240834e+00,4.081951652286114118e+00,2.962041474979834277e+00
1.834232550897562763e+00,2.195362985856211591e+00,6.354679496408055073e+00,2.808514575822394832e+00,3.042669617453536812e+00,3.167824462028352439e+00
4.916411719671763159e+00,2.112038811798137239e+00,1.292346046511695601e+00,2.786272314979614695e+00,2.625147771631761273e+00,3.840713264684934014e+00
1.140874847149928151e+00,2.589774371221320592e-03,2.669476594594904384e+00,3.192868362363691315e+00,5.486373154863931845e+00,1.651645984793083777e+00
1.090679681315382954e+00,3.157191534060322713e+00,6.263511927483646602e+00,2.763460064474652089e+00,6.254480781189121430e+00,3.236581911993724248e+00
4.422514482862349716e-01,2.880095883412010949e+00,7.207061188179652689e+00,3.431246687249791982e+00,4.691519381220484952e+00,5.233840300831680281e+00
2.061968422501630371e+00,7.979863539915652559e-01,8.347712509396929548e+00,3.713400350461958155e+00,5.218375724193428766e+00,6.667126800233430295e+00
2.724598213913891342e+00,1.841528494800471316e+00,8.911637195587490012e+00,4.644922508466376776e+00,3.993293075404096282e+00,6.934940248155998965e+00
2.989080445101609751e+00,4.729715007009592576e+00,9.355690480823518840e+00,3.492419724974423989e+00,2.384437153228169848e+00,7.422894576331025895e+00
2.497060934664464327e+00,2.996908063816192680e+00,6.628860502615902206e+00,3.618391584267668382e+00,1.502339332839205843e+00,5.938720642222862445e+00
3.606832986616448355e+00,3.690637114216954728e+00,8.133989384379120224e+00,3.263609043503882923e+00,8.212466779485678714e-01,6.211670377575843283e+00
7.755083983197263997e-01,3.202578357658048880e+00,8.072338425978676568e+00,3.828964903282933374e+00,4.794433672153026293e+00,8.711307924658589386e+00
3.550054291282022323e+00,2.272004401533540996e+00,5.273402810651885986e+00,4.904599682532170490e+00,2.614215234922571796e+00,4.849695261737434038e+00
3.259298441574947525e+00,2.583433677456940192e+00,2.967094591601957099e+00,4.309667326779876184e+00,2.904223342596360613e+00,4.665945562620987808e+00
1.395846482470870065e+00,2.761297064889174369e+00,3.673141485956532115e+00,4.693381813852658624e+00,3.406213625011739854e+00,1.845352848424251402e+00
1.160440182266226028e+00,5.038576949975876573e+00,2.503145398274397859e+00,4.265809792946002155e+00,3.723977716443561459e+00,2.728757280428404819e+00
3.847469961326089205e+00,4.946750931931018336e+00,2.323799486147945625e+00,3.535430117456150434e+00,3.994713263068388809e+00,1.495297385519865241e+00
2.456361283476323543e+00,3.107885093603436122e+00,1.929783614775871126e+00,3.778419676046872677e+00,4.120837642516498533e+00,2.838694219451483036e+00
1.458845592902353383e+00,3.825995871706807883e+00,2.531222187853634509e+00,5.402809655887686802e+00,4.833041105559285455e+00,2.670526007713396321e+00
2.519206417377294560e+00,2.351256981022388004e+00,4.463203931105074851e+00,4.316994357343180155e+00,3.131054501057038753e+00,5.570299877516788456e+00
0.000000000000000000e+00,0.000000000000000000e+00,0.000000000000000000e+00,0.000000000000000000e+00,0.000000000000000000e+00,0.000000000000000000e+00
7.202039785343483658e-02,3.341871874097771755e+00,6.499190331832476630e+00,2.152784299857945616e+00,4.776418548926640639e+00,4.993268986394343578e+00
2.278996293570074272e+00,4.330621473063317239e+00,4.483116574988666336e+00,1.960462501035784122e+00,5.259775789337799878e+00,4.696248849274923032e+00
4.035954387406286870e+00,1.176002370387962959e+00,5.360374833684852902e+00,4.175755895159237951e+00,3.748873713737366664e+00,5.256429993233061815e+00
0.000000000000000000e+00,0.000000000000000000e+00,0.000000000000000000e+00,0.000000000000000000e+00,0.000000000000000000e+00,0.000000000000000000e+00
3.143784273191237766e+00,3.569131226839701743e+00,6.063323892796219639e+00,2.296293304709185801e+00,5.281496524878311227e+00,1.663143742720420537e+00
6.265761608868307686e-01,2.756686818706046260e+00,5.631800626828808554e+00,2.422154470835923057e+00,6.019580404675308749e+00,4.014516289668916826e+00
3.568126959955408850e-02,7.893696840615107568e-01,5.222997261336437269e+00,1.079755297386882695e+00,6.380600628160644661e+00,5.364304055201953858e+00
0.000000000000000000e+00,0.000000000000000000e+00,0.000000000000000000e+00,0.000000000000000000e+00,0.000000000000000000e+00,0.000000000000000000e+00
0.000000000000000000e+00,0.000000000000000000e+00,0.000000000000000000e+00,0.000000000000000000e+00,0.000000000000000000e+00,0.000000000000000000e+00
3.200411541864198739e+00,5.633908762066950793e+00,9.370043971354617085e+00,6.363136861845161363e+00,6.114845449092366714e+00,4.531311009901041409e+00
3.547077598725167924e-01,5.242010461624349915e+00,6.859124343077548147e+00,4.813376590687974854e+00,4.653196822960341983e+00,6.692942351964312309e+00
5.620389916579629386e+00,2.832962154485239470e+00,6.337227544893053732e+00,6.082884033004463120e+00,3.117580121340791433e+00,4.139061018782897783e+00
4.019252308986502875e+00,1.930845787899407417e+00,5.933540639232457004e+00,4.663569382024525645e+00,2.342519859818409600e+00,4.617003165035808543e+00
3.578176401191483169e+00,4.029025554965175004e+00,5.080034517335517918e+00,4.368544796639809213e+00,1.500087049116469284e+00,6.047030418552285624e+00
1.380102226537239796e+00,4.375750595059397341e+00,5.397418297038473867e+00,5.253728588779814856e+00,3.251843578270945390e+00,4.459231601733752548e+00
4.549779053444565236e+00,3.115654438085130096e+00,6.276691397024054986e+00,4.687337957574896130e+00,2.854542863185093093e+00,4.144962031796921131e+00
4.500987526111400072e+00,3.226062745371132134e+00,8.195256011376981675e+00,4.431339014503472562e+00,1.787306810121975786e+00,3.496964102608039138e+00
1.093239334215255321e+00,2.707881322017263059e+00,7.431116590465524752e+00,3.898364116537542223e+00,3.614718736030055002e+00,5.941119080169264599e+00
2.072405366376482760e+00,4.659878005502850584e+00,6.139994549512858057e+00,3.045810276720041454e+00,1.875376158810301286e+00,3.636828883938605372e+00
5.263149991418305973e+00,2.999156660899368276e+00,4.581600309960799144e+00,5.027218702734777445e+00,3.187466132784461337e+00,4.625277052830822910e+00
2.566181214284897205e+00,4.370834922301229497e+00,6.996533662090775429e+00,6.996716833209070785e+00,3.177888502416994498e-01,2.583529967976479380e+00
0.000000000000000000e+00,0.000000000000000000e+00,0.000000000000000000e+00,0.000000000000000000e+00,0.000000000000000000e+00,0.000000000000000000e+00
0.000000000000000000e+00,0.000000000000000000e+00,0.000000000000000000e+00,0.000000000000000000e+00,0.000000000000000000e+00,0.000000000000000000e+00
2.743525465848410061e+00,3.270006781496895609e+00,4.506094430603880596e+00,4.739378742040636361e+00,2.794203014509753835e+00,6.410177930286850234e+00
2.215832288209996115e+00,2.792591422994658679e+00,5.401639211927685480e+00,4.261248932111162624e+00,4.031979529763294323e+00,4.371095883139437532e+00
1.802485962970181266e+00,2.575029682821598165e+00,4.587165414937122598e+00,4.580775389277178533e+00,4.557836791595341275e+00,4.402079574148312524e+00
1.658965955740558496e+00,2.744725396786527938e+00,4.946999972276585389e+00,1.860151203430713718e+00,2.556965847944333348e+00,3.404388691090958652e+00
0.000000000000000000e+00,0.000000000000000000e+00,0.000000000000000000e+00,0.000000000000000000e+00,0.000000000000000000e+00,0.000000000000000000e+00
1.011628922928500929e+00,4.761046841095545545e+00,5.902759090581361612e+00,4.932024721029204528e+00,6.642942881504651176e+00,5.200326591131690712e+00
3.665712123941111233e+00,4.384099646643678128e+00,5.569805666023277979e+00,4.396962693301095015e+00,3.702371382304222358e+00,3.131220022333464748e+00
5.415139825180769861e+00,3.453908264999484778e+00,4.409577318605617080e+00,2.130709719125868595e+00,5.882986773544232051e-01,2.197268759759186008e+00
8.083443743019991246e-01,2.716997249228226607e+00,5.058355123572538581e+00,2.463219433824828108e+00,2.059450404984114691e+00,6.239958161978351292e+00
8.727812327880000165e-01,3.832723517955825443e+00,4.916182400884907544e+00,2.651350535209275439e+00,2.829204163985433951e+00,1.758498650363597982e+00
0.000000000000000000e+00,0.000000000000000000e+00,0.000000000000000000e+00,0.000000000000000000e+00,0.000000000000000000e+00,0.000000000000000000e+00
2.704056943770958732e+00,3.261371930193848190e+00,2.382727156176079220e+00,1.802315562427931006e+00,3.984097316556760138e+00,3.617318075609468053e+00
