VR1,VR2,VR3,VR4,VR5,VR6
2.469426852803969119e+00,2.926460339263310839e+00,4.912813285170958721e+00,4.286198159450218093e+00,3.061313091152171317e+00,4.375044019969513975e+00
2.321105989727200836e+00,2.903284786700063513e+00,5.004037936893727334e+00,4.247372872104059560e+00,3.104890672386909412e+00,4.469665526488646456e+00
2.498624467221907786e+00,3.101410558601251477e+00,5.159673213739513820e+00,4.424664694229140771e+00,3.045644594678210026e+00,4.580434701436248979e+00
2.425016422597210397e+00,3.099256939276890943e+00,5.150312111384689473e+00,4.447056444975872935e+00,3.292267218201756052e+00,4.509632441070529296e+00
2.460517387858637051e+00,2.765057220415763961e+00,5.132348843614372491e+00,3.990879376961129932e+00,3.421881692403144548e+00,4.386024778501480981e+00
2.332110058253163754e+00,2.692495726388334010e+00,4.819146321543282596e+00,4.072905687051561863e+00,3.182797322541499163e+00,4.366980192086214352e+00
2.405894423794094461e+00,2.758146493677926969e+00,5.143226695643470237e+00,4.140213759724361786e+00,3.235996143320091445e+00,4.565049802355916952e+00
2.399094335734907268e+00,2.933349964087970996e+00,4.881595104498213544e+00,3.869274882238971536e+00,3.248165024882367025e+00,4.122620830228561850e+00
2.434005610525608265e+00,2.940695382653169432e+00,4.862776089359238441e+00,4.226570390047369230e+00,3.199218948503389726e+00,4.538049142656728208e+00
2.444146500345201201e+00,3.114303401898096180e+00,5.110440892359848775e+00,4.221593193465122518e+00,3.172276596174870900e+00,4.695572676575237914e+00
2.521243363207336330e+00,3.244564950531353187e+00,4.958420615920998920e+00,3.969724543469411060e+00,3.338847990011874600e+00,4.555811576976777744e+00
2.306836913476435491e+00,3.171962658217242215e+00,4.742151725677414831e+00,4.022389715446915481e+00,3.164443271179401052e+00,4.416193052523077256e+00
2.638992292839732912e+00,3.127955816799971700e+00,5.228004725489200588e+00,4.225283652749790342e+00,3.324269921066362876e+00,4.461829921787147768e+00
2.403792130375079772e+00,3.095130507637641415e+00,4.979098519526839794e+00,4.182720358046471354e+00,3.275534266500879532e+00,4.508504840043462636e+00
2.465289994511139060e+00,3.180624540632738029e+00,4.905635917860129425e+00,4.240447249752406833e+00,3.183822981295241217e+00,4.390067849850784576e+00
2.468746811840727862e+00,2.949363160560967145e+00,5.039157904967007440e+00,3.921785766651945782e+00,3.167552529328578892e+00,4.115424633652080111e+00
2.479140606816741421e+00,2.710757212418848816e+00,4.840565977747959714e+00,3.835397611301605281e+00,3.042619996155442763e+00,3.723360564684740304e+00
2.562940210468364288e+00,2.913776469385306545e+00,4.937913522038792635e+00,3.749827449254954814e+00,3.307534295770026223e+00,3.614985004659343915e+00
2.753323573927347390e+00,2.858632729946164019e+00,5.049766373903145755e+00,3.920297154315803834e+00,3.321635505472789518e+00,3.554360597202817829e+00
2.528132432811619701e+00,2.869837301552749409e+00,5.045394279087523692e+00,3.831990737027527238e+00,3.118446140151654333e+00,3.597540116219973605e+00
2.560888955139218215e+00,2.794292768437273811e+00,5.005935181587457983e+00,3.657933483505050098e+00,3.181359527218524885e+00,3.504219187515948519e+00
2.549481371701426635e+00,3.069727783767168816e+00,5.249010577814209100e+00,3.785928601735092602e+00,3.455717176697250981e+00,3.576117959158537918e+00
2.702384437675354079e+00,2.992216161463206348e+00,4.675576103884641732e+00,3.787960231062928340e+00,3.117137323687477313e+00,3.781369275016988496e+00
2.445382257896012046e+00,3.287271705003294908e+00,5.154326902023663060e+00,3.677569956985298649e+00,3.352425990026168368e+00,3.682976645551008232e+00
2.382537041146768786e+00,3.301277805129857690e+00,5.218428744257658458e+00,3.769901789250631463e+00,3.079858718667709105e+00,3.787936718504740785e+00
2.400069559919282725e+00,3.117137780347607467e+00,5.116103765272526971e+00,4.192968075379713611e+00,3.137947361409875402e+00,3.893926514824967988e+00
2.370561773486675960e+00,3.319191466099220111e+00,5.202141889383757878e+00,4.096713451165550524e+00,3.242782573872368790e+00,4.047936362565923041e+00
2.371364370275157007e+00,3.300657266636139564e+00,5.233618901887301611e+00,3.936813571682548751e+00,3.026362323193065862e+00,4.202716483641620648e+00
2.272162730458632929e+00,3.120426833196562111e+00,5.009441147712123232e+00,4.099855832054232430e+00,3.321884129885825487e+00,4.346001288874782098e+00
2.449628022842331720e+00,2.989334692537072513e+00,5.294883947900661525e+00,4.220677971433040909e+00,3.299149478732113394e+00,4.512850762465347998e+00
2.390208270130116830e+00,3.004863938876134455e+00,4.833244373780618552e+00,4.176434451138377746e+00,3.448205263565378598e+00,4.423900675207416811e+00
2.545744057732473031e+00,2.981772322777288764e+00,5.099408650145464073e+00,4.256635324227379336e+00,3.212620541111804062e+00,4.696664672908262617e+00
2.286609162964986286e+00,3.270875090887555459e+00,5.194731619257213495e+00,4.452112080139693617e+00,3.310074065099827934e+00,4.821827447812745859e+00
2.361745815718490071e+00,3.146631265148367884e+00,5.145273431965939004e+00,4.409523822474183063e+00,3.212890370537351714e+00,4.755709156922191205e+00
2.443359756434961394e+00,2.911371879275830299e+00,5.168852494751859261e+00,4.201978360537850676e+00,3.446666961342399027e+00,4.571896616082969267e+00
2.412276963361692506e+00,3.092195052621638851e+00,5.004021136765490319e+00,3.968661792104279495e+00,3.202683704284011501e+00,4.318688715080697627e+00
2.425396324766857070e+00,3.083606974343625406e+00,5.148373655236234470e+00,3.940819307296569374e+00,3.176326450999291229e+00,4.302521407442926105e+00
2.128096323876871754e+00,3.138732449267411795e+00,4.623399361535776464e+00,3.988866571616296763e+00,3.024398916375343305e+00,4.244486842897734924e+00
2.360074204710871815e+00,3.195917233265015867e+00,4.802932219200005903e+00,4.323162325978789688e+00,3.243020777765616369e+00,4.644556895093602478e+00
2.360454957640921947e+00,3.064535336671323495e+00,4.904422740845706841e+00,4.334129286864260244e+00,3.337312367214388509e+00,4.583107666958854409e+00
2.286609919788120671e+00,3.072273379096033263e+00,5.238266339571657326e+00,4.189643921180294051e+00,3.252599354683110455e+00,4.450439002863377347e+00
2.407107187482936617e+00,3.190954575868989895e+00,5.115913929057322562e+00,4.194631267662674468e+00,3.320179693077246252e+00,4.698931644645108818e+00
2.424873726707145405e+00,3.125632625277822374e+00,4.892821745037743142e+00,4.091404323271429000e+00,3.109846124679412682e+00,4.608949895715448442e+00
2.280648193917324651e+00,2.961914135355234734e+00,5.061144943718320910e+00,4.091347968324601680e+00,3.136199257617778180e+00,4.392144881968879311e+00
2.489547937096687757e+00,3.140649016773384261e+00,4.879338032528065305e+00,4.014113777281867357e+00,3.160511124570274610e+00,4.349864356903982099e+00
2.371415917305164545e+00,3.398675231561957943e+00,5.167775046219487578e+00,4.075919900412690033e+00,3.190436321230670114e+00,4.484678297592186169e+00
2.472031304692829945e+00,3.283592522879046349e+00,5.350274026472303213e+00,3.929137324097936368e+00,3.493639097208053990e+00,4.347409675031698839e+00
2.378926954908198610e+00,3.043359265675093628e+00,5.066704529295193105e+00,3.996094283472862330e+00,3.210932943294829034e+00,4.461958201829395065e+00
2.480877215011362491e+00,2.839282207604596486e+00,5.053909723850544822e+00,4.185690418088189091e+00,3.265536600821282942e+00,4.352405083137194985e+00
2.371251706454274633e+00,2.960001673313199522e+00,5.044032524891601810e+00,4.298050505020034606e+00,3.195022071222264781e+00,4.341187147623077891e+00
2.600940510035587128e+00,2.782067672499733746e+00,4.856743999593508221e+00,4.354579997714683515e+00,3.427465427134034126e+00,4.556477984260433267e+00
2.283114972098406525e+00,2.851357733666959327e+00,4.965404279683847122e+00,4.119356514273004422e+00,3.122857875574883035e+00,4.462546937083307519e+00
2.321363718628008943e+00,2.902877111719839753e+00,5.253552755166691846e+00,4.353353919417195073e+00,3.248492945488419714e+00,4.289775291080835551e+00
2.231606873418001236e+00,2.939785473242286784e+00,5.074514031339455222e+00,4.289829700606722973e+00,3.363255183797777992e+00,4.489335095474274340e+00
2.186711162547584131e+00,3.081777931078454547e+00,5.090217018228323731e+00,3.926653863051392523e+00,3.286376206289079338e+00,4.272513651263407652e+00
2.175399477555427730e+00,3.185571187140613159e+00,4.937438335881024543e+00,3.936326333476577233e+00,3.068520972233578448e+00,4.236604153888166913e+00
2.418606101365321948e+00,3.067141706625643227e+00,4.892671575655794136e+00,3.937112903091196436e+00,3.215910917285283777e+00,4.406006825248958592e+00
2.289405283044296358e+00,3.033803341016547250e+00,4.963985022023457816e+00,3.968717985369492940e+00,3.187236908938939184e+00,4.331194897110076880e+00
2.522475768545935804e+00,2.874553206355494162e+00,5.036731493861033471e+00,3.917304335580428454e+00,3.465719508976742524e+00,4.258155544774692380e+00
2.566499267577105670e+00,2.954760812444284124e+00,4.981602504940479292e+00,3.713932335358127279e+00,3.187539975121637337e+00,3.799265075798394342e+00
2.413923791064371382e+00,2.971108691302421168e+00,4.694501105904984151e+00,3.746439945603596389e+00,2.959939704294203722e+00,3.713729185229096341e+00
2.395375036645496003e+00,2.911404562279652275e+00,4.994015301187067379e+00,3.839155304744406028e+00,3.433890313229536417e+00,3.696718458258533069e+00
2.453702114745255347e+00,3.092002159995478561e+00,4.963837299897055466e+00,3.888347045080259523e+00,3.226525764519686756e+00,3.652273537511413704e+00
2.300614381755988980e+00,2.982156915324948976e+00,4.857466572715908981e+00,3.982086372860161649e+00,3.142191488004757005e+00,3.850216656998630249e+00
2.507667422948448355e+00,3.075359390762902212e+00,5.098765479176961435e+00,4.070445760887224651e+00,3.302298702526276664e+00,4.101093896921272908e+00
2.353981058417581096e+00,3.191379941581730773e+00,4.921289440343597832e+00,3.972897190029514913e+00,3.061108528193832612e+00,4.204496704092319348e+00
2.466361495452007890e+00,3.148076310821719570e+00,5.083536559086091700e+00,3.940043751049870480e+00,3.084624079837535060e+00,4.233683106703282739e+00
2.276647507446688756e+00,3.284761666458286822e+00,5.147670423032110421e+00,4.273935820059685753e+00,3.136082487716318923e+00,4.247191433259639659e+00
2.203073685127593162e+00,3.163499054696443658e+00,5.028418033200785509e+00,3.943804884325751825e+00,3.116999949726755315e+00,4.165251146502833457e+00
2.289137061828419917e+00,3.190977746353443667e+00,4.787362598320060947e+00,4.075857291761893819e+00,3.228187939028158926e+00,4.251598781660404391e+00
2.331916962206971533e+00,3.041963456419356504e+00,4.694480934433222785e+00,3.873725425255561294e+00,3.108091194763896059e+00,4.078272445484659947e+00
2.133031862896312969e+00,3.138845716735996216e+00,4.977121195058451519e+00,4.060804630147401006e+00,2.956451948071440849e+00,4.361673267965032075e+00
2.411449951290964400e+00,3.318925932015589275e+00,5.040110278818093370e+00,4.070645715793557606e+00,3.313975415351534615e+00,4.323336194683682798e+00
2.305413047582550057e+00,2.864230194058316137e+00,4.773531780533409652e+00,4.016661746062509586e+00,2.933976977497691596e+00,4.349906281812248032e+00
2.217758813889811442e+00,3.034016487692903663e+00,4.882302389990630154e+00,4.074242307112139194e+00,3.098000676609832027e+00,4.343861708379519015e+00
