VR1,VR2,VR3,VR4,VR5,VR6
3.010601375900189502e+00,2.948284903241376043e+00,3.078119490623923316e+00,5.843040329710492919e+00,4.860016070515106534e+00,4.088684865273029878e+00
3.287522368902469960e+00,3.922719780523603816e+00,3.595821919384140308e+00,6.487335611005960345e+00,2.642556531918426543e+00,1.408159193998121061e+00
2.901588222438214792e+00,3.744360623839228630e+00,4.094819570505812578e+00,4.888391731307034860e+00,5.986978629596073631e-03,3.139636470428888160e+00
4.920775914023354680e+00,3.150560741538568799e+00,3.557722849172205493e+00,5.730444230099906555e+00,2.882666282814812853e+00,4.281225774575068144e+00
3.800556914331070235e+00,3.341902976967835670e+00,3.830224532293944328e+00,4.424776077765470994e+00,3.478151811954130590e+00,2.414040043752502918e+00
3.458245258913247522e+00,2.969718910044745197e+00,7.232503667586753338e+00,4.439418485777935075e+00,2.068600197199684132e+00,4.980365303318272652e+00
3.759690530297674194e+00,4.333645300723649285e+00,4.256129120701297452e+00,3.893093912761712350e+00,2.893737751890230747e+00,7.551410722187910984e+00
4.039408946243721488e+00,1.907908624230193251e+00,4.566111717612761467e+00,3.557365666634337398e+00,3.945474606184931066e+00,4.726210751434964052e+00
2.229759982865189727e+00,2.999186866010519203e+00,3.188683757137842800e+00,3.900115546743897266e+00,5.793242453589193985e+00,3.198320028567191997e+00
3.172208299388189268e+00,1.089324430116265008e+00,5.023015121668246152e+00,4.972109008462835433e+00,6.667318242705569276e+00,3.006163179806113916e+00
3.145566063556756387e+00,4.735090129429405437e+00,5.418745299182091024e+00,4.474082927892648165e+00,5.683522308514718624e+00,2.720954424044038866e+00
1.321027962293780167e+00,3.593403417872319761e+00,4.615105649132290822e+00,4.235753268351433398e+00,4.080916787906567755e+00,3.253897829270001818e+00
1.450534613186370780e+00,4.759933774379983440e+00,6.756657829760898792e+00,4.307686683622381274e+00,4.521808591203382299e+00,2.474229313320894796e+00
2.950499768403412659e+00,2.434308158285928503e+00,4.697097873830922588e+00,3.736101946791648754e+00,3.417609565467558230e+00,4.231925005283340369e+00
2.553793053088983189e+00,2.403597780745814649e+00,4.825014824225396737e+00,3.860884923595261142e+00,2.926016152103640078e+00,3.113153077234909638e+00
2.829615644065546665e+00,4.141862450961834696e+00,5.061141583471618688e+00,3.599576333634998626e+00,4.409888756870138593e+00,2.573077158899158778e+00
1.971108659672956120e+00,7.205287821202728260e-01,5.357399925237734450e+00,3.574233549917524400e+00,5.030106035168716794e+00,5.456001110273850152e+00
1.045491202799951669e+00,2.213601220676999937e+00,7.331748874575730213e+00,2.677136332112514339e+00,4.641632900977018750e+00,3.303843739800016444e+00
2.411895345669628377e+00,2.859848122658324332e+00,9.070245223795907918e+00,5.576367526238187544e+00,5.937447109260094891e+00,4.803377459836399410e+00
0.000000000000000000e+00,0.000000000000000000e+00,0.000000000000000000e+00,0.000000000000000000e+00,0.000000000000000000e+00,0.000000000000000000e+00
9.797730308223726592e-01,4.121080626215610998e+00,4.360920634364265247e+00,4.265518784904987371e+00,4.166225016506178491e+00,4.540678720705925819e+00
2.271864908674383177e+00,2.663721383865350845e+00,2.670227133125361529e+00,3.036913197308520829e+00,3.171993863605242048e+00,5.483916591875396485e+00
4.133187194504335693e+00,6.000542586474217899e-01,3.050655499175793928e+00,3.596188833471078983e+00,2.533616723770416357e+00,4.660018926991374322e+00
3.308419735085628144e+00,1.398826121910099918e+00,4.957697481965266384e+00,3.770565833690722179e+00,3.180161545948595236e+00,6.121021709329749427e+00
1.379921290948625812e+00,3.031201659721004749e+00,3.988375685656397884e+00,5.135402814118865678e-01,3.179725557890508369e+00,3.004259977353810562e+00
3.099837014673260338e+00,2.733065521350157567e+00,3.401902161601660701e+00,2.673958133944335014e+00,3.796231359489501411e+00,3.645412575786306952e+00
4.211478355667090057e+00,3.135701789146655649e+00,4.322727026747195112e+00,3.193643463618109468e+00,2.958693639757897120e+00,2.773321571089005566e+00
3.714724874523668063e+00,2.704104653849779716e+00,6.201289530174815212e+00,3.730756743822765564e+00,2.385134219122097665e+00,4.608560104191217199e+00
1.341885587004969960e+00,3.488140405372891273e+00,1.885586446196786170e+00,5.805401674175977078e+00,3.258313826070677877e-01,6.481731721032447879e+00
2.412475212784031431e+00,3.567373658015783988e+00,4.435206763918453809e+00,6.619247384323621475e+00,2.740072128686970032e+00,3.825164337320350327e+00
2.547217052480763577e+00,2.225017257929868375e+00,6.398816750192349190e+00,5.979268881480431119e+00,3.042015376027773943e+00,2.286686374329785387e+00
6.890166006118720876e-01,4.570270185177255584e+00,6.005772361526376280e+00,4.990649777384852825e+00,3.753643360145357377e+00,5.603496982671195781e+00
1.616694125553806316e+00,4.955042458476787814e+00,8.104889889546361914e+00,5.416426188773882267e+00,5.354611270639638931e+00,4.393111359126427473e+00
1.778912768742729078e+00,4.281879945501009033e+00,8.005176493933978676e+00,4.991904065498522947e+00,3.911636924128479631e+00,2.877474743372832489e+00
2.178579486363525497e-01,5.229916837055029077e+00,4.735962811000278272e+00,5.086905792440481910e+00,4.086410741780462708e+00,6.472402428683835751e+00
3.469153751090986670e+00,1.110757042456981258e+00,4.339772067767511565e+00,5.389716037789057168e+00,4.559488060007621968e+00,3.282677746638755334e+00
1.968062779935328743e+00,3.838437757428002861e+00,6.149670128694712190e+00,4.394623615960371765e+00,4.891653394666852783e+00,5.552974157815305567e+00
2.937083844142604150e+00,2.012306725154960230e+00,2.908672848615033502e+00,2.026944134044165846e+00,3.144127067494363548e+00,4.360651377729251266e+00
1.331990681825884426e+00,8.406433442914171827e-01,5.154903382401244016e+00,1.987747469614233431e+00,2.535217994686534304e+00,3.842998484779779567e+00
9.436444037171174415e-01,2.926510693783457739e+00,5.432549573079314520e+00,3.227251772881555958e+00,3.889206750637151266e+00,3.740352257177759210e+00
8.174903586911907993e-02,2.489795751023144543e+00,4.586607148109931309e+00,2.759341706504888414e+00,3.955922579759798108e+00,2.858806424298373727e+00
4.521833798997880294e+00,3.417230719105678105e+00,4.894124331356967339e+00,2.897287097877600193e+00,2.631735911084120527e+00,4.858506449297903096e+00
1.396005875161111298e+00,2.129844476801312503e+00,6.481037313035087344e+00,3.767177878953441361e+00,3.730686700533059508e+00,6.182067057352064410e+00
1.047427154358147039e+00,1.650178172606475924e+00,5.576987698853547393e+00,2.139779058455838268e+00,3.947994329048702511e+00,6.357073422800048945e+00
1.603587015975340702e+00,4.265995560565674083e+00,5.929719223816823259e+00,1.872737555932134867e+00,3.677231621371217063e+00,5.453961324145402578e+00
2.026792427351006953e+00,2.158803983249717451e+00,5.762609090373684850e+00,1.957425061974474634e+00,4.585157179739039357e+00,1.635178291791457017e+00
1.593297202560434389e+00,2.869860606488193078e+00,6.945502054475980458e+00,4.798869622395807610e+00,5.420903942137375253e+00,3.913431844543884708e+00
2.281635123911590846e+00,2.763209254445780250e+00,3.729722837776710431e+00,4.037882430765198372e+00,4.926332260225303017e+00,2.286456383477320387e+00
1.414422674569124405e+00,4.262399950873921206e+00,5.118755092082348135e+00,7.157253612561081724e+00,3.375859032728291798e+00,1.406665509470746755e+00
8.963037345958155822e-01,5.650202052389273533e+00,2.470089381436634035e+00,7.027944469114300041e+00,1.352863897693722839e+00,2.945030900443119215e+00
3.965283154400039312e+00,3.652616916753833376e+00,2.937770037613145924e+00,5.133995081666900440e+00,7.478421737044449458e-01,4.868711455682522171e+00
5.682018340399299206e+00,3.353518202183046970e+00,1.010697208204015318e+00,2.657714877845015700e+00,2.168071957533800997e+00,3.239974006477067903e+00
5.056347024224349340e+00,3.210159279535064414e+00,6.401252438066793893e+00,3.397659177130138985e+00,2.675610856373242363e+00,1.356988231928657029e+00
1.365586976720054579e-01,3.656606494730643142e+00,4.841408560875516187e+00,3.962401513256082364e+00,1.481223709394023480e+00,3.616555988367600172e+00
1.859967665521756075e+00,2.687759731644797423e+00,1.364507538770067807e+00,2.977626136331021911e+00,2.210017913127098943e+00,5.080304464679531229e+00
3.925393249860959610e+00,3.757854881261286195e+00,1.041275131374129970e+00,3.414145058463478488e+00,7.811837578641820379e-01,1.072033259954251694e+00
3.389435092386280157e+00,2.168156430442078175e+00,4.319577206747848841e+00,3.952980005265477992e+00,2.002314889927080621e+00,3.145656449864042248e+00
3.737278791831131208e+00,4.174770409861120690e+00,5.770106291212291794e+00,4.609722164270690925e+00,2.289210167647821592e+00,4.209064096045731951e+00
1.784479122667022022e+00,5.557792334735786710e+00,6.593543980744573041e+00,5.016296716682912660e+00,2.075312224270525974e+00,4.932514517986841263e+00
2.499753272328683273e+00,3.024478078404758463e+00,6.802460001206437568e+00,5.843200304885899143e+00,2.944205051084224589e+00,6.685515022727972934e+00
2.367339854614198380e+00,2.921288149444613236e+00,6.710095873212094553e+00,5.074577155010040030e+00,2.548907527347543223e+00,3.403119706492946595e+00
7.826542134403189355e-01,3.309249818295912249e+00,4.514439072693051891e+00,3.997686507482975049e+00,3.714732981928449362e+00,5.070415326999618166e+00
4.520311089552090600e+00,2.062935724547554361e+00,6.442547619504676248e+00,2.798509060826692263e+00,4.793151996435466522e+00,6.171673021198074593e+00
0.000000000000000000e+00,0.000000000000000000e+00,0.000000000000000000e+00,0.000000000000000000e+00,0.000000000000000000e+00,0.000000000000000000e+00
8.823276527392169832e-01,2.614399346727406481e+00,6.211346628658636959e+00,4.218209263993895952e+00,5.263603694082751971e+00,3.329385296561352625e+00
2.727915552095843132e+00,2.919800909357237462e+00,9.500892373974327398e+00,4.233806654999050068e+00,3.364095451213455767e+00,3.549412689939923204e+00
0.000000000000000000e+00,0.000000000000000000e+00,0.000000000000000000e+00,0.000000000000000000e+00,0.000000000000000000e+00,0.000000000000000000e+00
7.794653610319484116e-01,5.064670501379729295e+00,8.124342975791307708e+00,2.974096444191244970e+00,6.158378124990997016e+00,2.878686817174768819e+00
1.159152829736125323e+00,4.209284121188003880e+00,7.103690063433477420e+00,3.428450780767090311e+00,4.733135330349893977e+00,4.169748619290384539e+00
3.652916102741701643e+00,4.485821767711576591e+00,5.880614780242801487e+00,1.880300341086578175e+00,3.709584716189055609e+00,5.917725681365537227e+00
0.000000000000000000e+00,0.000000000000000000e+00,0.000000000000000000e+00,0.000000000000000000e+00,0.000000000000000000e+00,0.000000000000000000e+00
3.551451038208022659e+00,2.452052905958266749e+00,3.001478478488452506e+00,1.558214361444645313e+00,3.139373477721843830e+00,4.170137530139954585e+00
3.515063149343120585e+00,2.346763855119230691e+00,4.939957600921294656e+00,2.283625374848756273e+00,7.889295868354171404e-01,1.024299119106918621e+00
1.596860862302682982e+00,9.675736968555472828e-01,2.821268666861207031e+00,4.014028859757914347e+00,1.349917210672092027e+00,5.242677998814862406e+00
3.646556018292113066e+00,3.770487404758112948e+00,3.045248549875565480e+00,1.577049529451264753e+00,1.094760707595884952e+00,3.898038107634006710e+00
3.309481619301907429e+00,1.783568878615686693e-01,3.792155879423588338e+00,2.900101547915899580e+00,3.939740836921863831e+00,6.096819217530367041e+00
2.006729851103010720e+00,2.674466895677491518e+00,4.845403649869515661e+00,1.010826687408791003e+00,4.551766132862476333e+00,3.453727145969935020e+00
3.551053585561280812e+00,2.947344353426997188e+00,6.893763315368696354e+00,1.412874419747171650e+00,4.173529638764501115e+00,4.808235356516695091e+00
2.417583701596932588e+00,1.598148401678822550e+00,5.143814655821419279e+00,4.005638860997280837e+00,4.985985319460157328e+00,4.019872022996132443e+00
0.000000000000000000e+00,0.000000000000000000e+00,0.000000000000000000e+00,0.000000000000000000e+00,0.000000000000000000e+00,0.000000000000000000e+00
4.361600890890945159e+00,2.700358726772242868e+00,4.816233843410135940e+00,3.881696687057364148e+00,5.047626638882849903e+00,6.865212455824751814e+00
2.122680416173249540e+00,2.604703993920759242e+00,4.802922142820307272e+00,2.656492424662649565e+00,5.179084069672331481e+00,4.811496888578874476e+00
1.380348394209579777e+00,1.636075241282872961e+00,5.670423781843905608e+00,3.341106601696039569e+00,4.071212125926350289e+00,2.268526137264276432e+00
8.723660364165430892e-02,8.304821239308424197e-01,5.738833032970537040e+00,2.962571266827183969e+00,6.009915710812268941e+00,3.796109978204146085e+00
3.821887046320805670e+00,3.905407909275656841e+00,5.288718572869379742e+00,4.470448715524567795e+00,3.849336519114298305e+00,2.372645596659515466e+00
3.160026125753389703e+00,2.120077612158838942e+00,5.039529160695774834e+00,4.141474861246487116e+00,2.800439826695711787e+00,5.827043620347740038e+00
2.079640143189346979e+00,3.658108540404156894e+00,3.642552366053756430e+00,4.057327181312710529e+00,4.303191700198499170e+00,3.491216318442240230e+00
2.171173695309728036e+00,5.274173706090277136e+00,3.411845175801989871e+00,4.462502415717557902e+00,1.640328886176716683e+00,2.179872295868068743e+00
5.218360588780429410e+00,4.412024579039723449e+00,1.869156170058560384e+00,7.642801077451354175e+00,1.466041491478273118e+00,4.563105142735815356e+00
0.000000000000000000e+00,0.000000000000000000e+00,0.000000000000000000e+00,0.000000000000000000e+00,0.000000000000000000e+00,0.000000000000000000e+00
3.130590186407856024e+00,3.622946164101874089e+00,2.297924923176921208e+00,5.156570908337051229e+00,1.682040044869093087e+00,4.573806652548342733e+00
4.799893460614738316e+00,2.419668906422106858e+00,4.541052800237780573e+00,5.354188977126963067e+00,3.842615052527648345e+00,2.832167074008472341e+00
4.099071607001164352e+00,3.897894865231323891e+00,5.769845080273294791e+00,6.182672148136354018e+00,4.369108086720227213e+00,4.117982907558876526e+00
4.460973979538215062e+00,1.282945599838166917e+00,4.450852451671977406e+00,5.029517846550154658e+00,4.607301519338491858e+00,5.098870447825202490e+00
5.845880560023200445e+00,4.260973024326339953e+00,3.258411289181085024e+00,3.237036075674467828e+00,1.292178805232683025e+00,1.007119980497581224e+00
2.959958681534936353e+00,4.383546105521169522e+00,3.520337532454875795e+00,3.157509807180897354e+00,2.003480528386964554e+00,3.403071370914985572e+00
1.395144654820127839e+00,2.370748742524041219e+00,3.272712694078528273e+00,2.813414070694544300e-01,2.480656185671913150e+00,3.835826040099143963e+00
4.039754248051147023e+00,1.861943553032573639e+00,1.784210734925664177e+00,1.665254678731916460e+00,2.021369103146140933e+00,3.075179420634227778e+00
2.190128065791140166e+00,3.950797527206165949e+00,3.908588208765593208e+00,2.046948584935434301e+00,4.910726786345392725e+00,4.223924320190922899e+00
3.271951908512320983e+00,4.369894566988518747e+00,4.600373455489990882e+00,3.671456662787297986e+00,2.809925519028851681e+00,7.831556969274027225e-01
2.262715189939430882e+00,3.601619932849212891e+00,2.042383497586424568e+00,4.563957002216989522e+00,2.501546162716138610e+00,4.807692315354054280e+00
2.301787299072369120e+00,4.212062447309179447e+00,1.581759887936160958e+00,5.979491788729518476e-02,1.345993937057663459e+00,2.605806118552512984e+00
1.558721873767335175e+00,1.425047381528562696e+00,3.514085328238474304e+00,2.774065129806012830e+00,3.722720109352268825e+00,2.868212884980767541e+00
2.852137317546499240e-01,2.461314213566047293e+00,4.370777945868223213e+00,2.206631471240668052e+00,4.950963412033031474e+00,4.727427744626799822e+00
4.517791058380598024e-01,3.512024839352607231e+00,5.031230502393971626e+00,1.985932748499920297e+00,2.993312268202226178e-01,2.027583674586552753e+00
3.005609496293993210e+00,2.813823154926753833e+00,3.581473514007656789e+00,3.470170560523061720e+00,3.641556165882139595e+00,7.097578551698981997e+00
2.609585619929864819e+00,1.033317930077090496e+00,4.517753580162590765e+00,3.418372541171642354e+00,2.469840279438398234e+00,4.623490901266715802e+00
2.450054965847336952e+00,5.346946813929950082e+00,6.902270326531185773e+00,2.557292892825529407e+00,3.546444693003902415e+00,5.833620808427699700e+00
2.038079792833081161e+00,3.913415436546335613e+00,3.959350070124867393e+00,3.434590370896243972e+00,2.951681806235776140e+00,6.961718928204605916e+00
1.872600348794665859e+00,3.205370249138771221e+00,5.893364100441105258e+00,6.172488849719020010e+00,4.215186235788220159e+00,6.380998752210841118e+00
2.569752445910090444e+00,4.364122738670241475e+00,2.973425378091864246e+00,6.047148349125698985e+00,2.098994774255055873e+00,3.425465323944635987e+00
3.976297612486245470e+00,2.305051564002960074e+00,2.520982269752065630e+00,5.920815448275753567e+00,2.366326594814463391e+00,3.271521653233640414e+00
5.187934180101423820e+00,1.930749296935283077e+00,2.417759442425962302e+00,4.339275912181328465e+00,3.560037989019363636e+00,5.494868788156336059e+00
3.355451062023315334e+00,4.883279044014775749e+00,7.118507825293944435e+00,6.244689031978056803e+00,2.907235929935403806e+00,1.974349345986847304e+00
1.623388249518533222e+00,3.261087803101331062e+00,6.087872237519360574e+00,3.877352568251302145e+00,2.993428513407109470e+00,5.324709669100290199e+00
3.811709624214879355e+00,3.341899345113287456e+00,2.404181445320313859e+00,3.820793057900984557e+00,1.700144310184644736e+00,5.245828050793575059e+00
0.000000000000000000e+00,0.000000000000000000e+00,0.000000000000000000e+00,0.000000000000000000e+00,0.000000000000000000e+00,0.000000000000000000e+00
3.459292160048771159e+00,3.204304757547627336e+00,3.926373940448941724e+00,2.876147089908692056e+00,3.555152355819362064e-01,5.681218227405556931e+00
5.670114633114444302e+00,2.162026462754929934e+00,3.035386359692157310e+00,4.824603275177523187e+00,8.287225541734137835e-01,3.831926028583974464e+00
4.180859464779303813e+00,4.986140301880494619e+00,3.811737560722311180e+00,6.813321675788710508e+00,1.724045189025984248e+00,5.121245200228036865e+00
5.243281227150654367e+00,3.125691950584328804e+00,5.299022939341750948e+00,6.605115463489200422e+00,2.086494062057782539e+00,3.440509358292249686e+00
2.506993904930878703e+00,2.351427404610836103e+00,6.373376603276649455e+00,6.424334334594178131e+00,3.344536962872792785e+00,4.358820175516226136e+00
3.854946908473435130e+00,3.582336598594250354e+00,5.719556856645255039e+00,5.777257807443890059e+00,2.400638764210809128e+00,5.604992718531841334e+00
1.424150340457007502e+00,2.181839363013001964e+00,7.805246588093604387e+00,4.212949280913282912e+00,3.593129992928865590e+00,4.200414934557619162e+00
3.000527639207789754e+00,4.878419281218205228e+00,5.456896152223215779e+00,2.375550567621458775e+00,1.807291282685715927e+00,3.339202843477262483e+00
2.082082673577085430e+00,6.952879972326497793e-01,5.757996354772194181e+00,3.560816469869570788e+00,3.177478345516576486e+00,5.936288676615959048e+00
2.225889874093704979e+00,3.862029833468992646e+00,7.122143526253444712e+00,3.856233436744703980e+00,4.846277633030704024e+00,4.898416357325191761e+00
0.000000000000000000e+00,0.000000000000000000e+00,0.000000000000000000e+00,0.000000000000000000e+00,0.000000000000000000e+00,0.000000000000000000e+00
3.880403907164420296e+00,4.164856028221561424e+00,7.529324053087525392e+00,5.865279623665922593e+00,3.061497016781349778e+00,3.794849556927686329e+00
9.628819139241842073e-01,1.440128489159405056e+00,7.007725019797289789e+00,3.243359015785061139e+00,3.722749759619822019e+00,4.820185084829907041e+00
0.000000000000000000e+00,0.000000000000000000e+00,0.000000000000000000e+00,0.000000000000000000e+00,0.000000000000000000e+00,0.000000000000000000e+00
1.785409396393453418e+00,9.048526826491114505e-01,7.145512467511128563e+00,1.289514922388346196e+00,4.798057518790422193e+00,2.319819251026595808e+00
0.000000000000000000e+00,0.000000000000000000e+00,0.000000000000000000e+00,0.000000000000000000e+00,0.000000000000000000e+00,0.000000000000000000e+00
1.011877280502623933e+00,3.351346942236263615e+00,9.247364056019392820e+00,1.827802329331961406e+00,5.086446831050890793e+00,4.470358191088872779e+00
3.190353427776656758e+00,2.415621422819759889e+00,6.968057952285005463e+00,1.750896604686299707e+00,5.175391558648435364e+00,6.918212489171214230e+00
1.792518512081410442e+00,2.261515205594429645e+00,6.294478168882179148e+00,2.392512833408976469e+00,1.413269166257254295e+00,1.762112951166637131e+00
1.522355869831775621e+00,3.393829803604901052e+00,4.977954717249042815e+00,2.766145776851391958e+00,3.013577360205703215e+00,4.678747889856652797e+00
2.044138351085305061e+00,3.950901194112298231e+00,6.573992880264728278e+00,2.878536469936007869e+00,2.889675572940262782e+00,3.424575538192628166e+00
0.000000000000000000e+00,0.000000000000000000e+00,0.000000000000000000e+00,0.000000000000000000e+00,0.000000000000000000e+00,0.000000000000000000e+00
4.370251118936060664e+00,2.348540008606827101e+00,5.114334360730774520e+00,4.287043373791600942e+00,1.162677165898571729e+00,4.407729640796492099e+00
3.734649633327942198e+00,3.160143260556928624e+00,1.010660636700379644e+00,3.223294478150205311e+00,2.443830403062665191e+00,6.103421546358928751e+00
5.392179381950212402e+00,4.105043657235952104e+00,5.128084706396481174e+00,4.305823074968142095e+00,1.475141936511571439e+00,4.388890675747632031e+00
2.474374474679897684e+00,3.951916439244192336e+00,3.496975812396903471e+00,3.601681679550930326e+00,8.252108825798702973e-01,5.010964346156871585e+00
1.892185802475915057e+00,6.077597814375716112e+00,3.314625665758467399e+00,3.727014351649425627e+00,1.109949548729713520e+00,4.051180701289730735e+00
1.515431499583150599e+00,1.528818263887757212e+00,2.308677177377023604e+00,3.980403566179224750e+00,2.683944822084397774e+00,3.722636623870912320e+00
4.615839696361966560e+00,4.083285543345299473e+00,3.457678931838987335e+00,3.814889716378905504e+00,2.333562064809226122e+00,3.500835600902653777e+00
0.000000000000000000e+00,0.000000000000000000e+00,0.000000000000000000e+00,0.000000000000000000e+00,0.000000000000000000e+00,0.000000000000000000e+00
3.514743528876392631e+00,2.093890413217317281e+00,3.868977933881318165e+00,3.294163541965613451e+00,1.778515448943787325e+00,3.378138649431110530e+00
4.132779634456095863e+00,2.868591763287302143e+00,3.734743180058373024e+00,3.432159967014205115e+00,1.238143894190746774e+00,5.103274098122924762e+00
1.840183318040549798e+00,2.392371440270296912e+00,3.099730814082913621e+00,3.494665073799838151e+00,3.060262886039637475e+00,4.698182691297205338e+00
