VR1,VR2,VR3,VR4,VR5,VR6
2.855724618354340993e+00,3.345771530746836309e+00,3.876390289360562846e+00,2.652341377860499172e+00,4.722090470119926664e+00,2.678965489684973278e+00
3.644462706338262414e+00,4.204906640806818530e+00,2.130533821271324069e+00,2.777287802362589986e+00,5.526571477143914279e+00,3.939064089738514962e+00
1.847653186111798407e+00,3.418302424684218632e+00,3.674983329135527832e+00,5.985538770108435713e+00,3.538170463439094249e+00,3.458144979387509199e+00
3.217838270677674473e+00,2.785740644857605641e+00,3.730985245450828547e+00,4.059209557740032004e+00,4.767350811882058892e+00,2.626993108502224672e+00
4.093971191858674530e+00,1.472809317434689458e+00,2.438608275756758648e+00,3.778013922893329379e+00,2.993870315337979982e+00,9.168152270542342386e-01
2.807759121934418900e+00,2.413597156709181402e+00,2.373600657810842840e+00,6.166044639559602913e+00,1.608480290383076161e+00,2.603575522154440769e+00
4.525151331119553255e+00,4.910319692393025903e+00,4.710960097824399284e+00,4.291082734098939255e+00,1.806480273397139680e+00,2.505173931048393587e+00
3.087001810540468849e+00,1.458689168297143235e+00,2.158646447718578276e+00,2.829755086381868345e+00,3.226007162671583384e+00,3.955427735399389633e+00
2.906446407506956930e+00,3.223657675226273778e+00,5.836848869594408740e+00,5.068984224307694575e+00,4.453296763983547457e+00,3.798351230031906223e+00
3.514305990690496095e-01,1.063646519375766264e+00,3.716894228444748371e+00,6.242830838366772994e+00,1.138248848791862056e+00,4.549064014399951006e+00
2.179507052716811444e+00,4.268915870776944566e+00,3.658277771856313088e+00,4.600288113365552434e+00,1.599512549488951496e+00,4.880001821390444583e+00
2.592575413350731495e+00,2.678106860833665781e+00,6.301743619839353272e+00,1.326179471437507917e+00,2.693530374155856055e+00,4.001063125735172754e+00
3.941489200898844025e+00,2.520570317084754208e+00,4.586136402259602285e+00,3.375169330186796213e+00,1.971147243462985088e+00,5.025237045342605846e+00
1.336154705852409474e+00,2.459545051103757984e+00,6.253090295279243094e+00,4.057324280699433849e+00,3.815390481300323433e+00,8.463536985542548408e+00
8.162479794722377058e-01,2.437868251648005025e+00,7.549912162200868693e+00,1.016321695053288288e+00,3.222166118629415266e+00,3.736425773216962565e+00
7.680373401475908413e-01,2.503801025581101847e+00,4.530444250220684310e+00,3.505339270130538587e+00,4.751771752046175301e+00,5.498565847010678631e+00
1.889393321571741557e+00,4.092444575388341832e+00,5.153997449735478575e+00,4.028814113575482025e+00,3.592643598891604118e+00,5.498262892833487570e+00
3.552016747145513964e+00,3.034837811790924711e+00,4.483312486674409847e+00,4.000102640954758648e+00,2.742429122261275776e+00,2.732736323343266882e+00
2.277267200368765288e+00,5.117249213237182737e+00,7.779829026441817064e+00,5.093616750414029504e+00,2.257320483634118080e+00,5.933044947734605223e+00
4.328975513614391701e+00,4.000303489713753713e+00,4.496278589008000814e+00,5.409892493199162544e+00,1.172934368233526037e+00,3.474606211186697102e+00
4.262729357205041758e+00,4.129531020711326939e+00,5.214850321348739826e+00,3.138114087790908613e+00,3.308864722866430519e+00,5.113439416194940357e+00
5.076637512857168133e+00,3.414692078539258269e+00,5.999515679712859928e+00,3.062240162713721681e+00,5.116788366891986684e+00,3.620110745462761237e+00
4.502680910621826627e+00,2.395593857545024186e+00,6.717618962343541611e+00,4.295024199610454119e+00,5.050471396098142662e+00,4.457705197634767025e+00
2.031229788519144819e+00,2.761705575601395068e+00,3.402733859730497024e+00,4.109774263166125152e+00,4.968700738519250315e+00,4.721060459829249822e+00
1.435508674953080988e+00,3.054509994085313540e+00,4.522359570872930945e+00,3.254310221903670808e+00,4.218286391341500519e+00,3.576032617065317609e+00
2.995314641622418339e+00,1.874962776061413150e+00,5.603668446176664375e+00,3.775988410545830565e+00,2.501606127765563237e+00,2.620500347164382404e+00
3.351205602258560567e+00,4.783697616489286375e+00,5.110158982472863265e+00,4.715819572420516970e+00,3.666269741402545801e+00,3.486401061181945149e+00
4.682343199326236771e+00,2.725746982682962560e+00,4.513450559922743466e+00,4.085606582628651395e+00,4.537227560504741852e+00,3.212725930828980392e+00
6.440575968825035247e+00,2.502695668132636886e+00,3.954230474481305713e+00,4.927450194643324011e+00,5.076256022366493426e+00,1.929956469432311472e+00
3.772440248666541152e+00,3.847590034711287021e+00,4.592546948126339679e+00,6.465081377742792235e+00,1.114699870311465446e+00,2.698817178331752054e+00
1.533476079806020520e+00,1.833455482388236524e+00,5.358288154023541416e+00,4.075634435163756564e+00,1.857814124083455587e+00,4.848965673381300689e+00
5.756954528140278970e-01,2.805754031975460361e+00,7.849391681183774949e+00,3.409854803359526620e+00,2.560382717761552129e+00,5.468019123702030804e+00
1.526347394281177161e+00,2.529293738480837828e+00,2.515634131357305847e+00,2.717313771730428318e+00,2.604501489461037433e+00,4.743719395421803320e+00
2.156629642880524500e+00,3.204272230452313686e+00,4.988766963949109012e+00,2.777527044194624484e+00,3.243076130487185793e+00,4.421889724723069293e+00
3.133074819409932488e+00,3.451813421195867537e+00,3.717697506205825064e+00,2.036796026925697944e+00,6.077942102296958637e+00,4.316680258943510928e+00
8.883451527727035391e-01,4.998184958624264596e+00,4.249165299327918532e+00,6.582803897169609009e+00,4.035061083994094133e+00,4.623194481016840385e+00
2.549301086570037622e+00,6.927576963929182874e-01,2.967422797501954257e+00,1.827493032890006752e+00,3.129542049317281194e+00,4.548347084251389560e+00
0.000000000000000000e+00,0.000000000000000000e+00,0.000000000000000000e+00,0.000000000000000000e+00,0.000000000000000000e+00,0.000000000000000000e+00
6.245978425743620832e+00,2.107610333980150852e+00,5.342805126082119216e+00,1.008613083544149802e+00,1.843489774688386706e+00,2.925777563299957862e+00
4.541370168439224031e+00,3.553149104794843360e+00,6.308506203940948964e+00,5.198256218963536845e+00,1.599837656714201195e+00,5.193237012780411277e+00
0.000000000000000000e+00,0.000000000000000000e+00,0.000000000000000000e+00,0.000000000000000000e+00,0.000000000000000000e+00,0.000000000000000000e+00
2.503796062332739325e+00,3.725394363791849184e+00,4.045354296226851609e+00,6.643843905246217929e+00,1.507153650984140558e+00,5.370694704645757156e+00
1.357257147966523414e+00,4.799773677826181917e+00,5.081459294815705796e+00,4.614189086619147062e+00,2.013493701772709699e+00,4.835811040698359875e+00
5.947611340637208865e-01,2.048894089042286204e+00,6.295430684327931736e+00,3.115793744066416959e+00,2.010022401672934667e+00,2.906703946173176956e+00
9.649728418943537278e-02,3.485470325447890261e+00,4.956752991658840202e+00,2.774972219896516989e+00,3.037187314497834301e+00,4.103447700632358419e+00
0.000000000000000000e+00,0.000000000000000000e+00,0.000000000000000000e+00,0.000000000000000000e+00,0.000000000000000000e+00,0.000000000000000000e+00
3.638720892573974908e+00,3.051617616432362734e+00,2.910621158719236767e+00,4.102301209968168827e+00,3.866824655100377761e+00,4.327128385613408845e+00
5.092243129131640345e+00,2.399376538121773983e+00,3.455045210108069753e+00,4.503277655471547014e+00,3.310748345052572539e+00,2.037664884213776784e+00
4.769841771974493660e+00,4.386893362246284234e+00,4.267579673288278030e+00,4.378431022067099221e+00,4.528691101079804326e+00,2.040064203061339398e+00
2.530552195900786394e+00,4.154130463437322618e+00,6.036873125223092273e+00,5.762341953115045712e+00,4.265773155408981943e+00,2.355830434128570960e+00
1.706387728586466590e+00,2.603716652659905151e+00,4.375877432129754219e+00,5.115539912145685264e+00,4.682302884437774537e+00,4.201462683142802135e+00
4.943216068379181483e-01,3.456195435854617415e+00,4.026909572158754891e+00,4.278175179706687814e+00,1.836845363999896286e+00,3.688980128655180213e+00
1.706363285245603212e+00,3.540733045848587501e+00,8.757662076721485889e+00,1.466980828962680672e+00,2.874647209081885979e+00,4.107956995855797544e+00
8.160289534538398559e-01,1.046882915815588788e+00,6.058792974467732684e+00,2.971571373810187211e+00,2.811996964291965106e+00,4.687271626698664484e+00
1.357729041188566965e+00,1.540774165403704821e+00,4.551043373646196599e+00,4.136327129797977342e+00,1.832101390064361901e+00,5.317015323968787399e+00
2.502807278567580340e+00,3.836932566113913978e+00,4.047283038034395375e+00,6.710066139444267996e+00,2.474184372059661019e+00,5.384109852895253567e+00
2.357014893871952399e+00,2.780217356249195415e+00,6.628705577890515954e+00,3.851332645199078808e+00,2.791827798686321138e+00,3.155383070066365647e+00
2.784710970857269707e+00,3.306753052882148936e+00,2.446014075980729174e+00,3.210839321888661058e+00,2.316757405394636926e+00,2.659897975890386235e+00
3.996476567832987659e+00,2.659369417079789688e+00,3.667607661298341704e+00,2.854217153232966986e+00,3.219177118083881517e+00,4.390306644578596540e+00
3.930523632244106835e+00,3.222872388251508458e+00,6.453862220246589843e+00,3.389089080734878134e+00,2.843663668677664624e+00,6.643443274410566701e+00
0.000000000000000000e+00,0.000000000000000000e+00,0.000000000000000000e+00,0.000000000000000000e+00,0.000000000000000000e+00,0.000000000000000000e+00
7.391656793886238752e-01,3.192360186233067942e+00,5.476862667103000959e+00,5.480679671481779813e+00,2.899396369658480133e+00,5.924371974891910142e+00
7.611909017711833148e-01,3.837343545301193704e+00,6.317438745120348642e+00,3.595358807154327874e+00,2.314524748864417614e+00,6.320636965110768557e+00
2.987905345275537083e+00,2.860971463697216777e+00,4.138990096483808223e+00,3.109897881796115815e+00,3.035464521406852967e+00,4.150927918624250701e+00
1.145189310327517695e+00,3.679218134602601165e+00,4.406339035038542740e+00,3.302282433349657431e+00,3.562136807929296101e+00,6.806457133139062421e+00
2.284851193407804626e+00,2.222617966194747829e+00,7.252709338184365251e+00,2.450976747762832364e+00,3.846370465428576857e-01,6.259141556874581624e+00
3.322254158960591397e-02,4.026741958329687066e+00,6.017150139301501000e+00,4.169632557541583573e+00,7.231691700442257620e-01,4.227960832902167176e+00
1.872736204550164985e-01,2.945467846583992966e+00,5.207551017501534041e+00,3.412865780237799740e+00,2.226545282418566973e+00,4.589552221663455001e+00
7.619539494303197991e-01,4.487414812770166961e+00,7.677333047468971827e+00,3.929984708669766125e+00,1.620338462136463376e+00,5.157543971712740927e+00
8.436204560115965201e-01,3.641164084944250590e+00,6.628219683453663080e+00,1.978427362231302666e+00,3.582928482486815280e+00,4.715414299012749666e+00
1.759798040428100840e+00,1.854179686499993540e+00,3.412546614975414450e+00,1.425594441520465327e+00,1.151282487629501361e+00,5.236886857267259998e+00
2.654487025551658164e+00,1.677851282082624351e+00,3.733616296612780161e+00,4.163840687610568914e+00,2.220550846129892175e+00,4.141648675833224047e+00
1.318633960922929838e+00,6.055960360320566949e+00,7.005662077831132706e+00,6.644555897603450667e+00,2.381855781326513100e+00,6.275913889330785977e+00
2.321037238864818164e+00,1.515354607301493406e+00,4.395496821710485058e+00,4.225364215994486194e+00,4.637444950294225876e+00,3.870226323068188812e+00
4.177228967580108865e+00,4.558701810311852398e+00,5.654908388325802449e+00,4.584526414504787262e+00,2.895543709005246047e+00,4.319927619726310120e+00
4.026932049505752786e+00,2.805116486536601172e+00,3.326418745060109483e+00,5.579662078805474046e+00,1.642355145595494115e+00,3.276143214336074028e+00
4.479905480075423441e+00,2.165484871587062266e-01,5.548997869445029707e+00,3.175840734566898416e+00,1.794186190783402690e+00,4.633887634962459146e+00
3.254585520804981869e+00,1.565150463413127246e+00,4.536891903097589385e+00,4.624828731173655783e+00,1.184922381821317483e+00,6.749145359989270787e+00
2.886222563572802269e+00,2.358318720074280783e+00,1.371275122043587036e+00,3.793162360727313054e+00,1.963874275078271170e+00,4.967883177445781229e+00
1.565307030134705402e+00,4.187130276812155216e+00,4.937278952434402512e+00,2.034910125138430725e+00,1.651269019824488593e+00,3.570487981958782253e+00
1.117613150351188578e+00,3.499763806648423348e+00,4.671138419861903479e+00,3.598124891354767652e+00,1.760283813424457389e+00,3.617364389477806697e+00
2.262012952773000851e+00,2.250155768364655806e+00,7.409432713547062122e+00,2.871710233582837724e+00,3.867617080615544101e+00,4.350115816044069383e+00
3.980623071317410222e+00,4.258431981987059523e+00,7.727928554791917648e+00,2.677936417671544334e+00,5.261275425243821857e+00,4.735700971853875174e+00
2.939359038113094513e+00,2.727142493475871454e+00,8.687086621005660092e+00,3.098065059422709489e+00,5.849706753265394354e+00,5.482171795565421668e+00
1.303225546114037181e+00,1.544453564505935628e+00,2.916476037706165148e+00,4.081613960502534333e+00,6.073760746334827765e+00,6.090510689886569295e+00
1.589079434385834322e+00,5.850508151741043328e+00,5.077015066511123109e+00,5.112190933913676183e+00,4.905947607505304120e+00,5.694193238650679056e+00
2.947123348614773874e+00,4.687614908710511230e+00,4.706274903321173042e+00,3.091820727710222094e+00,3.741398135232617772e+00,2.237820333300087672e+00
6.091150793402466235e+00,1.055277333425054254e+00,6.053122148169068240e+00,3.069177842513319376e+00,2.003491580289618490e+00,1.230136262747770104e+00
4.047824096073329159e+00,4.826647560035788764e+00,4.424198317004607972e+00,7.409321399780918860e+00,2.767742065696318310e+00,3.302240466376729522e+00
3.184648225087292062e+00,5.047075554504294459e+00,5.897922715739102095e+00,4.422397583987446090e+00,3.101151558889669868e+00,4.593137759411760612e+00
3.972860059787824305e+00,1.737230661103522422e+00,5.412743800580195774e+00,3.096618808830060576e+00,4.064982512533351411e+00,3.863648095218272793e+00
3.627923067101099353e+00,2.688097491657421401e+00,3.988623329352011027e+00,2.946523864149924954e+00,4.734192729131144972e+00,5.551593363224108124e+00
0.000000000000000000e+00,0.000000000000000000e+00,0.000000000000000000e+00,0.000000000000000000e+00,0.000000000000000000e+00,0.000000000000000000e+00
1.692451289909669754e+00,1.216098006502159823e+00,6.008920509807789578e+00,2.310855976083676211e+00,4.431218439397565767e+00,3.184418983763806388e+00
3.124493659118461331e+00,3.456711506134215739e+00,5.699758062006437420e+00,3.063323828924697345e+00,5.730555367532227606e+00,2.412480832557838628e+00
2.777964865784906756e+00,3.157347697998628355e+00,6.016869591469916401e+00,3.230245404416493216e+00,4.272539163891952541e+00,3.723045384990303575e+00
2.860224521497867212e+00,3.682413911656283290e+00,6.902220387052477868e+00,3.779579975907565448e+00,5.373753688192117295e+00,3.514403400640238928e+00
3.447236988152414749e+00,9.659931272745283515e-01,4.332826139603447757e+00,4.477291299232588173e+00,4.638916834139715561e+00,1.956965768094373725e+00
1.890551102720179566e+00,5.039165271018871906e+00,2.732420419481131901e+00,6.169851972246119587e+00,3.672266984147153579e+00,3.383237090668838043e+00
2.520278068819536976e+00,2.542914662084161836e+00,4.730076502567187369e+00,1.912206868116818281e+00,4.180417204957848298e+00,3.958530859362837884e+00
1.804826880160562030e+00,4.859896309312576435e+00,4.511336131397411187e+00,4.829229331650321200e+00,8.461477279960081255e-01,3.862773629559347555e+00
5.273437832296758998e+00,1.569340761804304707e+00,5.254691734737515496e+00,2.014518194949605601e+00,1.806128686878807343e+00,2.726929650753472600e+00
3.479742186766948020e+00,4.377746515220617418e+00,4.449587848348194541e+00,5.226979402696608545e+00,4.992092337109284017e-01,3.341285939578445774e+00
3.594998172867281738e+00,1.505441207399920822e+00,5.928270731634746049e+00,3.409236620393055084e+00,1.005190164327803171e+00,2.827998422546668777e+00
2.435992751208846840e+00,3.859420727381749572e+00,2.630825176277095334e+00,5.989142655470361731e+00,2.339634789925430169e+00,3.813136432816635946e+00
3.508228006748843608e+00,5.386400225836464273e+00,4.916260036625318186e+00,4.712498105323121855e+00,1.516770837881066925e+00,2.801934039837119528e+00
3.308456722584783627e+00,3.846032914593322971e+00,5.930529227446954543e+00,3.989343640496398891e+00,4.862616630746609658e+00,2.319544576014747506e+00
4.641162449698708947e+00,1.334560831370284362e+00,3.376882991316469962e+00,1.869140227109942209e+00,4.470422732486310835e+00,3.787876637890875919e+00
2.546996866509278146e+00,1.670093843093335639e+00,3.936347626977545033e+00,6.013321027239650896e+00,4.202050401938293156e+00,2.902146892855036686e+00
3.920712281089491213e-01,4.822389195400117679e+00,4.946639575542333134e+00,5.592566459584284111e+00,2.507475000854038516e+00,4.872916143168589009e+00
7.526787914798063195e-01,3.841981497691762115e+00,4.643705992617231715e+00,2.145162345346402155e+00,4.462381522841579518e+00,3.527809266011598943e+00
1.409422365037907854e+00,3.380751889678703215e+00,4.368993556227589892e+00,1.685399295181801982e+00,3.399207823434547748e+00,5.575333377806950708e+00
2.815276409076085784e+00,1.390504653099132959e+00,4.081174923543960276e+00,3.641267077011242304e+00,3.670076957697747222e+00,4.528348816357246953e+00
1.669063823370235067e+00,1.344988729448121756e+00,4.670433043299825115e+00,4.336008327886283098e+00,3.651629644818922493e+00,6.104632882297719831e+00
2.710910862564960944e+00,2.876311989521223911e+00,3.824700249234854965e+00,3.502410996614056415e+00,4.306790761930371580e+00,5.731763274090731386e+00
0.000000000000000000e+00,0.000000000000000000e+00,0.000000000000000000e+00,0.000000000000000000e+00,0.000000000000000000e+00,0.000000000000000000e+00
3.486327365222843255e+00,2.398190041746869117e+00,7.864438145482440135e+00,4.342100353040943439e+00,1.134683476800038449e+00,6.960039108210687608e+00
2.778562970003968235e+00,8.405177772870682240e-01,7.011074801902710263e+00,3.576608863756865819e+00,3.185170691535784471e+00,6.280183652241039916e+00
4.548817414449721319e+00,2.716178743068362156e+00,4.512369315317416252e+00,3.958345626134901707e+00,3.086496999066620006e+00,6.138743990001165329e+00
4.257653788685862750e+00,2.096262187175121916e+00,3.786604636025206361e+00,3.796309641404752355e+00,1.605627279407424890e+00,2.897768626836290995e+00
3.600052607258474424e+00,2.862503740098674587e+00,3.838166583871220894e+00,4.326081342169844746e+00,1.504937068212423679e+00,6.492449981635331824e+00
2.947382546576861717e+00,2.708166451224117921e+00,5.402767244277215219e+00,6.593749637223067950e+00,3.045141694382792252e+00,5.121304540048564391e+00
6.703436655310581749e-01,4.036234618587645429e+00,3.401736180208032145e+00,6.694256675385386046e+00,2.881385855087690295e-01,5.589643573354194039e+00
1.908765151515300573e+00,3.838493543003020037e+00,5.363946669359443753e+00,2.722563250736117269e+00,2.009597452096174131e+00,5.563331041407025168e+00
9.049259981148531917e-01,1.233358156216649348e+00,6.819989636388953613e+00,2.273059550959787067e+00,4.087005193319936502e+00,4.626801624849858463e+00
1.226369794961530424e-01,3.099198083716039775e+00,4.212789481894522403e+00,4.400395876503132797e+00,5.568240963741688532e+00,4.126789092315352292e+00
9.588944793349223339e-01,3.597410762315386368e+00,5.021374250021743535e+00,5.863051490239919339e+00,2.423406858116202045e+00,3.957539886979180466e+00
2.910987559058777485e-01,5.273552826164191742e+00,4.047431194052902192e+00,3.756934412112278299e+00,2.302327392932272954e+00,5.872077882247545233e+00
0.000000000000000000e+00,0.000000000000000000e+00,0.000000000000000000e+00,0.000000000000000000e+00,0.000000000000000000e+00,0.000000000000000000e+00
2.806059609715983783e+00,3.585015447851508608e+00,5.973451687708023705e+00,2.307383786753832489e+00,5.913057861314783281e+00,5.182344201717005383e+00
2.603843932819080997e+00,2.133620102466120105e+00,5.724693707628284223e+00,3.856630955610071965e+00,4.542221899960063425e+00,4.392137695853310042e+00
2.321414760886973738e+00,3.466125794653366121e+00,4.586010444764427874e+00,4.199134006477525105e+00,3.699198796204143491e+00,5.181859765211439317e+00
1.147804426319236182e+00,4.626749794953875394e+00,4.920877389626448384e+00,3.363706950142812069e+00,4.560395010960009543e+00,4.232469368935125154e+00
1.960714028896730854e+00,3.553827701881116408e+00,5.152155720630875457e+00,5.645698396679789788e+00,2.980875922602713057e+00,2.271236247549725640e+00
3.587763639307240293e+00,2.071772611588267310e+00,5.159883711967916398e+00,1.285389929941677334e+00,3.705845394513068047e+00,3.327815908386525301e+00
2.630412362039495022e+00,2.805917634742217892e+00,4.880338663089269780e+00,5.801356607921733577e+00,3.567197068947698391e+00,3.438716415060454779e+00
2.813837333412832376e+00,3.169903729302841811e+00,4.669100960458868244e+00,5.964414090816894998e+00,3.369371990590761090e+00,3.743018363549937888e+00
3.482990954441374853e+00,1.808406897023756343e+00,6.591229282319343241e+00,2.182892137035672420e+00,4.150941625724319017e+00,5.705200355973627957e+00
4.914312955403172367e+00,2.625179838514023700e+00,6.350530089531524425e+00,4.218715228869786671e+00,1.865532312640812762e+00,4.911220325440552870e+00
3.608871855037875331e+00,3.251695194104313735e+00,7.553335141810004316e+00,5.409536247608357051e+00,1.497258976687800613e+00,5.149768803524669813e+00
4.117090962037976531e+00,1.776295272784705226e+00,6.898334425364277323e+00,5.016402830485940711e+00,2.617217383570890732e+00,3.741129330947988052e+00
5.486694629305194582e+00,2.209142510317792851e+00,4.582309488102444206e+00,3.747809311509881169e+00,2.705629778280550291e+00,3.399049553542370816e+00
4.742261257412510034e+00,1.990408108073521198e+00,5.004478002388681013e+00,3.896359048292304283e+00,3.791964575456646003e+00,5.308207879226038983e+00
6.741972693534159511e-01,2.487026005658735883e+00,5.405075933280152789e+00,6.519023930803649947e+00,4.313837484136251454e+00,6.727634042209191811e+00
2.111163332142540483e-02,1.637182721893463810e+00,6.245699366971583011e+00,1.327635003250726697e+00,5.764600862342457610e+00,7.636226661115953718e+00
2.368965234809946807e+00,3.616424427791090412e+00,7.621796053405747173e+00,2.087454542224452148e+00,4.914541746235316921e+00,5.164477298147122752e+00
3.587148236730369533e+00,2.905376187884137984e+00,4.114531685507757608e+00,3.069809178789411064e+00,4.174594160292707912e+00,4.538336961859052110e+00
2.616798205553724888e+00,4.511972181809607463e+00,4.667564708026660014e+00,4.965595312298544783e+00,4.234306751815786640e+00,4.634144338477022451e+00
3.337913894126893766e+00,2.094777957418954450e+00,5.064433282106138634e+00,5.121320077242970115e+00,4.623119188658296963e+00,2.395292520728730779e+00
2.888631220994121396e+00,3.058755814985686605e+00,3.876186613490248956e+00,3.370069522340438439e+00,4.830514147985752516e+00,4.131373381819866353e+00
