VR1,VR2,VR3,VR4,VR5,VR6
3.907450018309908124e+00,3.677832049597506092e+00,3.316537710723632681e+00,6.650491438447472703e+00,1.510500488960878185e+00,5.313200445083287704e+00
2.641758692277833553e+00,4.492218820527060785e+00,4.525239181277250999e+00,3.874480272567175199e+00,4.242500625818538040e+00,3.910251418805176016e+00
0.000000000000000000e+00,0.000000000000000000e+00,0.000000000000000000e+00,0.000000000000000000e+00,0.000000000000000000e+00,0.000000000000000000e+00
4.430476513339433708e+00,7.551514908248431190e-01,2.255242024041211213e+00,5.259073308631410981e+00,2.942898112141592915e+00,3.091180577951438746e+00
2.130944882729882472e+00,1.096941947206059087e+00,3.682543818211941655e+00,4.110695322240034422e+00,1.381459493951466611e+00,3.875955827459915071e+00
4.845499943044999647e-01,1.194126139561857869e+00,4.852660543251514191e+00,3.650801525714061579e+00,2.191420210559866355e+00,4.934141939652890052e+00
6.295235404059071893e-01,3.015894737644873924e+00,4.471787493111678558e+00,4.692926102747695616e+00,2.752619071769776493e+00,6.809548101637465933e+00
1.163636219987437048e+00,2.690163313961255298e+00,5.118015045632777316e+00,4.600006323396043761e+00,2.328835385304579564e+00,4.180177508051230006e+00
0.000000000000000000e+00,0.000000000000000000e+00,0.000000000000000000e+00,0.000000000000000000e+00,0.000000000000000000e+00,0.000000000000000000e+00
1.440480666738529258e+00,1.426971338295426772e+00,5.282234042328042278e+00,5.779478225302737471e+00,1.289318201154706189e+00,5.884476013806517969e+00
1.333956592742637781e+00,1.232879199076035714e+00,4.253369679320484487e+00,7.380115333091188390e+00,2.827405519511402066e+00,3.811333876028256462e+00
2.314232527932476913e+00,4.956462278625561879e+00,3.608264259543602748e+00,5.533008673207314487e+00,4.168956151757516437e+00,3.144970379456831111e+00
2.050222407830636584e+00,2.682943472801055051e+00,4.888519708038790768e+00,2.038693742873447956e+00,3.068958340627644610e+00,4.606506537482004227e+00
2.636575957960286765e+00,1.892009548775026806e+00,6.587624216393139776e+00,4.359540092041958026e+00,2.639906265675101338e+00,5.665387369587242539e+00
0.000000000000000000e+00,0.000000000000000000e+00,0.000000000000000000e+00,0.000000000000000000e+00,0.000000000000000000e+00,0.000000000000000000e+00
0.000000000000000000e+00,0.000000000000000000e+00,0.000000000000000000e+00,0.000000000000000000e+00,0.000000000000000000e+00,0.000000000000000000e+00
8.929874682239880013e-01,2.992073626156884991e+00,5.770399169613806833e+00,6.414593442980882187e+00,3.605783650419116526e+00,4.503477286722914918e+00
2.735369416118459185e+00,1.126028251849148454e+00,5.926437621652205223e+00,4.947449212362847959e+00,3.692536982848948490e+00,4.886637321719786264e+00
2.826002549322075730e+00,1.970530943859369888e+00,6.816904950742089575e+00,7.173766710927371726e+00,9.460497325346501896e-01,3.980786831572668216e+00
3.431582086189015612e-01,5.778555717708028894e+00,4.529203016316185604e+00,5.601742961373969543e+00,3.268003542066201472e+00,2.947929537437127934e+00
0.000000000000000000e+00,0.000000000000000000e+00,0.000000000000000000e+00,0.000000000000000000e+00,0.000000000000000000e+00,0.000000000000000000e+00
1.801610550413443868e-01,2.689847647350008142e+00,6.280435497877723705e+00,5.825697775434628412e-01,4.403107219443024078e+00,3.652004438704690159e+00
3.266362937971917901e+00,1.859299553799468097e+00,5.360216129518404315e+00,3.929388395757381414e+00,3.437258226437547304e+00,4.348609925150176636e+00
2.267602692062975933e+00,5.613902027246053805e-01,7.063654602656077586e+00,6.096525377634341325e+00,1.308461707465113255e+00,3.658435257902966864e+00
0.000000000000000000e+00,0.000000000000000000e+00,0.000000000000000000e+00,0.000000000000000000e+00,0.000000000000000000e+00,0.000000000000000000e+00
1.184278368014457294e+00,2.038972177775904893e+00,6.504972576338015067e+00,6.920583088214517176e+00,4.013960510294881878e+00,4.841194684825074646e+00
2.783657727189867259e+00,3.521385936959430474e+00,5.159357804458808872e+00,4.714684953960537328e+00,2.851797966677270590e+00,2.947390644938273851e+00
7.910603573138810241e-01,4.900886499120927553e+00,4.464337261324653916e+00,5.241457896994281107e+00,4.766544365771570035e+00,5.291782573328871031e+00
3.214894770451768302e+00,4.038854244479299638e+00,6.612835671381422031e+00,3.933730857380028034e+00,3.501967334255525977e+00,5.143669651164081813e+00
2.446853591687293772e+00,2.397457459075340136e+00,7.370063502553221291e+00,5.703183796824994545e+00,4.673078843241044389e+00,5.385917595110399247e+00
1.618856145092082421e-01,2.803659854567909449e+00,6.916584384100434413e+00,3.311052565885564292e+00,3.079196202761752321e+00,6.804237462840793782e+00
8.369576442449153664e-01,1.485789846636887068e+00,6.547506344324431460e+00,6.163968174385381360e+00,3.543679110761518203e+00,3.377134287037204530e+00
8.981829994223460290e-01,3.422845333316502980e+00,6.217687970078148219e+00,2.871384730191433921e+00,1.746380713747472724e+00,2.706618485744098024e+00
1.998203181184207144e+00,3.634253682828616050e+00,8.475298559847963986e+00,5.594928477596401883e+00,3.652428149881302488e+00,2.681042414358407733e+00
0.000000000000000000e+00,0.000000000000000000e+00,0.000000000000000000e+00,0.000000000000000000e+00,0.000000000000000000e+00,0.000000000000000000e+00
0.000000000000000000e+00,0.000000000000000000e+00,0.000000000000000000e+00,0.000000000000000000e+00,0.000000000000000000e+00,0.000000000000000000e+00
2.333953340375228613e+00,3.006149067700713218e+00,4.150317737074970204e+00,4.430161561215705923e+00,2.552953933110526208e+00,4.929496669373169659e+00
4.040751948992121534e+00,1.708674656676330894e+00,4.877485667807277991e+00,3.627278621262016056e+00,2.533246464651073282e+00,3.047212292298866032e+00
2.093931052067600440e+00,1.245178669022985574e+00,4.771395249277239792e+00,4.150471140147116600e+00,3.991021925596320408e+00,5.330042442443811090e+00
1.756875752535407287e-01,3.764588215048742637e+00,6.183863035850339251e+00,1.877917889839413323e+00,2.782151384303404917e+00,7.810598072155727323e+00
2.739979555087678431e+00,3.203198252047021466e+00,4.738153535573624175e+00,4.209285187321701649e+00,1.725492934423723534e+00,2.004540426858330893e+00
1.092864818584629472e+00,2.410935940198752903e+00,6.866031450972815975e+00,1.751138003994674008e+00,1.830395838461103875e+00,1.866070927016871828e+00
6.317361460206294410e-02,1.710918203055764808e+00,5.978319793198164867e+00,3.747754178270216840e+00,5.694950947447344980e+00,3.833437799343003327e+00
3.260890057578826884e+00,3.085016673105260843e-01,4.524324986401333071e+00,5.144951561124126549e+00,3.834702106666005417e+00,7.177036739442998581e+00
2.808285495440334678e+00,1.626365111419881160e+00,5.826297437539613711e+00,2.431500785188530855e+00,2.848575775515180819e+00,4.214816213590425242e+00
2.960947516993516437e+00,2.767202566046811363e+00,2.622081549404175593e+00,3.220378021250714706e+00,4.749914548576702700e+00,3.542057207932945317e+00
4.285729161588718306e+00,3.148675350395309547e+00,2.743120017623070339e+00,4.982631220295723473e-01,1.889384478698799663e+00,3.932214868326472157e+00
4.489063606355095715e+00,2.401840144097739049e+00,3.734153427592556529e+00,2.723873832742027545e+00,3.200666030203851431e+00,3.874722284049572529e+00
3.861007385088845112e+00,6.138930384429037268e+00,4.512417520218278355e+00,3.760363127880311573e+00,4.394169336376596569e+00,3.059344064941360131e+00
1.992571004035063931e+00,3.920032411891269941e+00,6.194325529644324924e+00,3.540815457799401766e+00,1.868073848098822598e+00,6.629047022414759738e+00
1.822889512949025681e+00,1.704865809830699908e+00,5.782951136049713448e+00,4.461211403203795278e+00,4.358191250126147942e+00,3.364737870546787413e+00
4.486230024141930617e-01,9.881345782269259637e-01,7.100839575641150425e+00,6.798332948513722940e+00,4.071594113323328656e+00,5.312776132702438758e+00
0.000000000000000000e+00,0.000000000000000000e+00,0.000000000000000000e+00,0.000000000000000000e+00,0.000000000000000000e+00,0.000000000000000000e+00
1.527964541694640133e+00,1.029083764350486874e+00,3.996754138000276679e+00,3.515690359347120264e+00,5.454657928840153325e+00,4.099861875188061333e+00
4.470426397467083035e+00,2.889851841751146733e+00,8.887522254487913997e+00,5.529394267283855413e+00,3.629161093461430010e+00,3.027647521039581680e+00
4.479510698963212967e+00,1.889782485152314839e+00,6.917880730404982970e+00,3.137716941154220507e+00,4.444949875868482003e+00,4.269875924725314853e+00
7.034383569660180413e+00,4.445347163621199194e+00,6.763216928736405009e+00,4.335716435912788214e+00,4.445902654870279136e+00,3.441036240258717349e+00
6.343761046135373505e+00,5.196603928323405341e+00,6.111670388481085681e+00,2.577212129940759766e+00,2.969638162108195978e+00,5.875857762880583479e+00
5.154851121484547605e+00,4.203520785137546234e+00,7.751176055905296458e+00,4.910103867181576653e+00,2.668300987251711831e+00,3.989527153111445124e+00
8.383791685911876623e-01,2.503958501163785044e+00,5.145224618853484699e+00,3.841920412419779218e+00,4.656959798282883867e+00,5.009450024701252779e+00
5.994912692903102691e-01,2.294841367374933938e+00,5.706991831681189176e+00,4.550805336877507656e+00,3.095652566523128257e+00,4.953237040456047069e+00
2.294601325599309405e+00,2.896161615431473102e+00,4.401297694265505100e+00,2.085333856792363161e+00,3.259028148553451576e+00,3.201967596252964121e+00
4.193119972652022298e+00,3.720656366911581081e+00,7.915437169011303453e-01,2.317353203944543694e+00,4.794120359490452010e+00,4.237753410906857532e+00
5.041673375231821019e+00,4.138945049560931899e+00,1.824658305143930015e+00,1.325147845836214699e+00,2.236547259466015181e+00,4.274091623379028704e+00
3.575717626170218821e+00,2.877653774302300960e+00,3.295391528772269929e+00,4.307260353740122838e+00,3.767445465770300927e+00,3.805482134268579841e+00
2.982790276730749035e+00,1.140915940357316583e+00,3.985450790147419653e+00,2.588857963150675623e+00,2.221891895053139887e+00,4.770100186371086792e+00
0.000000000000000000e+00,0.000000000000000000e+00,0.000000000000000000e+00,0.000000000000000000e+00,0.000000000000000000e+00,0.000000000000000000e+00
2.231431697947092729e+00,7.100995257373390324e-01,5.423124138974203312e+00,5.793284534027145050e+00,4.587659654522880714e+00,3.109622632511934270e+00
2.210438373485349217e+00,3.164305562112491810e+00,3.100588870820713439e+00,4.986204984876753343e+00,2.241885847566945866e+00,1.444359459920011357e+00
2.946859199305678079e+00,1.375917087007482609e+00,4.487054419811686401e+00,4.161095565848444977e+00,3.247664502222483485e+00,4.331288451945739304e+00
1.922329941840440259e+00,3.018269821857441748e+00,6.713269399919859381e+00,3.847149444621260184e+00,3.715583040628188005e+00,4.957576045306988810e+00
1.948725827088050533e+00,3.165189619307837710e-01,5.691129568530223892e+00,7.364725488905028428e+00,4.281393669856441875e+00,4.809185341477831166e+00
6.866370030148007952e-01,3.014336410845684266e+00,6.119606130547594169e+00,3.969150934383187668e+00,3.067943186750767381e+00,9.235039025522482348e-01
0.000000000000000000e+00,0.000000000000000000e+00,0.000000000000000000e+00,0.000000000000000000e+00,0.000000000000000000e+00,0.000000000000000000e+00
0.000000000000000000e+00,0.000000000000000000e+00,0.000000000000000000e+00,0.000000000000000000e+00,0.000000000000000000e+00,0.000000000000000000e+00
