VR1,VR2,VR3,VR4,VR5,VR6
2.589648412100753916e+00,1.171305101590171649e+00,5.113551568290418459e+00,3.099771935856383553e+00,5.842248282721510755e+00,3.412140739287875313e+00
2.259407703065964057e+00,3.512826229166920555e+00,6.372046147140130401e+00,5.516509872227501887e+00,5.310340075257512282e+00,5.676217913741044896e+00
5.577496366942757966e-01,3.239700064007081437e+00,4.268423362411280841e+00,4.595222740771575332e+00,3.021310618016955107e+00,3.790536052456456861e+00
8.936186765500140350e-01,2.222388843679028003e+00,3.314638509679049605e+00,4.205060292522351695e+00,3.394884695997897772e+00,5.015079463130435400e+00
2.307619824074437886e+00,2.676522739702591913e+00,4.666187847533334931e+00,3.967870417773702307e+00,4.255227507995052783e+00,3.737339596584868584e+00
1.355503877040486138e+00,3.996698137672822337e+00,3.537695466074387340e+00,5.237922644086661528e+00,2.372502201603000849e+00,4.125704184786319395e+00
2.351991805838905325e+00,2.531769498068743296e+00,2.443636539140138453e+00,2.580576663281643146e+00,2.681754297353774241e+00,3.755511786072292857e+00
4.898160070186735382e+00,2.976771412514205295e+00,4.237047162829816749e+00,4.358503320368684264e+00,4.348108120032195600e+00,5.068372208098180565e+00
1.933097888392758534e+00,1.211371866914221274e+00,4.351732783892433787e+00,2.604230974496914541e+00,3.212758957483625721e+00,3.589555619940108855e+00
9.159172233013028741e-01,3.118863795638858072e+00,3.767573017769544563e+00,2.744472558987405275e+00,6.648093438633684293e-01,2.342615312048237808e+00
6.159266642879988041e-01,4.763000336780871535e-01,4.437582759557307632e+00,3.622518397147572067e+00,2.607042865244116214e+00,2.813502151810415075e+00
3.466575816554007261e-01,4.227325323629044895e+00,6.138184222243676658e+00,5.337618388300123584e+00,1.940300331976203552e+00,1.771636833835155578e+00
4.945784044023794124e+00,1.412618982951400426e+00,5.413679413656359074e+00,4.060031309981059877e+00,3.654858084487955239e+00,4.191341468265645354e+00
2.122121334601152043e+00,2.612715866696214917e+00,5.605569232122197931e+00,4.321509747908249821e+00,2.109264010074278772e+00,4.678934283739837774e+00
1.959524045235330414e+00,1.741576091435639295e+00,4.326690935503378022e+00,2.020053128628916728e+00,2.190464785159872640e+00,2.704157781743803834e+00
3.445032056801276443e+00,4.349187536696581091e+00,5.054374681199993447e+00,2.510791761770200914e+00,1.789843133794600805e+00,5.978965664623199672e+00
1.549942129849641415e+00,1.030474313672967268e+00,3.441708550182366544e+00,3.762451485730137435e+00,3.936263259703752126e+00,6.516088799811339705e+00
3.353550914037905173e+00,3.780417451695352149e+00,2.916212234578776208e+00,3.441084626878031738e+00,5.827798328054225152e+00,3.647479868628915156e+00
1.325475681120682481e+00,2.685501929637331919e+00,4.965095064638347822e+00,3.580680666820392322e+00,4.490804761533829570e+00,4.644157932238401898e+00
2.160139495209707050e+00,5.882023453345996522e+00,8.327964492752641945e+00,2.973252674497418369e+00,3.716048630998529667e+00,5.906126247042139177e+00
4.475527198625566250e-01,3.998755087827338350e+00,5.548410797142249606e+00,1.360888842594825121e+00,4.837768771181335303e+00,6.528429065983447188e+00
5.101923273435966522e-01,1.273199765582952780e+00,6.865129499967167703e+00,1.698909030675324505e+00,4.923993630699856183e+00,6.173379473273657325e+00
1.274351400094113629e+00,2.013301011141080288e+00,5.030685147103593380e+00,2.975096066235745074e+00,4.797463842204120255e+00,4.600455836799778986e+00
4.124151030184195932e+00,3.349440495685787500e+00,5.194420699143307729e+00,4.707075600946940774e+00,2.922340802966261641e+00,5.497660080558398832e+00
3.582934589025913663e+00,4.144252183695887659e+00,5.138130124299281398e+00,4.515553876616640316e+00,3.717967942609331722e+00,4.738117076227919000e+00
7.684729251388950910e-01,2.369495253059274997e+00,5.063106343597598702e+00,2.675693774533322244e+00,2.813634296102309307e+00,4.306217499591308062e+00
4.144975630103257203e+00,3.442233248777797350e+00,2.706098042695150863e+00,2.140257366828662633e+00,3.954032463137834075e+00,5.117345417781707262e+00
1.717582653685394867e+00,1.265300627198648442e+00,3.381736852342357658e+00,2.567957982618760848e+00,2.082375355371173242e+00,2.724813886199522361e+00
3.030031424044369981e+00,1.815707069042524768e+00,5.138064669825665121e+00,2.689054226120337621e+00,2.143340291208671644e+00,4.821931954556635702e+00
2.099456371109553299e+00,3.288683807228095723e+00,3.097283100420328505e+00,4.561777521972512517e+00,3.237533080117524165e+00,4.240672522724946880e+00
2.793641749514010897e+00,3.794098595270549268e+00,6.316230626214163202e+00,2.377754466917695098e+00,1.131655509172067475e+00,2.814974600701211305e+00
3.643560930255248742e+00,3.901798926290771963e+00,7.858706587666206111e+00,4.459493315322561102e+00,4.243807743725562354e+00,6.397810827828831037e+00
2.978437981826242975e+00,2.636623759086204277e+00,9.127645028301991204e+00,3.578874084291582491e+00,4.502980438076328973e+00,4.140233162677358081e+00
3.760772832406163779e+00,4.535030081301215432e+00,7.505024831978692745e+00,3.918365805655610767e+00,2.052825252184680149e+00,5.732705483435847071e+00
4.147252103098315601e-01,2.365534350023535737e+00,5.674078118005138727e+00,1.781814692673849621e+00,1.696921402829393744e+00,4.096267089844977782e+00
0.000000000000000000e+00,0.000000000000000000e+00,0.000000000000000000e+00,0.000000000000000000e+00,0.000000000000000000e+00,0.000000000000000000e+00
3.250973805413762463e+00,5.231903354539532813e+00,5.159220212898294911e+00,4.710375881464178960e+00,4.245625722682964565e+00,4.318713447385622572e+00
3.142315707064820440e+00,2.231469150311917726e+00,4.825456847366990765e+00,3.591242139598196381e+00,5.057648248236258581e+00,5.981512525211392095e+00
2.782121816715661389e+00,2.962212234930183818e+00,3.853741654980013642e+00,3.504771139485890696e+00,3.272651632853336601e+00,6.079170450172824758e+00
1.776608353509911975e+00,3.421782287035894932e-01,4.725423908951160712e-01,3.638507396493324109e+00,3.583189678474131057e+00,4.673455540425414334e+00
0.000000000000000000e+00,0.000000000000000000e+00,0.000000000000000000e+00,0.000000000000000000e+00,0.000000000000000000e+00,0.000000000000000000e+00
7.580088099693382819e-01,3.118662517005321710e+00,1.804296993376654168e+00,5.835273416169409089e+00,2.562839529654875381e+00,1.416478388588311876e+00
1.906926438318824246e+00,2.359915473760147098e+00,4.707315431697789876e+00,6.162895799472641656e+00,2.788204722919882528e+00,2.248647232899708470e+00
1.541844120280208674e+00,7.117400394724924695e+00,3.869005518334222682e+00,4.348656354304814009e+00,1.110284101915729682e+00,1.083937175928454621e+00
2.558593852319744677e+00,2.284439754135619616e+00,4.045351470388286685e+00,4.391149170333951801e+00,2.896936195372814105e+00,3.383525200068736805e+00
3.799091011842484100e+00,3.998703512677639793e+00,5.595875315479446499e+00,4.365994505049981989e+00,1.822289123370969932e+00,4.105207357404773383e+00
2.499668217231529432e+00,3.918691552966410363e+00,5.796420775352682853e+00,4.569564040367677826e+00,1.820892748349519863e+00,3.570290631964537109e+00
1.074079774802629395e+00,5.895388212638009051e+00,6.144411512527341301e+00,3.404901703154806114e+00,5.294420346767552132e-01,1.546704118958235341e+00
0.000000000000000000e+00,0.000000000000000000e+00,0.000000000000000000e+00,0.000000000000000000e+00,0.000000000000000000e+00,0.000000000000000000e+00
2.169185070298202511e+00,5.222823643974990659e+00,4.421591296089192547e+00,5.823899403430983668e+00,3.054530965837265910e+00,3.754764689280479129e+00
1.477305558844677957e+00,2.146006869031553244e+00,3.264211526480421455e+00,3.831593513958722053e+00,2.435526261839577877e+00,5.252523361831130444e+00
2.645962223740832009e+00,2.475556487028596209e+00,5.297571287295380849e+00,2.235578891974586035e+00,4.041348688559310176e+00,1.815806554988178334e+00
3.003195812680656829e-01,1.973138394816831953e+00,7.230322485155632251e+00,4.220161825953018031e+00,4.488855355370998446e+00,4.511122922446340056e+00
2.344332937959548779e+00,1.802953405122674102e+00,5.906717766301945005e+00,3.336650997108664196e+00,3.315181148013006229e+00,5.881937409820451101e+00
4.181232621472227073e+00,2.429784246199521380e+00,4.183534881296519181e+00,5.188339401388480709e+00,4.392439601269506610e+00,5.257683895039136246e+00
1.200236922957496954e+00,3.265359272809407631e+00,3.946619856617276323e+00,4.760826465521250661e+00,4.760999574708389304e+00,2.935334106851062330e+00
3.941834134817474578e-01,7.735478308278347370e-01,1.677234290515889459e+00,6.762711531996670189e+00,3.977014867679787180e+00,2.387056863263680828e+00
3.311497124004900261e+00,3.688745531400635436e+00,2.984960392192452350e+00,5.843115597985245380e+00,5.377599107763335162e+00,3.691785311624798283e+00
4.966450676325588898e-01,1.272887020311213480e+00,2.022378623614145887e+00,3.041996044920743714e+00,3.343560381054387243e+00,3.475063554832410695e+00
2.646917263508495655e+00,4.662765717246307062e+00,1.126700525139974651e+00,2.752840913338314266e+00,2.921510836830762958e+00,2.649589599264190465e+00
2.718875571236319733e+00,2.031516052676118012e+00,3.500017019887943448e+00,4.435036604339577693e+00,3.888706091952487842e+00,2.979177791636748118e+00
2.306814078400496903e+00,3.126628457704521136e+00,6.162337041287563544e+00,6.270854183449503516e+00,1.096978803157800719e+00,2.716729519133805670e+00
3.741900731196227348e+00,5.345968641676817512e+00,5.802561625238698895e+00,4.394605876349539919e+00,7.464575385081753112e-01,3.337948167795936172e+00
3.273334138267903093e+00,2.550640422905536830e+00,6.473430264306268000e+00,3.804863108235009062e+00,3.178967171284093673e+00,6.311321569391401098e+00
3.399942312883849738e+00,5.245556376577578561e+00,5.682222711496243583e+00,4.069894308758854606e+00,2.408881742145304372e+00,5.038983209852522016e+00
0.000000000000000000e+00,0.000000000000000000e+00,0.000000000000000000e+00,0.000000000000000000e+00,0.000000000000000000e+00,0.000000000000000000e+00
2.042863415547274464e+00,3.140028785830295099e+00,7.056641254509339767e+00,4.189914407381299277e+00,3.448231267876554096e+00,2.059389953617856150e+00
2.394839678814792094e+00,3.249293467175837336e+00,4.813752547776534385e+00,4.217852557449942807e+00,5.223786252886004178e+00,7.255228294909281672e+00
1.184207933955645498e+00,5.187016760747908961e+00,5.409627957943043519e+00,5.408370990478321261e+00,4.359256015117114025e+00,5.590391822488436802e+00
2.131018421906501370e+00,2.004013510458670488e+00,5.084993007477227600e+00,1.902995227399093991e+00,2.805996947742258829e+00,3.229551839267892799e+00
2.670811013365052222e+00,4.029638042234487294e+00,3.931786599677037142e+00,6.752984877668807506e+00,2.983991837790727963e+00,4.478090036699463816e+00
2.655029947309996530e+00,4.549412020313266858e+00,4.014929244799210650e+00,4.788644445998307297e+00,3.402683207130425824e+00,1.569767495386124700e+00
1.499828845067036731e+00,1.916212611693288936e+00,5.749424062648043510e+00,4.743371781269678067e+00,4.276620158991575771e+00,5.128776642544556452e+00
3.489912516405375698e+00,2.917862234419514422e+00,8.590648630341853220e+00,5.415272832058668051e+00,4.665172821836288897e+00,4.816357651230339876e+00
2.248803192857412814e+00,3.196334040970385537e+00,4.986930102783010632e+00,5.216647798959622939e+00,2.267180710932212406e+00,4.053441041619857188e+00
1.000936444477275478e+00,1.054135690140668213e+00,3.415659933019903782e+00,3.235061638768255143e+00,2.638802191403958108e+00,4.448130824684767504e+00
1.750355469561690303e+00,2.577162403789392098e+00,3.524419154295078460e+00,5.088967420344362225e+00,3.608610607362359612e+00,3.887157487046986937e+00
3.497428554193517058e+00,2.730371647437322302e+00,5.691247844519123689e+00,4.229246711688675830e+00,4.165443001926311339e+00,2.877607387322691945e+00
3.497953980917541728e+00,4.116203026935092879e+00,4.586077463855922076e+00,2.254781442253981361e+00,1.848878872366603865e+00,4.331861027382323037e+00
7.983251592064266600e-01,2.312382864211967259e+00,5.686618024598626420e+00,2.022205121646517334e+00,3.860323308754241012e-01,5.509246537494330909e+00
3.170978962637046372e+00,2.703104668522567255e+00,7.459041601178046044e+00,4.871532531661594945e+00,8.665934812567037682e-01,2.567997795528651483e+00
2.414489909646973853e+00,2.946312703883791073e+00,6.272588037851432929e+00,3.535884664481445228e+00,1.171059862484286285e+00,4.000725160256119572e+00
2.112136559351720511e+00,2.368029732749642680e+00,5.715698828899482997e+00,2.953709623502748904e+00,1.780020891705105468e+00,4.321303519768606272e+00
2.487201532179611707e+00,3.887553209655980613e+00,3.761441012036563336e+00,3.540079122803809764e+00,4.079822232412254834e+00,6.704061964224010239e+00
3.553405928745542397e+00,4.350314425107379535e+00,2.959852397556055337e+00,3.968600987350344500e+00,3.495342279855492951e+00,4.531665617086358289e+00
3.119514578602672117e+00,1.162188589781467885e+00,3.151465429411141272e+00,5.109570669006342492e+00,5.390347660147242870e+00,3.997400900752320130e+00
3.347963835845581659e+00,4.068563711835074592e+00,2.889282296407938766e+00,5.169724416645558485e+00,3.525887426963583593e+00,4.271571030146641412e+00
3.049688967972641329e+00,2.248335055182656195e+00,5.319196016539862626e+00,2.967397343195633752e+00,3.734755419687854072e+00,2.301470246383058083e+00
1.210808498159819280e+00,2.098866955777114462e+00,3.503301357833004559e+00,2.998372744395635170e+00,3.671672008759866657e+00,3.527851657525997275e+00
1.585865640740634408e+00,4.441846027697847532e+00,7.110105156634917378e+00,3.324803333364189761e+00,3.722242919994566357e+00,4.350854088459017888e+00
4.349365758883469990e-01,2.382513352353149649e+00,5.253529020383671977e+00,2.475859199567232327e+00,1.336461895470511196e+00,3.959694216213626383e+00
1.829045002773669770e+00,2.159260552974146652e+00,6.494742179629509060e+00,7.584520061017229864e+00,3.530500264194166071e+00,5.397658852178846445e+00
1.709341417982974676e+00,4.291184756549767165e+00,5.822635038565024956e+00,7.071025778666823136e+00,2.791843265336980462e+00,4.661704684874427684e+00
2.777729808081639717e+00,3.396808629622951159e+00,3.307246766643303637e+00,6.140373831960617146e+00,4.053631249472308795e+00,5.991158082251160977e+00
2.866931520546270207e+00,1.957155919429005131e+00,3.366298377173765122e+00,3.253898947658524499e+00,3.680347059400884024e+00,5.817660486759592686e+00
3.404875557134855235e+00,3.666861811003200966e+00,4.676471490945973919e+00,4.887633961209732369e+00,2.317988958645008424e+00,3.873030543677505655e+00
1.949109585667617939e+00,2.853739230991418907e+00,2.221884637030110632e+00,4.112092560398937557e+00,3.116002063627356655e+00,3.043529383381808007e+00
2.139843776535883091e+00,4.587956000343551999e+00,4.521692834211513023e+00,4.355620362513637822e+00,2.476660851376240924e+00,3.204674880010582427e+00
1.079703218771884909e+00,1.253089281279010203e+00,4.439052230038701197e+00,3.165424079220581888e+00,2.806685498676894319e+00,2.063329763798614991e+00
3.154916219909371655e-01,2.134923982794312280e+00,5.083223804681535007e+00,3.322825793202490274e+00,3.101105040736887197e+00,4.493823922518665803e+00
3.518816593001260262e+00,5.820043920571201568e+00,6.276845073283304544e+00,4.817988672627355307e+00,4.808252097416870541e+00,3.604454627753952423e+00
1.831203683777604230e+00,4.190506260511600800e+00,5.032199975001374170e+00,3.370789706180411294e+00,4.542445403960699402e+00,5.803236651834021487e+00
1.354233066872396751e+00,2.199303560149565406e+00,3.792948254711385303e+00,3.395935915926359350e+00,3.970996011196028519e+00,4.132549954688149008e+00
3.684440614554877147e+00,5.309044987835703999e+00,4.293941522116718978e+00,4.500791533243130083e+00,3.166223525860948129e+00,2.733973242845444851e+00
2.136235625218796841e+00,1.173316789269468696e+00,6.504590878705170276e+00,4.579333223957071652e+00,5.502515622771847248e+00,3.530477961375279250e+00
2.073242272454509205e+00,3.409323931911166561e+00,3.824901423545068457e+00,4.476571980586418142e+00,3.685014875797968159e+00,2.535275327854140670e+00
1.737151278448696434e+00,3.882693750154947221e+00,3.956234765922178820e+00,4.659184583507922639e+00,2.609143715335452196e+00,4.765531818164992828e+00
3.083882090461406378e+00,6.733166823561571590e-01,5.749849917591619786e+00,7.695643190037971593e+00,5.778854325363654176e+00,6.284922592694766941e+00
2.091155172904990867e+00,4.660613163816424986e+00,5.423149841902492163e+00,5.599178488130936771e+00,5.529805607643708321e+00,4.755314501688032713e+00
1.423925059268487114e+00,2.711641288971845754e+00,4.209689620894656592e+00,3.755702158877469721e+00,2.855700611748952511e+00,3.892194415366168059e+00
2.958284306622402049e+00,1.987299115684613371e+00,3.243854347889909562e+00,3.893233329335216375e+00,2.832262984252776228e+00,6.967564153313031916e+00
1.373554516741906761e+00,8.605348601529025920e-01,3.251122326320932565e+00,3.318052412262163742e+00,2.536347526305040123e+00,3.105150400079406126e+00
2.090702416339798919e+00,1.848233185582383253e+00,3.435797813632308184e+00,2.676690752473079637e+00,2.716731183444061948e+00,4.914926323619928539e+00
1.799182574098878273e+00,1.242889841157674979e+00,3.344576305255058113e+00,5.174175134879595461e+00,3.356478642863130801e+00,4.426030413303062794e+00
2.126537555877354269e+00,4.914727654654999611e+00,8.298035122513326201e+00,4.363120895230378160e+00,2.304724589640938515e+00,3.613664101076669688e+00
1.657167512175206081e+00,1.005787891723881167e+00,4.423222561583651569e+00,3.246186404987243534e+00,4.594961832985823946e+00,6.737226042979377993e+00
2.300572360760294366e+00,2.111454625026412124e+00,2.918923479330869597e+00,3.788569856811406122e+00,4.581363312594769255e+00,3.071633901109954046e+00
2.625067275339844741e+00,3.695191071554511097e+00,4.237805385415558845e+00,5.732170555569968684e+00,4.235936680673191290e+00,3.080881127001771969e+00
3.211298862725983305e+00,4.928847165690180887e+00,6.655962140391798343e+00,3.784437003069618388e+00,3.934633557539478410e+00,4.927646183991007511e+00
3.184506696196402586e+00,4.056772968057314799e+00,7.846286238516821498e+00,2.038788474821537466e+00,3.107295146360704585e+00,3.531828075284911606e+00
1.891403945131870712e+00,2.170275181167303558e+00,6.297743796680149941e+00,2.749572532659132929e+00,3.238141518892728499e+00,7.142083426860642348e+00
3.689099090442891082e-01,3.014070984534709119e-01,5.587804427141828789e+00,3.310004970479334396e+00,1.913535929580201689e+00,5.564486469972139915e+00
2.230111947886568746e+00,2.329642225749332773e+00,6.466559502716476615e+00,2.296738751395274836e+00,2.914140531382765076e+00,5.212861015098443573e+00
4.117170543569132590e+00,5.638923885256563295e+00,7.983786276336600096e+00,4.528609512051393615e+00,3.511584264615327022e+00,5.417873579963172759e+00
1.279760196215272039e+00,1.323164909723315352e+00,4.949632452048960296e+00,2.117737786344004114e+00,3.278835444721133641e+00,4.925228981499657266e+00
2.570811331801127420e+00,5.165849778191573094e+00,3.727585400133282434e+00,3.349889633795269273e+00,1.565010777413224918e+00,3.267935572470261452e+00
2.213080458389525607e+00,7.475683912292701017e-01,4.033011351938709410e+00,3.423755191589737290e+00,3.367989865843245223e+00,1.427911714199543880e+00
3.197100215997361161e+00,8.053245121301122467e+00,6.028858994935621496e+00,4.369536009809501742e+00,3.570108457037292737e+00,4.126592424133066928e+00
6.739787028764663290e-01,7.863360534236640831e-02,2.885143511715741127e+00,1.369630887107520678e+00,3.736591183674258243e+00,5.170889374146727668e+00
2.308795432818082194e+00,3.077460804418061802e+00,2.439125394094422639e+00,4.954158854542540347e+00,3.588474034264788948e+00,4.056455860592921070e+00
1.437005286379294144e+00,4.844083407218892745e+00,3.282292077028722055e+00,1.840484896735339770e+00,1.388698104180192461e+00,2.862847756611913930e+00
9.911350876343618665e-01,2.503274358244680364e+00,5.091238295922172696e+00,1.668094440380898380e+00,1.876208922190532702e+00,3.677247169188064824e+00
1.059295257336368756e+00,5.179077237024173996e+00,4.499009314932338022e+00,3.829466609262841992e+00,1.162158500761541369e+00,4.419651078085280460e+00
4.193006941025260836e+00,3.393196057111973918e+00,6.680925003384836636e+00,2.748432802415055498e+00,3.995172315759556447e+00,5.955893384091221598e+00
1.600944144769595789e+00,2.071346275256126024e+00,5.288923452778620415e+00,4.632970029649271737e+00,4.829200176839172798e+00,5.559527328253858869e+00
2.734226253919424643e+00,3.300155097356353373e+00,2.917904105240328061e+00,3.757163071567926060e+00,3.610999135934626736e+00,4.218121525297992669e+00
1.220852196224116115e+00,3.259511206465688815e+00,3.300321144823241237e+00,3.606874026532437938e+00,3.119366793223756318e+00,4.218827718650240755e+00
2.031557240244336704e+00,1.928334489456560608e+00,4.372946461904874127e+00,4.431049583887531895e+00,2.364555609246334011e+00,2.053507190278650363e+00
1.690454083328808199e+00,2.739568470047873738e+00,5.211022467253776824e+00,5.771562595532919282e+00,2.554778698188502339e+00,2.385585579707467652e+00
2.114516289145265127e+00,2.961464184441858105e+00,8.112602197112023461e+00,2.959875339737899402e+00,2.014921081958913174e+00,3.846275020147739365e+00
7.908040289323909899e-01,4.161828005631978300e+00,6.027855211358732035e+00,3.512540515244097605e+00,2.239949643968774939e+00,4.392949882129800088e+00
1.585313577758284076e+00,2.559682918821349240e+00,5.851044186671295222e+00,3.810607879449779745e+00,1.946592608451151118e+00,5.355512641272518692e+00
3.888470120837805410e+00,2.519439966991812607e+00,4.375112503271488151e+00,5.084174699258626084e+00,2.163792655570460965e+00,4.084005183776835857e+00
3.475943850660184076e+00,2.882103536348656458e+00,5.299455688470503745e+00,4.956883196098027078e+00,2.984323763145078967e+00,5.293399101987708022e+00
2.877093760224215035e+00,3.213169678946517838e+00,5.413457889698935155e+00,4.745377981150386226e+00,2.369867300225785289e+00,4.722576386515147995e+00
2.705749784116457946e-01,2.595769786785216748e+00,4.897418552379298795e+00,4.212583863486575098e+00,2.173444654912480622e+00,3.192051959351666746e+00
1.952558086958935624e+00,2.842300663322671728e+00,4.186276270470052019e+00,1.150663893207722221e+00,3.306793110798888158e+00,4.935132007661191089e+00
1.168744997000248365e+00,1.854666983347310172e+00,3.821956786928934591e+00,3.368271663836558627e+00,4.645923961037469851e+00,6.228182959688981057e+00
3.278409733481203681e+00,3.142926742711313892e+00,3.956170815842078525e+00,3.226749147452589561e+00,2.573309506438556493e+00,2.178950964314504635e+00
1.598045496115115371e+00,4.282872463441147914e+00,2.945686260650965060e+00,2.248192603032600267e+00,2.484219873291129144e+00,3.755414271267133230e+00
