VR1,VR2,VR3,VR4,VR5,VR6
2.349170803699519805e+00,5.724999455303869667e+00,3.879956626943020126e+00,2.648950604614560334e+00,2.388316025706042733e+00,3.232906159455447792e+00
3.582274457267944356e-01,3.836731154483087547e+00,4.216802999786319894e+00,4.565599433665806117e+00,4.677048850445374661e+00,2.869756870491217526e+00
3.468368610573495658e-01,4.503568451976744491e+00,2.273267303363799119e+00,4.528078498500497595e+00,2.787465176143747225e+00,1.032678564715321379e+00
1.481460658402399488e+00,6.865950802718199242e-01,5.822001315188230386e+00,3.378635660579493383e+00,2.637896454577799421e+00,2.268024973465887051e+00
3.125828489282951317e+00,3.107138465975927133e+00,5.192846433398177197e+00,5.248052610706269050e+00,3.573313332612639837e+00,2.487045655974889247e+00
2.504348603275234009e+00,4.143770547324606923e+00,5.846099636524588306e+00,2.997087678942043532e+00,3.466470651158399363e+00,2.374927765266304558e+00
4.529614903695634354e+00,4.318643911098767774e+00,2.810511510879429853e+00,3.508005941638985270e+00,2.409434836118160561e+00,4.032074147198281722e+00
3.567764825309017951e+00,5.495676831849172217e-01,3.033088920852407444e+00,4.458039509811398737e+00,1.777957529121325209e+00,3.368227599917218651e+00
4.218622305635449266e+00,4.258767254868942587e+00,4.980247051611778275e+00,6.024492905149593014e+00,3.587565230578162900e+00,4.578892795998035226e+00
3.292153927287104764e+00,2.222907502315727868e+00,1.912318584595589677e+00,5.892127942782030559e+00,3.508713307382395730e+00,1.915408444576266245e+00
3.004129016140953734e+00,1.085828382765817945e+00,5.116009844813000917e+00,5.839485947177372793e+00,1.430963774605144012e+00,5.346367406041559356e+00
3.617214879792622462e+00,4.776465925104111498e+00,6.604086964935361515e+00,5.487211938681287648e+00,1.104274110337498893e+00,6.958884802341805731e+00
3.421290332308995819e+00,2.922907643250902243e+00,5.712264727955629340e+00,6.450665647449351781e+00,7.929397885137623447e-01,4.734192682756275694e+00
3.501764689511697171e+00,3.828154724211021875e+00,6.493687499492269311e+00,3.085795226850925665e+00,7.629918351946152200e-03,4.997303281400347963e+00
2.351357415470126444e+00,2.425763679138683848e+00,9.301770264166798086e+00,2.562354125745938571e+00,1.245499240948453323e+00,3.858832383930046905e+00
2.409325102571408639e+00,2.269498693471760475e+00,5.558669714308471121e+00,4.317587592901253934e+00,4.241289097379580042e+00,2.891573660982401428e+00
1.855257768363765214e+00,3.024928141359249256e+00,3.516809885849804473e+00,5.029142120761934009e+00,4.176986228910775090e+00,3.607569868068264629e+00
0.000000000000000000e+00,0.000000000000000000e+00,0.000000000000000000e+00,0.000000000000000000e+00,0.000000000000000000e+00,0.000000000000000000e+00
0.000000000000000000e+00,0.000000000000000000e+00,0.000000000000000000e+00,0.000000000000000000e+00,0.000000000000000000e+00,0.000000000000000000e+00
1.194511043417192386e+00,2.302117982597448265e+00,4.133158388351261259e+00,2.332633229150072651e+00,2.810061106551516197e+00,3.896996986118724138e+00
3.862050310797389585e+00,4.404401016949358372e+00,3.882348216854230039e+00,5.476996097952946840e+00,3.727456475317666218e+00,4.042251102531137619e+00
4.183069807968065490e+00,5.711235846330879440e+00,3.619173967899645294e+00,5.392037005469860311e+00,5.146733690342019329e+00,3.928007505060769677e+00
3.255867918257999705e+00,1.563643514623844544e+00,3.202865879819800643e+00,3.956113815346402163e+00,4.005740005132794934e+00,5.178397427309525902e+00
2.553575072267030510e+00,4.497122881992191346e+00,3.417894698366741313e+00,4.540372227614199119e+00,3.444068731782045312e+00,7.021451950203053904e+00
0.000000000000000000e+00,0.000000000000000000e+00,0.000000000000000000e+00,0.000000000000000000e+00,0.000000000000000000e+00,0.000000000000000000e+00
2.198479690042304924e+00,2.302327713658275599e+00,8.492089541764507032e+00,4.323750595128374563e+00,5.058495163906027159e+00,5.805943514957201401e+00
2.274308141284357099e+00,3.379216251032274076e+00,4.628148026726241149e+00,4.858790168645743535e+00,4.481570547937286264e+00,5.594820067348800663e+00
2.784866611235173650e+00,1.468374651759472682e+00,6.787083675234207192e+00,3.910348370272306529e+00,4.983039646266198552e-01,5.114924871294058484e+00
0.000000000000000000e+00,0.000000000000000000e+00,0.000000000000000000e+00,0.000000000000000000e+00,0.000000000000000000e+00,0.000000000000000000e+00
1.833955961718220395e+00,4.035253075154153102e+00,8.521533991174948142e+00,3.960674634592071364e+00,1.029702587320574736e+00,5.574192610232461043e+00
2.621286364969200200e+00,3.267652283513576617e+00,6.994863305492274641e+00,3.272954372353902741e+00,1.576623850668683380e+00,4.284730711253200042e+00
0.000000000000000000e+00,0.000000000000000000e+00,0.000000000000000000e+00,0.000000000000000000e+00,0.000000000000000000e+00,0.000000000000000000e+00
4.289141354566905484e-01,9.587706146506405069e-01,5.919949763691704447e+00,1.968282236613519309e+00,3.546656424974740762e+00,3.231921529178519936e+00
1.273100824665686304e+00,3.283209459277873776e+00,2.750671553323438268e+00,4.339149908024735325e+00,4.428692086682766593e+00,4.831924373724807431e-01
2.322646489427683480e+00,2.642807975774531748e+00,2.888598343830875326e+00,3.035620937440637768e+00,3.116118920661616443e+00,1.714449883621000925e+00
5.939300797323918690e-01,3.629250940880071941e+00,3.834187102040256256e+00,4.838789620654154078e+00,3.887490667952556489e+00,1.519659040600025435e+00
1.385421682515097341e+00,3.462160853574676622e+00,4.442405083622266382e+00,3.047676605568855557e+00,3.767779528510933673e+00,2.388760000735859812e+00
2.531833886084021490e+00,2.265600501085900831e+00,1.936716455355247390e+00,2.370926748133416417e+00,3.614581130665363240e+00,1.819551608757499217e+00
2.641720340753390683e+00,2.568031073585976820e+00,4.597755106771269418e+00,2.883865427786941993e+00,4.592984747644909049e+00,1.998807961597822036e+00
1.839468515327011389e+00,4.035442027737307313e+00,3.938834787353301170e+00,3.702628280812879424e+00,3.438949685896483643e+00,2.819828322417201605e+00
3.352793670222693478e-01,4.403497395930617841e+00,5.273960716734248599e+00,2.733273533482710071e+00,2.935393337997568075e+00,1.675474510777303916e+00
5.629273912366827837e-01,1.095135501109157028e+00,4.763745551175407655e+00,3.371753630484821684e+00,4.244004265533982689e+00,1.251248420524730509e+00
0.000000000000000000e+00,0.000000000000000000e+00,0.000000000000000000e+00,0.000000000000000000e+00,0.000000000000000000e+00,0.000000000000000000e+00
4.087399547207317685e-01,3.703473884725120513e+00,7.344702844957507359e+00,3.844405828906626077e+00,2.243561379116135956e+00,3.171847107642548735e+00
3.813840294681170029e-01,3.203641565074518471e+00,8.300209786868547823e+00,2.328077913835523205e+00,2.326670502741318813e+00,3.742918546537250979e+00
1.503224529287959133e+00,2.175158157988189345e+00,8.175402594249927546e+00,2.664298314191611894e+00,4.550143223458206876e+00,5.102120029086155917e+00
2.271600810772834933e+00,1.453677978293023809e+00,7.033419014571169470e+00,1.313386009637555585e+00,4.307711981480689900e+00,5.979583288070715597e+00
1.317633851581697879e+00,3.319085440212686144e+00,4.339178550950141933e+00,5.171233206805618821e+00,5.853939344818197554e+00,5.300133501840779360e+00
0.000000000000000000e+00,0.000000000000000000e+00,0.000000000000000000e+00,0.000000000000000000e+00,0.000000000000000000e+00,0.000000000000000000e+00
1.896170722352419347e-01,4.403026199794632056e+00,7.185943514030345369e+00,1.645909807487707432e+00,8.656686762043084293e-01,5.195466142583202718e+00
2.070486063514511699e+00,1.306792661597286909e-01,8.347368854985354858e+00,2.781692983575228872e+00,4.206668159654728179e+00,5.691132417261910881e+00
3.535633142972097520e+00,3.516263363564272382e+00,3.430274124856637741e+00,3.114727655312266918e+00,4.333361007753900651e+00,4.760381196952293337e+00
1.827002464371489943e+00,4.480365723948766643e+00,2.267009399261935343e+00,5.051786530689454047e+00,3.888914703326707745e+00,4.178811205424971753e+00
2.205405601609147226e+00,3.639347923209959923e+00,4.214082227001792802e+00,5.096137580459627614e+00,3.889976358540551793e+00,4.378825346512954297e+00
2.481591696475703657e+00,3.307611263263113610e+00,4.895463987820147800e+00,3.188175771764421462e+00,2.943598648677631324e+00,4.844891459894034469e+00
3.106681319924222695e+00,6.546778813774816186e+00,3.231438223178944913e+00,5.202516739517511368e+00,3.562304127870847381e+00,5.537188975192845142e+00
3.694743715287796881e+00,2.718879545341727155e+00,4.373483332882196706e+00,5.026633866957872954e+00,5.321071176996525764e+00,4.377047253131866711e+00
3.881762973982998410e+00,3.539440133499774710e+00,4.409044343573027547e+00,3.969099140527926561e+00,2.815631292084958215e+00,3.432536999834685520e+00
3.425333861255113632e+00,3.999978266584554465e+00,4.290826032682241831e+00,7.519518009331013886e+00,3.147998619235045314e+00,4.207679654904348254e+00
3.319684616328393734e+00,1.715568685640365798e+00,5.622310876870639795e+00,4.389817212156556181e+00,5.063052961444070021e-02,5.411812196255266549e+00
3.952570583936163562e+00,1.733183872468005760e+00,9.656054500326106904e+00,3.048172449864798850e+00,2.421354435022089469e+00,5.048742143647215741e+00
4.276399383052143399e+00,4.520054557953676166e+00,5.275242862546726030e+00,6.406368422625310366e+00,3.548572390470594140e+00,7.240210890618676842e+00
5.120736042040270775e+00,4.688063835899391130e+00,5.234800384951891594e+00,4.997594901231816600e+00,3.419813637540342732e+00,8.188992619827372366e+00
4.568957454175961885e+00,2.150680871659426785e+00,5.328369612009645984e+00,6.706422571718432479e+00,3.352781650307615102e+00,6.836788456475346720e+00
5.057984553532158145e+00,1.800812979392171220e+00,4.439257826978463051e+00,2.526397972745393350e+00,9.066813176259786999e-01,5.890759523517198559e+00
3.732795633928203127e+00,2.413664367073069972e+00,5.626177050175351191e+00,3.670767840394083770e+00,3.436906293419716985e+00,5.083260291043694146e+00
4.097772154827333146e+00,1.436704134124873189e+00,4.093168393611571254e+00,5.409581333891820165e+00,5.000522911012836857e+00,4.034817717444837193e+00
1.847593304680525961e+00,2.278265224906575792e+00,2.210033973685370690e+00,3.409582773248960308e+00,5.270039860848541480e+00,3.623509741694039388e+00
2.853318187726418209e+00,2.010266569490009481e+00,3.050033689024967298e+00,3.940987403780672693e+00,6.943079791991146443e+00,2.423653146506278944e+00
2.592033221338606364e+00,2.318908825763994042e+00,3.031824775411434914e+00,2.608900555867726290e+00,4.135921064470499786e+00,2.050803974014342668e+00
1.301979946089558915e+00,1.155573899974004393e+00,3.557396273291400846e+00,1.824195787449064188e+00,4.154347218549519383e+00,1.288134237813580718e+00
2.847289344927187216e+00,4.181492730960590265e+00,3.452120042865712612e+00,6.370726777176441757e+00,3.311692559116139023e+00,2.579033297407682390e+00
4.482562541354369046e+00,2.997850158279970145e+00,4.415063757804140288e+00,3.897844127867872377e+00,2.061384773827388273e+00,3.874250434750047489e+00
5.403903366413999265e+00,2.898776265001075103e+00,3.984150599230650514e+00,4.863767965256942993e+00,2.786135719161509705e+00,4.504034394541999831e+00
6.055942701376400450e+00,2.351667576211656563e+00,2.729353248251295216e+00,5.792667987754246184e+00,5.536477311046476224e+00,4.369808477298399829e+00
0.000000000000000000e+00,0.000000000000000000e+00,0.000000000000000000e+00,0.000000000000000000e+00,0.000000000000000000e+00,0.000000000000000000e+00
0.000000000000000000e+00,0.000000000000000000e+00,0.000000000000000000e+00,0.000000000000000000e+00,0.000000000000000000e+00,0.000000000000000000e+00
1.402708890252486462e+00,2.709904738877331631e+00,6.828645739341192566e+00,1.782489400576940497e+00,1.593000382925318759e+00,4.400095060269414660e+00
2.244608867069417091e+00,4.805512627129505887e+00,5.100726915482319157e+00,3.651113832827213912e+00,4.187337218412187312e+00,4.067169023027451757e+00
4.118415146992510323e+00,3.513000450264728514e+00,4.289733772378960808e+00,5.131637012715801305e+00,4.921903292720400280e+00,3.591947885153736308e+00
3.607272535950266423e+00,3.327006873953290977e+00,3.916595730754630633e+00,1.835106940878931781e+00,1.554691469750903998e+00,5.752550471163603518e+00
2.071919810480661983e+00,4.520265664160753261e+00,4.776002278742216056e+00,6.585594983933639845e+00,4.937981439650140913e+00,3.686232740813304876e+00
3.420224209559499684e+00,2.758881671210795972e+00,6.941783287485948861e+00,4.680493437220420994e+00,3.478588039107504137e+00,3.048625104931581564e+00
3.049130724869200115e+00,4.440440233633928813e+00,5.992597267397779426e+00,4.874274995827241774e+00,7.506103814952158615e-01,6.189529482488923762e+00
2.676515998291042919e+00,7.755032197841580377e-01,6.332055124127901280e+00,3.764804449533294850e+00,2.226265291223462395e+00,5.694226464369448237e+00
4.436613410366059718e+00,2.636633656579135732e+00,4.560071353135080940e+00,4.112253522373520376e+00,2.664579727148653543e+00,5.707341290615834950e+00
3.543947084835151973e+00,2.991755468777956839e+00,2.595649084386334238e+00,4.001071230260314415e+00,2.409414516157942998e+00,4.236163276247317810e+00
2.172942882842314294e+00,1.292890565512703871e+00,3.843721722175945210e+00,2.766072586094239227e+00,2.991572106769795347e+00,4.948231303569800232e+00
8.340665005849672298e-01,3.360732849863978799e+00,3.347106530073848063e+00,5.333659598931919987e+00,2.383419035215335491e+00,5.774925011836849364e+00
1.988726694006348383e+00,4.187204792255145414e+00,7.265375661328955736e+00,3.994448088398395935e+00,3.590762031742528393e+00,4.347433599899741985e+00
3.084153308686325090e+00,2.569306696895644837e+00,6.413000051811411417e+00,4.640285667824930904e+00,3.802401327327723735e+00,5.913216788309603622e+00
1.905800928231143665e+00,6.597676061621566390e+00,5.833988680305991714e+00,7.671369624877525162e+00,6.469329039439413620e+00,6.270537903268802005e+00
3.597123795311583105e+00,2.618174293148166409e+00,4.868372442469702577e+00,3.058458156102632941e+00,4.118524494569159700e+00,4.891470697895258013e+00
2.550708364535253736e+00,3.294724853799999575e+00,5.454985263310669907e-01,5.674504470499334374e+00,5.287712063114976324e+00,1.867391339917554127e+00
3.047517708938578096e+00,2.639436351910750211e+00,4.250000004826597788e+00,2.726902752756048542e+00,2.262649172551312482e+00,1.941107801343305628e+00
2.756469814110786398e+00,3.396927198472495135e+00,4.349545867522283338e+00,3.887313094970264782e+00,3.766715095425022142e+00,1.849987975245921401e+00
3.625027890220886562e+00,3.287083615033586703e+00,4.823398947359395450e+00,4.374525198715534025e+00,2.921469868837027750e+00,3.286819025450508747e+00
4.620103988777498394e+00,3.725438805702842249e+00,5.774873339776646297e+00,5.193645660326309255e+00,1.731497103888949951e+00,4.776621632888526037e+00
3.720312585418757756e+00,3.675500039829824761e+00,5.725391427837689839e+00,7.127348670412339438e+00,1.652273729656724921e+00,4.181887860523957556e+00
3.173728281227077730e+00,4.245502414739775077e+00,7.009802997616456643e+00,4.530149008219853890e+00,2.837359948294833067e-01,4.667079266695358442e+00
3.510150553036265109e+00,4.156868104787305285e+00,7.327792102496378135e+00,5.748078675315218433e+00,2.106376598518562737e+00,2.881810133167149068e+00
3.302417358790391777e+00,3.530654331643151345e+00,4.337706964614934435e+00,3.857723619815355942e+00,8.125899656929362891e-01,2.690053814769282958e+00
9.163821767227477988e-01,1.246242616320950569e+00,3.219594419243971384e+00,2.892165703783356356e+00,3.537804569308536262e+00,1.802459867711760921e+00
2.941466918703770972e+00,2.498039641297640223e+00,3.524038046199167162e+00,3.340224799623903618e+00,4.294069728060296853e+00,3.340052652445280934e+00
4.584381333259081259e+00,3.060358114469331259e+00,2.087574483429573746e+00,5.458525839775887789e+00,3.241385568932131811e+00,3.826010866591541326e+00
3.424241650369449719e+00,2.616278332963677400e-01,3.043467676556300905e+00,3.073018447222667149e+00,2.288535735077082744e+00,3.802499505234185673e+00
2.763790329508807098e+00,2.377838652486502280e+00,6.488463318518678413e+00,1.901849747026248760e+00,1.474460230605670663e+00,5.278779917208668238e+00
7.566828518042949536e-01,6.684100639177859016e-01,6.755105826764033594e+00,9.958513858808504260e-01,1.187911523599491481e+00,4.165138807287084965e+00
2.935464528821123409e+00,2.263041333351845097e+00,6.046847515105847393e+00,3.212929781235550397e+00,3.338067005330192849e+00,5.370055611555789810e+00
1.704112115357451662e+00,3.177757026015378017e+00,3.518889716731329109e+00,3.094894302266491426e+00,2.263324272287931205e+00,4.558022137916188044e+00
1.910772844941262871e+00,2.531455319430023998e+00,6.071969462878758605e+00,5.379742280458172488e+00,1.302976749634509268e+00,4.756430903487827599e+00
2.929077281066441607e+00,2.492184930512853835e+00,4.814696420312983172e+00,5.403105190202421859e+00,7.237943160973920875e-01,4.639697326603497984e+00
3.324953288274275387e+00,3.140024985308803362e+00,5.474603946969256008e+00,1.590010494812297281e+00,1.009431199263257639e+00,4.319349127486169948e+00
1.930444001525230657e+00,1.311762374225400096e+00,5.451796613490868637e+00,3.187685853345313625e+00,2.403912582268617371e+00,4.438598638068956603e+00
2.300806447895671791e+00,3.175275553900594350e+00,7.693445262847511401e+00,3.480618942357684098e+00,4.720565758926228206e+00,5.572900957793684995e+00
4.180707400916300109e+00,5.072318824927628533e+00,4.081939037654994884e+00,6.823874505406431368e+00,5.659866659345584416e+00,3.989161086201042927e+00
2.169490272574963186e+00,2.910445586232524029e+00,5.665045918357213495e+00,5.269353347473278326e+00,1.819754442357120805e+00,3.131649255059616443e+00
3.793918549367154558e+00,4.073135828058525476e+00,6.228460521636328906e+00,3.750954777351790170e+00,2.346288156624615873e+00,3.623347162131634214e+00
3.736071222502457267e-01,3.222857497447321862e+00,3.797277808263336496e+00,4.433354216330761766e+00,2.682401604215299162e+00,4.598235075058301646e+00
0.000000000000000000e+00,0.000000000000000000e+00,0.000000000000000000e+00,0.000000000000000000e+00,0.000000000000000000e+00,0.000000000000000000e+00
7.420368007373350228e-01,2.611017950424380007e+00,7.216477560568570482e+00,2.527823836498541255e+00,1.155586104157994676e+00,3.812664596709592679e+00
9.147803910053631249e-01,2.627474776449863825e+00,7.780531661320763348e+00,2.296596054895382988e+00,3.195218852537889287e+00,3.679503761179044652e+00
2.169000030836986781e+00,3.538951002176927041e+00,5.387985837009562573e+00,3.350606805707660563e+00,4.158731086266998389e+00,3.216357764462374202e+00
2.559326763793605686e+00,1.564519707761442335e+00,3.879459114135995090e+00,5.325710003377772672e+00,4.776994346508312894e+00,3.903132995335145683e+00
2.200899336878043844e+00,5.518406603209814243e+00,7.812540360840914744e+00,3.945771426755628308e+00,3.556162438008485971e+00,4.654459966231182300e+00
3.216509826797778526e+00,3.313741259450698529e+00,6.332344651016522441e+00,3.710142156418768877e+00,2.495199892606564607e+00,5.555953863300796769e+00
1.473580874312298228e+00,2.830079509183851982e+00,6.588212317944244667e+00,5.654754711682636881e+00,4.998767647945031811e+00,7.316455261410447442e+00
0.000000000000000000e+00,0.000000000000000000e+00,0.000000000000000000e+00,0.000000000000000000e+00,0.000000000000000000e+00,0.000000000000000000e+00
0.000000000000000000e+00,0.000000000000000000e+00,0.000000000000000000e+00,0.000000000000000000e+00,0.000000000000000000e+00,0.000000000000000000e+00
2.126802426339593488e+00,2.520385604482167086e+00,2.647673977130556633e+00,3.144721568422220503e+00,4.634479516359821361e+00,2.413913096221979693e+00
3.584690288578390671e+00,1.671658307643876684e+00,3.733128901069526329e+00,4.584180498507619106e+00,1.983224683658896925e+00,3.225865700030196237e+00
2.601645540205516305e+00,1.979848298540902718e+00,4.509359255866953298e+00,2.181238599065030037e+00,2.119400918986638516e+00,5.134594803089161275e+00
4.055875644341967678e+00,3.906726026983161848e+00,5.838512275002790908e+00,4.302268432458102865e+00,3.433351763794745715e+00,5.282915516740500195e+00
2.412454388074837475e+00,4.763098174253463490e+00,3.157395988057955627e+00,5.250500474191002631e+00,2.968935520242554471e+00,4.949536832192877434e+00
2.279279474443101083e+00,1.849877130041260864e+00,6.208109881934451124e+00,9.002528443562924920e-01,2.531954877679596372e+00,4.879496087005689375e+00
2.964544589278601983e+00,3.432869751219668419e+00,7.080409450121798898e+00,2.795731088448934365e+00,3.984956223745036219e+00,5.876780327192571818e+00
4.026413448658400895e+00,1.791707167746644513e+00,5.107902796365402232e+00,1.487013995036952974e+00,3.468562094481765889e+00,4.980582688357477750e+00
1.273567519628779454e+00,3.541481848877714000e+00,3.193371850742715345e+00,3.713312964266342497e+00,4.541763832245639954e+00,6.044309787822250257e+00
2.952488965284840283e+00,3.389556194413279044e+00,5.130550472405027485e+00,2.570244299874720362e+00,5.660726520399300021e+00,4.826495581016104097e+00
3.688216445098367657e+00,3.018452923650945863e+00,2.339548337498192687e+00,4.071332382440942865e+00,5.493270836840018490e+00,2.943151201869329103e+00
2.693694399662874606e+00,2.694387074254903425e+00,4.021358660722833100e+00,3.376672071020130783e+00,3.594575379089756773e+00,2.784937964506429164e+00
9.543358357047675433e-01,4.360003734562512889e+00,3.467279120413769178e+00,4.614041580802532572e+00,4.761990397700924582e+00,1.658897040570681547e+00
2.507482256126590592e+00,1.631849548117767501e+00,5.546414928245911646e+00,3.417666674864843213e+00,4.773823866866003129e+00,1.461540566272567787e+00
1.747820954739744526e+00,2.627948216351767563e+00,2.025964584597193863e+00,5.569312949575995653e+00,4.163271588345233809e+00,2.144789353187991132e+00
0.000000000000000000e+00,0.000000000000000000e+00,0.000000000000000000e+00,0.000000000000000000e+00,0.000000000000000000e+00,0.000000000000000000e+00
2.847896881687041137e+00,5.693696977838271778e+00,5.746938231863429891e+00,3.988742348470935895e+00,5.474973942347461708e+00,2.841788352655404193e+00
3.349133696389530623e+00,4.554989565794542727e+00,3.405373851273876262e+00,5.098924105368980442e+00,1.534255153812515093e+00,4.095155864728908135e+00
3.095866366678118542e+00,3.466263328509206598e+00,6.323186716259825424e+00,3.665183078022346663e+00,9.979767563970254329e-01,4.177206857660478612e+00
2.220934931210357899e+00,3.192066106376560519e+00,6.532817821119996538e+00,4.247934857686378685e+00,2.481596591098680804e+00,5.793951627774538871e+00
2.858459529659073795e+00,3.524762137437700726e+00,4.534147041447342374e+00,5.735954424023034903e+00,2.176761146025218085e+00,5.541472124491210849e+00
