VR1,VR2,VR3,VR4,VR5,VR6
2.369411570648069620e+00,2.606695728858958727e+00,4.919186384084818897e+00,3.984100349388272733e+00,2.940803541720448777e+00,4.103657742496753968e+00
2.193579941377091558e+00,2.767537623932617930e+00,4.866200633020300259e+00,4.396358895577296977e+00,3.167386921841990333e+00,4.284931632654081390e+00
2.473857712812758791e+00,2.907602352933816636e+00,4.803134632884778377e+00,4.087150251300557535e+00,3.433704392110427772e+00,4.265759293657692020e+00
2.404444416323504807e+00,3.224155980344984407e+00,5.210570081291335143e+00,3.909011845299739107e+00,3.078798240477175430e+00,4.299146803034357589e+00
2.435874142835170897e+00,3.170476531240011386e+00,5.227459851378257305e+00,3.875335545289118944e+00,3.371727897378720584e+00,4.355371302043137050e+00
2.349201808225702237e+00,3.055201228582288042e+00,5.167119766931843827e+00,3.945300933403473209e+00,3.240924705132466777e+00,4.118618313551257515e+00
2.244893015812763792e+00,2.888577267432943074e+00,4.844324362596968747e+00,4.089191223586380097e+00,3.006014762946219054e+00,3.904980578982719663e+00
2.493875585027909292e+00,3.051401152396937100e+00,4.885487719483147195e+00,4.245782759831675968e+00,3.213702241146816352e+00,4.084026496786198557e+00
2.229691378630823451e+00,2.926445455165908260e+00,5.280097759689940773e+00,4.181373015030451334e+00,3.229279624350588129e+00,4.189572019188262608e+00
2.144897138826417748e+00,2.966640416665945690e+00,4.959634343557545400e+00,4.215617967886243989e+00,3.262410757953509322e+00,4.487567982544453216e+00
2.342743407806944678e+00,3.060833209644401087e+00,5.092027515164231133e+00,4.232082026073133996e+00,3.456557478834227037e+00,4.043749534734280893e+00
2.675783133430533756e+00,2.835913300838988960e+00,5.019353439823561303e+00,3.781639086647847314e+00,3.187330181535822593e+00,4.383360541876629490e+00
2.441142112613971626e+00,2.989164807320604744e+00,5.196432011854741795e+00,4.212242382052622247e+00,3.388108853639140161e+00,4.302113061466746657e+00
2.160631282166380895e+00,2.813771275446693476e+00,5.183868490123642481e+00,4.272424192301364165e+00,3.299418816113480535e+00,4.035112223041937618e+00
1.986950190767956759e+00,2.504902399705250637e+00,4.949577157281776607e+00,4.240692213971790636e+00,3.311445196417214909e+00,4.272383731940356810e+00
2.185699356847338848e+00,2.731094555199787166e+00,5.107836563313856715e+00,4.372253802715575510e+00,3.295904210856502647e+00,4.348957697277364254e+00
1.968791580499127614e+00,2.620851562381166566e+00,5.047869649889617172e+00,4.572321569483146497e+00,3.354404801883218656e+00,4.127646904554493901e+00
2.017979508117372589e+00,2.463967410113429679e+00,5.214796377101774461e+00,4.245295990407975673e+00,3.063245088683276496e+00,4.508540200757044758e+00
1.986787678838980664e+00,2.312814202971103850e+00,5.043365517691691835e+00,4.493340052414902530e+00,3.407761866726283451e+00,4.323004230055270014e+00
2.134527570609845881e+00,2.363248426795065527e+00,4.978869147521115757e+00,4.375264945152586016e+00,3.146863120041344164e+00,4.207764731999978913e+00
2.309738359791670081e+00,2.647856820774906694e+00,4.912571266268197512e+00,4.217906662418925201e+00,3.264011549190781292e+00,4.320185993277268821e+00
2.335688230314416192e+00,2.699973064559456404e+00,4.877453332622334159e+00,4.250059256739931790e+00,3.235721734978814546e+00,4.228879624469425558e+00
2.094522216241141876e+00,2.667150522254708722e+00,4.770472783909612602e+00,4.343258304770500899e+00,3.389505906331974128e+00,4.336512718779378162e+00
1.976525652831225166e+00,2.562312431222077080e+00,4.990870785453091152e+00,4.427317615760196112e+00,3.330931764549143193e+00,4.111174924585439427e+00
1.963947985245825478e+00,2.375982697335633720e+00,5.038499790721474803e+00,4.400683213393091542e+00,3.249462907429938596e+00,4.283430238577818905e+00
2.021683360296858911e+00,2.445834749511584860e+00,5.196238634859509098e+00,4.328363821863456806e+00,3.127396444814098508e+00,4.326329483879248095e+00
2.071261410030606598e+00,2.788885852042572111e+00,5.167308918489928793e+00,4.486846973400834493e+00,3.233680968789537147e+00,4.025383824214385342e+00
2.116137891732933873e+00,2.764611996911956915e+00,5.110715056099553344e+00,4.109805212162038757e+00,3.121298151530346399e+00,4.229208228977544337e+00
2.379953770909155608e+00,2.882404624588845721e+00,5.020706329808293233e+00,4.077384431154128741e+00,3.268152991805657770e+00,4.280203677639992321e+00
2.481740883528233965e+00,3.070340396903937119e+00,5.065079775201442480e+00,4.042490668529965525e+00,3.203404764388127379e+00,4.301900738146698266e+00
2.357143726702481956e+00,3.310746341099813250e+00,5.156634771558358032e+00,3.952345665323298451e+00,3.177554363975947371e+00,4.215890055121235491e+00
2.356417790605572549e+00,3.243802751504590631e+00,5.089297314450676346e+00,4.113278768922012496e+00,3.076568722116918231e+00,4.231227809423598885e+00
2.443742438668782935e+00,3.260504141152598567e+00,4.879185306016552204e+00,4.056851760596702938e+00,3.196354131205907834e+00,4.300817762002451694e+00
2.440636689151816530e+00,3.040448578314720596e+00,4.887406079168019168e+00,4.100239520530348791e+00,3.109825109346749716e+00,4.190210731769438368e+00
2.418235218490498273e+00,3.023411102108346515e+00,5.204854805404727003e+00,4.074441747115619350e+00,3.246325099035306749e+00,4.426966809837719730e+00
2.267394067418463610e+00,3.046213950299928364e+00,5.098619752381139847e+00,3.915041854555881162e+00,3.401469619759791119e+00,4.054075563422189887e+00
2.277891238227815585e+00,2.851218339626979237e+00,5.147359503214321563e+00,4.080569544246617220e+00,3.166503558551594821e+00,4.291255052583336393e+00
2.191652863664669937e+00,2.966244246499813109e+00,5.100322312928478041e+00,4.157759074385698028e+00,3.424830031496805649e+00,4.373876258681721474e+00
2.249404283098022539e+00,2.931593411123208259e+00,4.962365499352022091e+00,4.071642177485098379e+00,3.214347836905886879e+00,4.262216160365621676e+00
2.512157183338230571e+00,2.941120428657775232e+00,4.785788531902027465e+00,4.103969214502250829e+00,3.234296751827214322e+00,4.337854145830454478e+00
2.418484394335898902e+00,2.796224650968644809e+00,4.704824347090721837e+00,4.237972568424653197e+00,3.097821515211464760e+00,4.092286383881845957e+00
2.319689354368745349e+00,2.915487136830180681e+00,4.904242718379443922e+00,4.291329023341212690e+00,3.211141103926444362e+00,4.279505272842935248e+00
2.464874808219702729e+00,2.991806849543243274e+00,4.881786913078899559e+00,3.881778791715505772e+00,3.315783705641016876e+00,4.236672682648416455e+00
2.511324555225015409e+00,3.030018487865002719e+00,4.617120255930085904e+00,4.191307116306827396e+00,3.313873297741713131e+00,4.290628977819770817e+00
2.509083109765354980e+00,2.942751084374581438e+00,4.713124356691788641e+00,4.005694848844876255e+00,3.174161911154160354e+00,4.039681465418028417e+00
2.529774729554068902e+00,3.081899794966775907e+00,4.675657467114970878e+00,4.168402789974829936e+00,3.339073282322305936e+00,4.060105577983919467e+00
2.582393160888365458e+00,3.171909333192607150e+00,4.901313637140048307e+00,3.963536709746918074e+00,3.278018956567117836e+00,4.238125065242871692e+00
2.445902654121064224e+00,2.874194560560232592e+00,5.198624585893083960e+00,4.099009965648201970e+00,3.245115363960271004e+00,4.176304701735575442e+00
2.321476663946495655e+00,2.544616049303075389e+00,5.450292433872545139e+00,4.090567263576017965e+00,3.292688715556283618e+00,4.380920133540237238e+00
2.231164844177161655e+00,2.820458462199660232e+00,5.127139610163665040e+00,3.921360706573384647e+00,2.973916178480715100e+00,4.189532437832323986e+00
2.016241642328767014e+00,2.914543744189227237e+00,5.209819405372646095e+00,4.243416805272963721e+00,3.175594795984038043e+00,4.282127255125023346e+00
1.996943327908061283e+00,2.926932581021949975e+00,5.217053689116196935e+00,4.095111918674112950e+00,3.231228068906880413e+00,4.362057150556990059e+00
2.297645466751086385e+00,2.926878928816966763e+00,4.993715762137002301e+00,4.118508231665836128e+00,3.239907505806656651e+00,4.220242992371353807e+00
2.235002814726661846e+00,2.726015861677366647e+00,4.982865019298498233e+00,4.203991975350779065e+00,3.299239251967315489e+00,4.179653083835826344e+00
2.312525172744924529e+00,2.753849757412283328e+00,5.113248054509797136e+00,4.272680013688217926e+00,3.200696856442775573e+00,4.123984410552998803e+00
2.268062114585665423e+00,2.730322607100034826e+00,4.964545946334408377e+00,4.174449814272752413e+00,3.218069274661647494e+00,4.177432283621778986e+00
2.344294168357437869e+00,2.943739295459850691e+00,5.030256082384982008e+00,4.144427016350853421e+00,3.240474599698057290e+00,4.029347666915835013e+00
2.353398614378015896e+00,2.810930884692961929e+00,5.009201453921200198e+00,4.088381227874207546e+00,3.283683216487259138e+00,3.981735205620602347e+00
2.384212562255554779e+00,2.853706364519507765e+00,5.104110967847647728e+00,4.202180936078535822e+00,3.278548347479336211e+00,4.180048704875946264e+00
2.232511010863654999e+00,2.716997115319201406e+00,5.136008246662807863e+00,4.160752311270373482e+00,3.339107983925702072e+00,4.090125709793553277e+00
2.368517250775454830e+00,2.780994887875895660e+00,5.117009433654334138e+00,4.138667753793081161e+00,3.358018644882992731e+00,4.154817680566409877e+00
2.505119138779802856e+00,3.138451178415198939e+00,4.927610230504452460e+00,3.764019157965010187e+00,2.930181906855253260e+00,4.256660232237519104e+00
2.722473468365905980e+00,3.380673533973278744e+00,4.873156227159405773e+00,4.216487332284933665e+00,2.968143911444491856e+00,4.198163327413208634e+00
2.488771098650826463e+00,3.259036764461501701e+00,4.774290748220519909e+00,3.724618980815934677e+00,3.069892120642150779e+00,4.120962765662063099e+00
2.696488122056005299e+00,3.253801580979338581e+00,4.690201610307962454e+00,3.921968941818982479e+00,3.347585283717337212e+00,4.258097451681669199e+00
2.784018940927401875e+00,3.301159678191930791e+00,4.658139402179356736e+00,3.741646168517416271e+00,3.076853641217494939e+00,4.189917921868668849e+00
2.768860720361618899e+00,3.339594843874620800e+00,4.964057468838285025e+00,3.787511991595891914e+00,3.125482719872376691e+00,4.479953503246033364e+00
2.773406338244976510e+00,3.327745353489635516e+00,5.020714497095441153e+00,4.033335477519482737e+00,3.337622737658156868e+00,4.221525769762821234e+00
2.671586137512320214e+00,3.385951928481836237e+00,5.018263497430218933e+00,3.692894455817708366e+00,3.183845030448000379e+00,4.136163064572869530e+00
2.273294056309755451e+00,3.289706531468325590e+00,5.042452173512357305e+00,4.047103245440139219e+00,3.075347236546568830e+00,4.201356319651524451e+00
2.348756314714321114e+00,3.135438126035146489e+00,5.054279143583716660e+00,4.107800806091747248e+00,3.095308597621989843e+00,4.150788682964119403e+00
2.144402695411417703e+00,3.087085348901118742e+00,5.122496083126467425e+00,4.113303100965078229e+00,2.996958361443755603e+00,4.287156638103818196e+00
2.422075651960605480e+00,3.352402402721097463e+00,4.933876322028837969e+00,4.123159773672830930e+00,3.293049627729911055e+00,4.201846650798067628e+00
2.689625682150860175e+00,3.484776409384709783e+00,4.874776536894589007e+00,4.006786782837934879e+00,3.003368138596669290e+00,4.125860744050173778e+00
2.453172369768543692e+00,3.316827835418983295e+00,5.139125025038950412e+00,3.832596578109888519e+00,3.289395832643904338e+00,4.218908473755759836e+00
2.441094002248465067e+00,3.167742931543419349e+00,5.236249412068242570e+00,3.911535685465826084e+00,3.166405288613659774e+00,4.206462747610498099e+00
2.370500640934983139e+00,3.115610244684368091e+00,5.207752623708531203e+00,4.087222395686469056e+00,3.403544647147263458e+00,4.091139541352449172e+00
2.342695396423532639e+00,2.850084780496416670e+00,5.091818429657629430e+00,4.068235517702261106e+00,3.060077860459789356e+00,4.286275189923496320e+00
2.308484199321129804e+00,2.984040536617400541e+00,4.962063248982257591e+00,4.171883500074751616e+00,3.028955622684595728e+00,4.410549270482156281e+00
2.259311183565630543e+00,3.099537579453929936e+00,4.922732657020771008e+00,3.943929160452505300e+00,2.940808694313178595e+00,4.154761252475219990e+00
2.356554782047362906e+00,3.418462037743620563e+00,4.920723880899194214e+00,3.914358946322572752e+00,3.090900377335410898e+00,4.300137606922371347e+00
2.510660632865019615e+00,3.274074746532485314e+00,4.990424835174316343e+00,4.207801384491619778e+00,3.094171387830405795e+00,4.180508438895402357e+00
2.581035829250201807e+00,3.337822863571932253e+00,5.014426715523574885e+00,3.768805309331408893e+00,3.150691759757399790e+00,4.180843242358089462e+00
2.556623509020021778e+00,2.971715079039171314e+00,5.251384632478319325e+00,4.212817081485594528e+00,3.285494127909811102e+00,4.320053141519158757e+00
2.543719462468275516e+00,2.967927665995928610e+00,5.142637399738948289e+00,3.822602159016093903e+00,3.262814979200685972e+00,4.162058106836182603e+00
2.460538093905770385e+00,3.020204628888655041e+00,4.921765036179838404e+00,4.057425284781645658e+00,3.076940227716463472e+00,4.045046392292868553e+00
2.341600483913402808e+00,3.061890052889432834e+00,5.070822164088385264e+00,4.145209595362146615e+00,3.092927674413821659e+00,4.242856768051755267e+00
2.419154674222638857e+00,2.886024758116958466e+00,4.949617135983720217e+00,4.070229453943134068e+00,3.331854433619357181e+00,4.071752974025707239e+00
2.514277474848963578e+00,2.747948569104793570e+00,4.867866752303633859e+00,4.041469070120501605e+00,3.251565851652468364e+00,4.129943776956880086e+00
2.362081183807296370e+00,2.802023308860749573e+00,4.796711950540323954e+00,4.118466199195038868e+00,3.164430433183758051e+00,4.095170031222398421e+00
2.375139275859609711e+00,3.087093766692572849e+00,4.887761214512683416e+00,3.916029898240189322e+00,3.302068420196010212e+00,4.169919551259668289e+00
2.317053606045052394e+00,2.912604097036922912e+00,5.004792479635487901e+00,4.357202754638389131e+00,3.108687572405323341e+00,4.472319563029754974e+00
2.239676455199892224e+00,2.989809482638634108e+00,5.141182067389589605e+00,4.187341309070817807e+00,3.444027687031826268e+00,4.395812535592866332e+00
2.399437177620227235e+00,2.741301036799527857e+00,5.143603915997393194e+00,4.109198457744185795e+00,3.191821635707455584e+00,4.156293036760168036e+00
2.490910295695688781e+00,2.755548838670297318e+00,5.250781468681816833e+00,4.044677329681534594e+00,3.269266137112262438e+00,4.234672089306133813e+00
2.599506895800327566e+00,2.917454050716218994e+00,5.263654742770476069e+00,3.865321208188154944e+00,3.336882279367882287e+00,4.322783353660796912e+00
2.702718159401559461e+00,2.805703500038017939e+00,4.958466701071244209e+00,3.819905363669708454e+00,3.009914889581663644e+00,4.344566107487484174e+00
2.679301098147107041e+00,2.887922531297978601e+00,4.987018033888403146e+00,3.949297941326157524e+00,3.320280246474919039e+00,4.169950774675521110e+00
2.719790311584071585e+00,3.378074656256051966e+00,4.650488893937774648e+00,3.653119744379518252e+00,3.177206019710117957e+00,4.196522332004527733e+00
2.834160115668781010e+00,3.415604584508677988e+00,4.820850467289451657e+00,3.768978991488129537e+00,3.249186772968729375e+00,4.416927182108071115e+00
2.773804788504484087e+00,3.376475643535055138e+00,4.864521447501423346e+00,3.794335744159148760e+00,3.060597398527309831e+00,4.254895217972740618e+00
2.740818675407579175e+00,3.428465560425066450e+00,5.037885114396602582e+00,3.698625905090616950e+00,3.310115337824727888e+00,4.186034508750684502e+00
2.687839522832353278e+00,3.416638585862513899e+00,5.092244767306500997e+00,3.660363883760399339e+00,2.965998893262190350e+00,4.437812607292340950e+00
2.758925268100219430e+00,3.604066460886572898e+00,5.155836898526906964e+00,3.865577640846924012e+00,3.284133466613187835e+00,4.292261748131447341e+00
2.771622845963726878e+00,3.861954038886277640e+00,5.326465090026045068e+00,3.384506029109127123e+00,3.079629737883534446e+00,4.252298521740637050e+00
2.970235802090358757e+00,3.618902014031516234e+00,5.049619062627988875e+00,3.597399206450952569e+00,2.991156492027787994e+00,4.107025580792651454e+00
2.641696502860690909e+00,3.503440741029161920e+00,5.088287284306487912e+00,3.988745327710696120e+00,3.245319858407518687e+00,4.159696338801155413e+00
2.807552522887329260e+00,3.372069410457318117e+00,5.064879276338754011e+00,3.940862489790411427e+00,3.327037051384148736e+00,4.141689238392567418e+00
2.773340693863946438e+00,3.245938976681116639e+00,5.076925329458013891e+00,3.539649965128843334e+00,3.060963852989291745e+00,4.342874385836034357e+00
2.655938723312121219e+00,3.228582132204552479e+00,5.186602079462193871e+00,3.776724582031900201e+00,3.111579828325108821e+00,4.257705438692149791e+00
2.385168288961877714e+00,3.292120221969017102e+00,4.964958962298090306e+00,3.940430989183824284e+00,3.323591901359263634e+00,4.344331498516952550e+00
2.382027223096355506e+00,2.961145026421144077e+00,5.291515952367664255e+00,4.033065185836897548e+00,3.053207175624387482e+00,4.350244738338620465e+00
2.617899611131868642e+00,3.169926076418281724e+00,5.124024099857823700e+00,3.924731479916693022e+00,3.187203667489718395e+00,4.338855265509766745e+00
2.548558031525379963e+00,3.263856590179522676e+00,5.145177157256311418e+00,3.748476398808251009e+00,3.286755842790988424e+00,4.454936501050289266e+00
2.428648279429011847e+00,3.354860670644863596e+00,5.452908151182731977e+00,3.751414706403408239e+00,3.152828277436908522e+00,4.348469965568356521e+00
2.609137666332526084e+00,3.559135207174868754e+00,5.273260411009906612e+00,3.811090917648039866e+00,3.071222233939209012e+00,4.221367733315386950e+00
2.467539896454849391e+00,3.185416266796926354e+00,4.918862972045498161e+00,3.961718209397568469e+00,3.111933559804720861e+00,4.341584135305486924e+00
2.381558369404120246e+00,3.257563138825801730e+00,5.053003220466105283e+00,3.888083158979951826e+00,3.095711296112460431e+00,4.292179427622348165e+00
2.506776071405076856e+00,3.225699464353274593e+00,4.977559788773319838e+00,3.990848652159602050e+00,3.177848328635437536e+00,4.235690111500955979e+00
2.689385736073587996e+00,3.304093349680474745e+00,4.974430234085519764e+00,3.900169695671702463e+00,3.047495862588772475e+00,4.166716651143582695e+00
2.446709665947643497e+00,3.382953379187247034e+00,5.063659813968741652e+00,3.781622639623241522e+00,3.061440007472375768e+00,4.160136783901815960e+00
2.587263627447708547e+00,3.478466716705060247e+00,5.273287205469804562e+00,4.059501792252924623e+00,3.123091093763765702e+00,4.172041665458605664e+00
2.301967482884912375e+00,3.576183408684027398e+00,5.277813381194722986e+00,3.769309678866026303e+00,3.068976382630181465e+00,4.285999704966263479e+00
2.289016809563338750e+00,3.446962009241799851e+00,5.126664135686451296e+00,3.976013964340883167e+00,3.114102446914907230e+00,4.079105490988011340e+00
2.201121102038364086e+00,3.257938823647319904e+00,5.040060537507687677e+00,3.864159662319945898e+00,3.326560634837194108e+00,4.181176192925587287e+00
2.238685394940716833e+00,3.112780879831566150e+00,5.006638619992220818e+00,4.183758317176999419e+00,3.159089651361847384e+00,4.266064055205093020e+00
2.209571143340991028e+00,2.866443643739912339e+00,5.081639254389913596e+00,4.176618480098619912e+00,3.108259468057967378e+00,4.074712962709693187e+00
2.370232891847642964e+00,3.028390105481431505e+00,4.998010703608383842e+00,4.179445830601387968e+00,3.237944984189809361e+00,4.237419963286098046e+00
2.171682310364850377e+00,3.017178055379578172e+00,4.958440049481289691e+00,4.224011487474808035e+00,3.222067349344881482e+00,4.348648383343437729e+00
1.985004910591179339e+00,2.995998442239582449e+00,5.133566748612247821e+00,4.151966552215457185e+00,3.064831387596572920e+00,4.209451165851824328e+00
2.250993771391839537e+00,2.951744738512036559e+00,5.081712770532523571e+00,4.385095275044831098e+00,3.381922387544296971e+00,4.265749004920258436e+00
2.385583852993545140e+00,2.731539572963134432e+00,5.027324233929344466e+00,4.121507421078226763e+00,3.142730974954744294e+00,4.148739817884009362e+00
2.361954250949877654e+00,2.737282225307309691e+00,5.154470852508808321e+00,4.105033208819324209e+00,3.065503497938424360e+00,4.335550900626317095e+00
2.066460406228913804e+00,2.812840314758945581e+00,5.093317061402605539e+00,4.193688514413048907e+00,3.133855242128106511e+00,4.302574748469449872e+00
2.129345664338216260e+00,2.750579843819325632e+00,5.034130205052690599e+00,4.169114315656455183e+00,3.183342703730394962e+00,4.412600016468750219e+00
2.241263070640405530e+00,2.792003866920723887e+00,4.950353499553028058e+00,4.156567510435905888e+00,3.297044683975300927e+00,4.324632863734549915e+00
2.385175781920783056e+00,3.014948672704008015e+00,5.048249459389317906e+00,4.103559346576644451e+00,3.123979303207542024e+00,4.122871895024372790e+00
2.520570883127368766e+00,3.070414183509777128e+00,5.184084588173255348e+00,3.905364010413118425e+00,3.158782397934838837e+00,4.069416237816432691e+00
2.616023199202026195e+00,3.144887754187264850e+00,5.185999901372496446e+00,3.992799374819411273e+00,3.204619657824754331e+00,3.992361350933119279e+00
2.644080857066940737e+00,3.268376618494596375e+00,4.913657124902385043e+00,3.734461147373246526e+00,2.774219544270908777e+00,4.399786800913990881e+00
2.662258275682743314e+00,3.446135407865990263e+00,5.027663144797418937e+00,3.980382720374147976e+00,3.212749233016277461e+00,4.129964232810089619e+00
2.571712495813167187e+00,3.281730821040302004e+00,4.770680972156413624e+00,3.875144021861025134e+00,3.158323235798536022e+00,4.344189551429376905e+00
2.563470376119767913e+00,3.433265200012865392e+00,5.024889848995585773e+00,3.944973395484929757e+00,3.192524919221470636e+00,4.280627255907536899e+00
2.478241082466352108e+00,3.275479821814410109e+00,4.962482035265499469e+00,3.750718715145074711e+00,3.109971817199965738e+00,4.048784604832364131e+00
2.428316611046344331e+00,3.218491364966346691e+00,5.153322994403257695e+00,4.139371817559753808e+00,3.306360122812599389e+00,4.119060706196368216e+00
2.556490468658596527e+00,3.355803953432047848e+00,5.354193265195927864e+00,3.612903930892361171e+00,3.109083826485999680e+00,4.449880042091304944e+00
2.665589611165223971e+00,3.294048062225541695e+00,4.988963753022411574e+00,3.602077182550139423e+00,3.126166265285651225e+00,4.250515696698512258e+00
2.608291947042056691e+00,3.200581927793686443e+00,5.048033487606685910e+00,3.751892240674671086e+00,3.129700199082566137e+00,4.367472296635694029e+00
2.688695579008808956e+00,3.210982174608890460e+00,5.082543788612676749e+00,3.832855565699573752e+00,3.146336746208348689e+00,4.121142885719451421e+00
2.420829218594840349e+00,2.942999931043845052e+00,5.118510128181213759e+00,3.955891071491398403e+00,3.005058852499081112e+00,4.040354672336801123e+00
