VR1,VR2,VR3,VR4,VR5,VR6
1.756064524021648143e+00,3.585203715770299837e-01,6.371868788793728200e+00,2.051265119220153643e+00,4.950008104422437327e+00,2.102626542370405804e+00
1.808318767399496929e+00,3.431643847377842782e+00,4.211868891603360865e-01,3.366345283524634802e+00,3.248521656975134508e+00,1.796609795329633386e+00
2.961069821959588566e+00,4.193996462916593337e+00,7.133851657561786297e+00,3.035390088923170637e+00,4.507462596668045940e+00,5.851109618545430990e+00
2.510601701574527667e+00,5.474470975954095486e-01,3.776408269721043709e+00,5.859001945095448249e+00,6.180651940238965913e+00,6.612107739459074374e+00
0.000000000000000000e+00,0.000000000000000000e+00,0.000000000000000000e+00,0.000000000000000000e+00,0.000000000000000000e+00,0.000000000000000000e+00
2.032219872488695067e+00,2.518238710565283256e+00,4.482583087444932168e+00,4.639968018678565898e+00,4.694304790804958216e+00,4.943381305589164221e+00
1.600943180411017019e+00,2.625368669345141903e+00,4.902083345950842386e+00,3.965766371693427050e+00,5.174384277037209046e+00,3.052705344386231978e+00
2.523910903396452188e+00,2.532040182202645706e+00,3.175845330572431457e+00,3.670381381886814953e+00,4.688309141620294440e+00,1.968197136594925567e+00
2.766447338835964498e+00,4.276564618584618671e+00,6.921298261136924701e+00,2.895337657925741048e+00,3.561944711890204118e+00,5.012199415701815042e+00
2.615238555193607706e+00,3.299796463105124644e+00,7.273934562631659162e+00,2.856720562033640665e+00,3.819076888190393593e+00,3.747011331386050248e+00
2.230295437454597796e+00,3.796937716729810397e+00,4.951841753731978102e-01,6.510208814888529538e+00,5.421173318762998683e+00,2.918844857454257813e+00
3.589619499805464464e+00,2.401134094005956232e+00,4.261400945530293249e+00,4.174935112515407276e+00,4.525575685871153553e+00,5.785108162297442291e+00
2.233855613348433522e+00,2.014952098522543089e+00,6.735047407149003185e+00,2.900815806907640404e+00,3.913768873445429453e+00,5.761966381242573654e+00
1.794815422498073465e+00,2.646649581349561409e+00,3.946185263608440685e+00,4.677186897974391577e+00,4.715055664029742744e+00,4.440200967822443445e+00
1.738128438045175805e+00,2.645268031519984131e+00,5.577135800958808787e+00,2.125389465704163428e+00,1.440398636336031046e+00,4.123214789189842300e+00
1.378030434700068696e+00,3.038853148146438254e+00,4.546303067408058673e+00,5.535986259013171207e+00,3.157296145372353813e+00,1.589174224693806536e+00
3.036326158808453801e+00,2.350942034070981457e+00,4.761048021547525266e+00,2.381104556720872623e+00,1.163720730867181974e+00,1.674429164648675972e+00
3.588716415522005043e+00,3.820757994493073184e+00,5.011630657211979312e+00,5.674460528926783098e+00,2.298344983929482943e+00,3.897165276560674574e+00
5.517151583620794497e+00,4.156192663373035501e+00,4.073289801413213063e+00,5.473472522947295360e+00,3.146177950031105119e+00,3.351736888179576823e+00
6.287223103912820577e+00,5.055774148946994728e+00,6.265452086895226813e+00,6.966538384530842620e+00,5.265512457454580186e+00,3.316023312225108821e+00
4.016560293183390584e+00,2.431758810958400296e+00,6.626531600981651948e+00,3.866288126001614422e+00,3.016631787928926833e+00,3.315027020608681152e+00
2.321451018967962909e+00,8.499164081886556588e-02,6.694264396552071616e+00,4.057350144949298354e+00,3.317946957860249402e+00,3.993291889516633830e+00
2.190474789712621995e+00,1.776628134793322378e+00,2.884073358649120067e+00,5.001740457445404076e+00,4.993948453577392144e+00,2.904541342041402352e+00
3.906452053569348770e+00,1.187252019260368163e+00,3.596249342795575288e+00,3.538576513908889609e+00,2.746051543259015126e+00,6.137911305951641694e+00
1.845149030529725565e+00,3.176928974238196091e+00,6.215909890882307387e+00,4.954591440773951305e+00,2.809310820079342630e+00,5.991620016997009301e+00
6.178300683605855159e-01,1.557834112988655484e+00,3.494965893114020172e+00,3.611190114653505034e+00,3.543219584937076672e+00,5.010166304424608974e+00
4.005576864566737783e+00,4.706451211685394043e+00,5.307838173264746828e+00,5.658876135428263510e+00,3.541444038926365501e+00,5.387432179922459596e+00
4.144975031236236340e+00,2.647241907210180489e+00,6.365173454251199736e+00,4.119146103872404652e+00,4.883301185045933579e+00,4.607132136040855919e+00
2.769754372028469191e+00,4.252157563472596991e+00,4.700080683850091923e+00,5.703121362652604276e+00,7.058356048811390338e+00,4.285711340056652219e+00
1.378641914204172814e-01,8.908769602437076607e-01,4.208123759492099047e+00,4.784984375960304348e+00,5.335921674236910661e+00,3.550598046766577642e+00
2.487734638616688088e+00,3.586536960818571096e+00,1.753384101541815010e+00,4.035705350785567802e+00,6.003542649768222716e+00,4.983635363410527930e+00
2.077492530869379017e+00,1.719286623256451429e+00,6.100362155584750923e+00,3.813590325992472163e+00,4.936797981444055239e+00,5.301166184130282844e+00
0.000000000000000000e+00,0.000000000000000000e+00,0.000000000000000000e+00,0.000000000000000000e+00,0.000000000000000000e+00,0.000000000000000000e+00
9.933891107056671554e-01,4.546948858077655586e+00,5.309494204523526051e+00,1.943876598869333172e+00,3.314010724295663568e+00,5.984945668356652426e+00
0.000000000000000000e+00,0.000000000000000000e+00,0.000000000000000000e+00,0.000000000000000000e+00,0.000000000000000000e+00,0.000000000000000000e+00
3.266606108307735568e+00,4.345084382926236444e+00,5.281376742284680681e+00,3.099945234822802043e+00,5.140318256858102508e+00,3.777360936074710906e+00
6.473614605844539849e-01,2.522358689685485267e+00,5.285373852643266979e+00,2.902263186951802076e+00,3.046268613005935322e+00,2.764237377231072657e+00
2.428311031732148351e+00,6.296223020814663229e+00,6.351849161051331905e+00,2.844597778392471632e+00,1.504704915288201050e+00,5.272844977005699540e+00
1.920341711681416319e+00,3.785481612500587456e+00,6.158296799171633751e+00,4.378088420769517874e+00,2.840624410789894139e+00,5.732031331491000081e+00
1.761491887122472511e+00,5.059658293727087752e+00,5.204380992692390073e+00,4.730225184399033722e+00,1.216339305894760470e+00,3.694695481135400694e+00
2.994336062426352640e+00,5.723168323614737929e+00,5.414528150096721504e+00,3.949740394742571770e+00,4.185968706854589882e+00,3.825486945832940577e+00
4.971129121708413479e+00,4.495437402829622897e+00,7.930884670394756419e+00,5.675689196338653097e+00,4.266920357520172402e+00,4.339836250881164759e+00
2.711374791929919592e+00,1.284628982372967299e+00,5.430295930345955924e+00,3.644323403301888753e+00,4.643777672517141575e+00,4.898332773287480180e+00
3.300190606146313321e+00,3.974527116860139486e+00,2.016739099468686902e+00,4.122484677678492915e+00,4.565381284614302260e+00,3.897975960918772298e+00
1.639904090016646832e+00,2.716204566551662758e+00,8.009125580219583540e+00,7.312651105974309118e+00,5.492787198912850499e+00,5.591494101482171075e+00
3.620072599457896168e+00,2.401104863278002988e+00,5.937267917748280333e+00,3.726823483118403502e+00,4.484859433747436341e+00,3.582454444536211202e+00
2.466913868796250409e+00,4.472480612592635296e+00,2.411936481651748565e+00,4.726761702676363974e+00,2.245253616508219086e+00,7.184571899813798623e-01
4.026885789123176629e+00,3.063046287089109310e+00,6.955156928337808964e+00,2.566583145145040046e+00,2.242887509414782876e+00,4.576277995307429514e+00
3.033381736593193878e+00,5.064593639098164068e+00,2.586796435852913412e+00,2.676106941106856318e+00,2.870320392576036994e+00,2.522818822102998571e+00
2.580108718546830993e+00,4.800008974617299806e+00,6.285861163343071212e+00,7.644232428924452094e+00,3.014298511879582421e+00,3.464569173340952268e+00
