VR1,VR2,VR3,VR4,VR5,VR6
1.389525767543115409e+00,3.276411810068441177e+00,6.113248353056812689e+00,3.914911377770776468e+00,4.218785503348177812e+00,5.831849904024903886e+00
2.103787584446883852e+00,4.006312653680042857e+00,5.287545972752848655e+00,2.808169150694501681e+00,1.682566031672460660e+00,1.937815138960167882e+00
4.300812424340682227e+00,3.561747073272333086e+00,4.337795369637419185e+00,3.957879920408618357e+00,4.112903256559474308e+00,3.422291490935034375e+00
2.320366738943780316e+00,4.024747710356285424e+00,5.392847680533565224e+00,5.516228697141953852e+00,4.339595186782036151e+00,5.824430468622188606e+00
5.503425150189429349e-01,2.563600783181912313e+00,8.346914394552623406e+00,6.009081422223827573e+00,3.488865460349929393e+00,7.608182024097345675e+00
2.453580572931284287e-01,2.557973633708964911e+00,4.866252279138022274e+00,5.525775503874451822e+00,8.411435196802439229e-01,6.320987652907199994e+00
0.000000000000000000e+00,0.000000000000000000e+00,0.000000000000000000e+00,0.000000000000000000e+00,0.000000000000000000e+00,0.000000000000000000e+00
8.101946332235063775e-01,2.091315505536766040e+00,2.944518389889529519e+00,7.319912359619932474e+00,1.645565208388211964e+00,7.389608646811360870e+00
0.000000000000000000e+00,0.000000000000000000e+00,0.000000000000000000e+00,0.000000000000000000e+00,0.000000000000000000e+00,0.000000000000000000e+00
0.000000000000000000e+00,0.000000000000000000e+00,0.000000000000000000e+00,0.000000000000000000e+00,0.000000000000000000e+00,0.000000000000000000e+00
5.000048442088546707e+00,3.637013450393972391e+00,6.073415003288554992e+00,5.733453803707647012e+00,2.700090046191003346e+00,5.110217102202327055e+00
1.197680779937990492e+00,4.487294493955273467e+00,3.081408386794372234e+00,4.685398928126042861e+00,4.273081652826304477e+00,5.261739421177271225e+00
3.483509499511830754e+00,4.133446037893289571e+00,4.732553866577354107e+00,3.569421786497636973e+00,2.057019622805755787e+00,3.077358805501192229e+00
2.733992472859674283e+00,5.639678200315962897e+00,6.334450145895212714e+00,2.080173818463690871e+00,4.937916138644830255e+00,2.627594494556996008e+00
3.097728109775751193e+00,5.001104746538607593e+00,4.204939320298343830e+00,1.069435774363720615e+00,3.501313854443543594e+00,1.690674585584377443e+00
1.490496674292357770e+00,4.527742863268342077e+00,5.377356877685568470e+00,4.565324563686683490e+00,3.572965637418278995e+00,4.489082938167106462e+00
2.470851496438752903e-01,3.624481276232857319e+00,4.853419874697570968e+00,3.831762021595114476e+00,1.806603641401415938e+00,2.541997456297204305e+00
3.060283974865811718e+00,1.304349253701623690e+00,3.675701891441969238e+00,4.590474728264823945e+00,3.273472697413996269e+00,3.524469426906391867e+00
4.048190336508359799e+00,9.686094218328031857e-01,5.313241297493758175e+00,5.555142165937113852e+00,3.464930158111487746e+00,5.543601424438617364e+00
2.501720216243422001e+00,1.308914657682401339e+00,5.738583233684927620e+00,3.795620885222703578e+00,1.576955425054597626e+00,4.827383874981920897e+00
3.541388544497435120e+00,8.782119218344326406e-01,4.231125105325758362e+00,3.538317939925043287e+00,2.967926901431758413e+00,4.651346631986660540e+00
2.043946572978351917e+00,2.367175961899901981e+00,7.452442708979928554e+00,5.252443142157453337e+00,5.025306659819720245e+00,5.427296792376853141e+00
1.446402249572573684e+00,2.255147149772235515e+00,6.541539456830962607e+00,4.764530598948233830e+00,2.921645555745746137e+00,5.407358016957013902e+00
2.520664856692499178e+00,2.663668463034183809e+00,4.088904038704116672e+00,3.943010394963831100e+00,1.211912274196760730e+00,4.330643797680927776e+00
2.332936861293339881e-01,1.572690393297995204e+00,5.016689306948573623e+00,5.134539480750980545e+00,2.502168776335006228e+00,5.732214824330064573e+00
1.954369002778422182e+00,2.376752231405036220e+00,2.953672422156458310e+00,5.822918014859538971e+00,1.630669211737794999e+00,7.135127079094488955e+00
3.236419693769878592e+00,9.129408726903456284e-01,4.996265876991309973e+00,6.124112847341405264e+00,7.210515940623429820e-01,8.757396347561558159e+00
0.000000000000000000e+00,0.000000000000000000e+00,0.000000000000000000e+00,0.000000000000000000e+00,0.000000000000000000e+00,0.000000000000000000e+00
0.000000000000000000e+00,0.000000000000000000e+00,0.000000000000000000e+00,0.000000000000000000e+00,0.000000000000000000e+00,0.000000000000000000e+00
2.854913105034306398e+00,2.284787403904616543e+00,5.528022862283941130e+00,6.040637041070612945e+00,2.912711443190271865e+00,7.012907837635992792e+00
0.000000000000000000e+00,0.000000000000000000e+00,0.000000000000000000e+00,0.000000000000000000e+00,0.000000000000000000e+00,0.000000000000000000e+00
0.000000000000000000e+00,0.000000000000000000e+00,0.000000000000000000e+00,0.000000000000000000e+00,0.000000000000000000e+00,0.000000000000000000e+00
2.635126941291833447e+00,2.902100298597253047e+00,2.891319219830977172e+00,6.187205380982967462e+00,2.910872500920083095e+00,7.563066176331360246e+00
3.656445981193794381e-01,3.214731057714530493e+00,3.208702965185465050e+00,4.937321986195396306e+00,1.406138160200019804e+00,6.437596620823495819e+00
3.035344868490306602e+00,2.841102461173988569e+00,5.271058617655393519e+00,6.145662841295191470e+00,2.809058944952285586e+00,6.645076970285251683e+00
0.000000000000000000e+00,0.000000000000000000e+00,0.000000000000000000e+00,0.000000000000000000e+00,0.000000000000000000e+00,0.000000000000000000e+00
3.596759656647794401e-01,1.114858398052971822e+00,5.940454074051488398e+00,5.359415743573926250e+00,4.185771748469626630e+00,7.426845539114752093e+00
3.999494423731770887e-01,2.724258093148123283e+00,4.029735291616749038e+00,4.529265042640785666e+00,1.233674664944632848e+00,4.812273884503591503e+00
3.178587439961474193e+00,3.096915856325234362e+00,6.259055840434152529e+00,3.310258171361575741e+00,3.226450979815347342e+00,4.485209114286364596e+00
2.097427954027217378e+00,5.171611454148052900e+00,4.758951253483656885e+00,3.304152457324210701e+00,3.507870082048900162e+00,4.626541979797064386e+00
1.679497337552593450e+00,3.495973802998051827e+00,4.315748928118812167e+00,3.107004433829587242e+00,8.479607494284779889e-01,5.247930685721793331e+00
1.741581037042904789e+00,3.379830319703619690e+00,4.194497780554559796e+00,3.587074258836840279e+00,1.395166251481671837e+00,3.978838010927895130e+00
1.308805269714113262e+00,2.784216148398650059e+00,5.779713092320026391e+00,3.295133086095817898e+00,4.836737274435005673e+00,3.165026328137319211e+00
1.899374726730671314e+00,4.175796385264436417e+00,6.689853542339930570e+00,4.743748613237073641e+00,4.671189367944888815e+00,6.345749442218346914e+00
1.321400280328814958e+00,4.030146965527423575e+00,4.247424005651157408e+00,4.075361044453277515e+00,2.828435156437453468e+00,4.775836102974391650e+00
3.892670329122968287e+00,3.307977225391428355e+00,6.257469941577511463e+00,4.409387163028323897e+00,2.439482611215023855e+00,3.690897136791958744e+00
4.389821725230781624e+00,3.091137395780822583e+00,2.277032010316926147e+00,3.156670817704498866e+00,3.775702172873413254e+00,4.089827388704402544e+00
1.357365614380202867e+00,4.343742641201707499e+00,4.079013180639272207e+00,4.452076592723143378e+00,3.318150902684991799e+00,3.573225207133678971e+00
2.823884097633159396e+00,3.643890911757500017e+00,4.247253275587772769e+00,4.157478481724541375e+00,1.974194458070596125e+00,5.175567003302144364e+00
4.616013255599852982e+00,2.409120265935228655e+00,3.616619807570661926e+00,5.116799732419726965e+00,1.854283662652970399e+00,4.932240817505232577e+00
3.204827318898182842e+00,1.028988514017894484e+00,4.290178976780607556e+00,3.773327862993364423e+00,1.662529612332309892e+00,4.255515449074223078e+00
2.681676610382474735e+00,2.269314772520679480e+00,4.987448806874762219e+00,5.947310856272784108e+00,3.269998912582118056e+00,2.749610048518539518e+00
1.614170738213928979e+00,6.270607591474077758e-01,4.836345275856015924e+00,5.661550938768822760e+00,6.062844312870125485e+00,4.401080993460598556e+00
1.774782978078344842e+00,1.700959533035160121e+00,6.246882763454345344e+00,6.023955987007181712e+00,3.874344858363986344e+00,6.982049300095911626e+00
2.283417245750222868e+00,6.429076234363613196e-01,6.961094558742111360e+00,4.705987681305273007e+00,6.864274819608313649e-01,4.987956926753137843e+00
2.959795747294040602e+00,2.917658228433478218e+00,4.521751994309190614e+00,4.262988315198722233e+00,4.812515159746198812e+00,4.322610441639529455e+00
3.199218577402919372e+00,2.766937102408238758e+00,5.065756875571126194e+00,5.217650746730613243e+00,3.413253077740703745e+00,3.406800708042730275e+00
2.597871197909001229e+00,2.189658056570324085e+00,3.767109121245156622e+00,6.231030971335799862e+00,3.021098415616544131e+00,6.413042519092213567e+00
4.736633529762297457e-01,6.243382982802687664e+00,5.528593353416773937e+00,8.210147177492153503e+00,4.250279177456221191e+00,7.379321102998527948e+00
5.692896132199474213e-01,4.499854859246434025e+00,7.507200105348644570e+00,7.334893328227819254e+00,2.097668019208667189e+00,6.444063900700625069e+00
0.000000000000000000e+00,0.000000000000000000e+00,0.000000000000000000e+00,0.000000000000000000e+00,0.000000000000000000e+00,0.000000000000000000e+00
1.558965064841255632e+00,3.028696965185909029e+00,5.774783144942304602e+00,5.967690073593384881e+00,9.720553044515476415e-01,6.135793271829192541e+00
6.175403911628891684e-01,2.983982521878904670e+00,4.182483650265157671e+00,4.229894700737105495e+00,6.236842809820446476e-01,5.572843304951516252e+00
2.833113685318769726e+00,1.892271125373644614e+00,3.949647389068235981e+00,4.471129037390569216e+00,1.809412630639259945e-01,4.919450421041696941e+00
3.684743278399174926e+00,1.979545333551177011e+00,6.786018902433781363e+00,5.921539655214121289e+00,2.784233944609521227e+00,6.329283915528177928e+00
1.959191880210818582e+00,1.615442793036339530e+00,4.484189254997911434e+00,5.608339929470292695e+00,2.538148971122174746e+00,4.976033849185991009e+00
8.272094742106479437e-01,6.792881096304346222e-01,4.047663892781089956e+00,6.209987953148252693e+00,2.192962381171097430e+00,5.243597723996568760e+00
2.600343067211505765e+00,1.330985930695992359e+00,3.386203415176698428e+00,5.378895231425684820e+00,1.305323985750079574e+00,6.563531072947265343e+00
1.179183253517925190e+00,3.671928992328209240e+00,4.110822430334689415e+00,6.296599808413875898e+00,2.232981378704419928e+00,6.616834922571420918e+00
7.856965768782206982e-01,1.161417278874238512e+00,6.018595027992647672e+00,3.616103121244428564e+00,3.760105703064044569e+00,4.564407448103436238e+00
1.502448592771423064e+00,1.699182329508151401e+00,4.242854869298589016e+00,1.388007536618998117e+00,2.225635440411249721e+00,2.605581500921807958e+00
4.900177245149449412e+00,1.266354079005739708e+00,3.471107786107568316e+00,2.205386007041237217e+00,5.601468178542734933e+00,1.094799686674476913e+00
3.835434781025541362e+00,3.240346392620429228e+00,2.428650970294274902e+00,1.957553013861800917e+00,4.897694780237816126e+00,3.143813603934439982e-01
5.526413926453829006e+00,3.932542158482331462e+00,5.008696104193195886e+00,2.102076077916464669e+00,6.155084913420855841e+00,1.095905905199479946e+00
4.585418456742665683e+00,3.451884741803278978e+00,5.904002607034528616e+00,2.071370260239417949e+00,5.467775125294853211e+00,7.535434418936510781e-01
