VR1,VR2,VR3,VR4,VR5,VR6
3.839179287231401005e+00,4.028843478406679779e+00,6.332987062001150136e+00,4.316585810428814618e+00,1.705463714657798002e+00,4.641797384176176600e+00
5.353727171915345195e+00,3.689320317199489718e+00,5.614326763113425045e+00,4.082392026374642491e+00,4.894196618806403443e-01,2.651767048356045375e+00
2.341550531235708554e+00,3.733298176849623395e+00,5.958053970317966908e+00,4.029946368182391048e+00,2.577491465401594350e+00,3.608406659628990987e+00
2.464883175717342390e+00,3.876794159638401460e+00,9.188256452468749558e+00,3.545310803038300485e+00,3.097430395059421304e+00,5.029300792717009472e+00
2.593852267461076888e+00,3.757187597131872003e+00,6.753791855022250878e+00,3.181845342398997190e+00,6.504980186122192087e+00,8.091410997585606779e+00
1.003373164184013344e+00,3.573217050363519220e+00,6.934802035489934013e+00,4.743965742739648661e+00,5.689282387092145399e+00,4.303221370940842228e+00
1.701122574197677650e-02,1.715020046596039460e+00,6.889721766898379229e+00,3.908676012762368757e+00,4.640797075729738097e+00,4.383009237976296824e+00
1.548524154992507951e+00,3.598317156917223425e+00,8.006686905113818753e+00,6.998099124721619546e+00,5.458327079464741161e+00,4.094810342461364883e+00
5.040269689491823080e-01,4.834194126091619026e+00,7.356517584898514706e+00,6.134272519652432365e+00,6.481050242565760122e+00,5.724541006310748692e+00
2.454525663337714825e+00,5.845806801165307043e+00,6.292263057511251034e+00,4.649915714464744276e+00,3.042557000197918970e+00,3.458580426208424985e+00
2.063640499597816813e+00,3.382269278143517965e+00,6.745313181777151890e+00,5.367962280651839002e+00,3.088760736317394340e+00,2.231546543094116597e+00
2.799721443370561946e+00,1.843270465551462234e+00,6.897465116165038879e+00,5.613422406748284743e+00,4.806899702081773640e+00,7.004229313378540489e+00
2.470946005959445024e+00,2.789083062489049691e+00,3.821922598486773737e+00,3.424314504609367482e+00,4.648047141053182507e+00,6.565881150207401262e+00
1.872162521094001608e+00,1.310412495400886002e+00,5.554980192129074013e+00,5.222703198239758926e+00,5.182875832151484730e+00,4.149950100099621508e+00
1.145350712913859592e+00,4.498100871387251232e+00,6.636886184745818262e+00,3.336146789021970704e+00,3.640647171082119105e+00,4.503814410810286439e+00
1.961752321110273645e+00,3.789184356381176677e+00,5.897027380202676916e+00,5.398407524423646464e+00,2.071277639869970599e+00,3.614400041215842130e+00
4.811978572846976832e+00,4.835516545519544351e+00,6.303022548074881826e+00,4.879705919095981059e+00,1.342290711125246672e+00,2.955094634159624700e+00
3.750202894899581363e+00,3.849358089398734695e+00,6.594820021697997525e+00,2.541584810702602226e+00,1.607938883447874723e+00,4.800882406021850457e+00
4.256508785482307822e+00,5.118477879993937663e+00,6.827078943287442137e+00,3.567094249267180661e+00,1.535823963747361631e+00,3.054339077826951687e+00
1.258532621018424003e+00,1.323075169114706684e+00,4.176174381733623875e+00,3.750719831404426774e+00,3.888849278604651794e+00,4.975526202149652910e+00
2.177300100438916086e+00,1.295051532361675806e+00,4.283924725194347083e+00,3.662907459020892986e+00,3.637392167189743120e+00,4.336606973930581255e+00
2.861665486081593990e+00,2.966879989193285105e+00,3.751667254351663594e+00,2.322916183159016157e+00,3.247724786765723959e+00,3.775212086889922602e+00
3.575143605136689828e+00,4.228038723936582421e+00,4.980562453799334044e+00,4.117372944947210733e+00,1.211758792216214742e+00,1.956200310237124373e+00
9.854682936093799306e-01,3.168145306692307983e+00,6.564418412051971075e+00,4.340828285567515543e+00,1.793570764376642757e+00,3.176772730206750772e+00
5.056037650721043608e-01,1.028437171869699185e+00,5.471102279827239734e+00,3.548303523084643807e+00,3.455406335251217875e+00,5.886371668551957370e+00
0.000000000000000000e+00,0.000000000000000000e+00,0.000000000000000000e+00,0.000000000000000000e+00,0.000000000000000000e+00,0.000000000000000000e+00
4.789993348482672886e-01,1.807363713148821827e+00,2.580488622032305113e+00,1.962304303352132351e+00,5.893828205816759258e+00,5.466631194389973913e+00
2.772962354280612551e+00,3.200239830093516868e+00,2.427234062011288440e+00,2.115687542907992214e+00,5.186159328564887261e+00,3.211442728465542462e+00
1.065469996694992538e+00,8.038369340137507812e-01,1.657449723698301014e+00,9.828086719170689989e-01,5.419009297798275782e+00,6.301152627460760769e+00
3.606649423154637102e+00,3.069032552088004184e+00,3.734734450426986374e+00,3.173666324021962915e+00,3.824253611985100498e+00,2.974594805222552374e+00
1.418533168957667456e+00,2.845962600099668727e+00,5.737585702276963850e+00,5.260529784617326676e+00,3.373016068508219334e+00,3.409378917253606645e+00
1.859463284239345482e+00,3.664918568521239095e+00,4.319061378674035723e+00,3.950694395985995033e+00,1.710830415799275750e+00,1.931394741865904763e+00
3.113924979257270298e+00,1.834784037009934421e+00,4.238571938835421271e+00,3.904720652613065557e+00,3.142090827766260475e+00,4.503904152447140596e+00
2.630510858289969445e+00,4.332562770074456893e+00,5.455595226682794952e+00,4.418246076366139974e+00,3.921405679768576569e+00,4.906967167655646556e+00
3.970629518927072610e+00,4.295649286839513081e+00,4.841812131893080462e+00,3.662411346889734354e+00,3.377011010390816637e+00,5.217073648753794757e+00
4.756287496509282064e+00,2.997053200082702151e+00,5.971153572128145903e+00,6.073734268780413892e+00,1.830180931427770163e+00,3.074283283970079772e+00
3.489505043204010448e+00,4.633725641931309092e+00,6.217222247394808221e+00,6.048970555212751066e+00,2.434840375891869080e+00,3.828759728257264960e+00
1.120390575587990600e+00,1.381590359742471019e+00,6.016634203118955249e+00,2.217497322466470688e+00,3.045313928470915421e+00,5.066155105533703740e+00
0.000000000000000000e+00,0.000000000000000000e+00,0.000000000000000000e+00,0.000000000000000000e+00,0.000000000000000000e+00,0.000000000000000000e+00
1.130152584780692138e+00,1.901448537857389987e+00,2.178381759673678530e+00,1.510491821226853659e+00,2.800517855896520025e+00,4.279486592218146868e+00
1.492468323063819824e+00,1.566738381327739349e+00,3.961794138619630701e+00,2.498802636730129034e+00,4.604728192842523882e+00,6.109328568092626810e+00
3.814345996016822227e+00,4.153458148703656150e+00,3.949910952754231097e+00,3.614027360458456961e+00,3.105938684900898306e+00,4.856536426709745946e+00
1.422534624872246134e+00,6.563865390390408727e-01,2.308940514061095683e+00,1.280802998973395557e+00,1.206858160687492187e+00,6.117664127088057846e+00
3.592950064978894353e+00,2.612877164447956257e+00,2.111437815969174903e+00,1.533176116956493473e+00,2.712626864004121785e-01,3.123108000597742073e+00
2.049482799786955578e+00,1.694894223740645245e+00,2.507588962438202174e+00,3.459768806616652093e+00,1.786438582186487212e+00,2.940391120121886193e+00
1.803819867307149494e+00,2.250950224030252134e+00,3.875013699090561037e+00,4.285390473631013997e+00,3.505118302117534945e+00,4.957642008998573324e+00
2.014852165942655926e+00,2.118142165103264141e+00,2.619570869053930551e+00,2.576061532222068795e+00,3.620695066199669743e+00,5.744334687963800867e+00
2.240698244349953239e+00,2.893471041456656234e+00,4.247105273293126260e+00,4.013421730301494073e+00,3.141124134686532621e+00,4.677016081426899063e+00
3.318499747649278575e+00,3.905988899876877696e+00,3.721127556680617232e+00,3.761101735114809497e+00,3.911692855402630009e+00,3.297073550309979506e+00
3.564901721012895042e+00,2.727916959883851078e+00,3.646886265979226494e+00,4.604277871682693757e+00,4.699966115663644750e+00,6.157767118323889122e+00
3.234097555447399408e+00,3.904608136120423012e+00,5.981811099487988059e+00,5.699326304194257453e+00,4.285985097433528956e+00,3.663704707911379366e+00
3.221647074400196598e+00,4.726119851346128442e+00,8.736415439279486606e+00,8.355019367553921938e+00,3.791123012012750593e+00,2.833521472330981172e+00
1.023364520761677721e+00,5.479865863112553193e+00,7.986753933037395115e+00,5.650981213222193489e+00,4.905041027741495085e+00,5.151195007092826295e+00
0.000000000000000000e+00,0.000000000000000000e+00,0.000000000000000000e+00,0.000000000000000000e+00,0.000000000000000000e+00,0.000000000000000000e+00
0.000000000000000000e+00,0.000000000000000000e+00,0.000000000000000000e+00,0.000000000000000000e+00,0.000000000000000000e+00,0.000000000000000000e+00
0.000000000000000000e+00,0.000000000000000000e+00,0.000000000000000000e+00,0.000000000000000000e+00,0.000000000000000000e+00,0.000000000000000000e+00
1.008401540874623636e+00,3.629219062409231977e+00,3.608811411109614120e+00,5.085112516137624716e+00,3.369119845091261833e+00,2.203920284797642459e+00
3.181627380383668324e+00,3.416142139743153727e+00,4.887981589189993592e+00,5.654158759489565256e+00,3.440333354232687046e+00,3.420194725603952435e+00
1.983097201119273789e+00,2.267730007274139759e+00,2.889692696185752752e+00,4.278264754689131699e+00,2.783401925697889467e+00,2.917645994754038963e+00
0.000000000000000000e+00,0.000000000000000000e+00,0.000000000000000000e+00,0.000000000000000000e+00,0.000000000000000000e+00,0.000000000000000000e+00
4.130857245143447543e+00,2.909497693611716063e+00,2.360088333039227493e+00,3.723444680768864590e+00,5.020833138372928772e-01,1.965778060118656079e+00
2.570497508715974266e+00,3.653676520996970822e+00,3.565430608394815515e+00,5.291189777276508188e+00,2.881002408905972700e-01,1.546477175013242444e+00
1.940887653254598666e+00,3.009368119417159537e+00,3.353753589881740105e+00,4.053543141618442647e+00,2.144886621655087922e+00,4.445314487440011675e+00
1.007687250075467666e+00,1.901919197366551906e+00,2.071177837688735313e+00,6.864680945633603315e-01,3.920818005823766939e+00,4.973954682951994499e+00
1.934808806784648727e+00,2.550862923140922334e+00,3.668180327583158373e+00,3.863456649718073344e+00,2.229291700652847208e+00,3.443851992921899807e+00
1.124379489031054780e+00,4.633384117996287799e+00,5.600605117010882594e+00,4.794961863720114792e+00,2.995484377023871048e+00,4.784584321514025795e+00
9.947122293872805443e-01,3.694063565675734573e+00,5.667845060220946252e+00,4.360448714341625731e+00,5.186035255176092207e+00,6.162018956739101050e+00
2.256225782821237313e+00,3.113525778805025901e+00,5.925963839011991752e+00,5.110646440728565665e+00,4.758172483459763846e+00,5.736595490642619311e+00
2.390634419338019345e+00,6.977657356053690307e+00,7.178081591571679354e+00,6.105684501550326715e+00,5.117059088252079668e+00,3.032209210086117324e+00
2.867659512092275875e+00,2.591767758806638788e+00,7.462461190600541805e+00,4.113591647311352517e+00,4.536897264929510953e+00,6.731349815021275163e+00
1.429296257327868469e+00,1.592998073194374031e+00,4.914451482227134349e+00,1.135918083070073692e+00,3.370761860722863545e+00,5.874918027284719457e+00
1.407014952521490336e+00,2.508039202431588954e+00,5.745119023081816323e+00,4.619379018246710267e+00,4.956229301629889505e+00,4.161202769329252149e+00
0.000000000000000000e+00,0.000000000000000000e+00,0.000000000000000000e+00,0.000000000000000000e+00,0.000000000000000000e+00,0.000000000000000000e+00
2.223590370820083706e+00,5.423651669803128073e+00,4.670099004611346416e+00,4.425200637244055102e+00,4.983760295076815616e+00,3.207397972009817355e+00
1.527215194097063522e+00,2.919016544378356226e+00,4.809088736741545134e+00,1.984722573688425751e+00,3.235878525811038742e+00,4.498356939444834168e+00
1.998951310016850336e+00,2.457394513519401524e+00,2.708033499976718161e+00,1.201469602471076037e+00,3.163763535282788197e+00,5.068837277921301343e+00
1.631167835650969788e+00,1.579084526844499514e+00,3.590394587297460305e+00,3.150399603104966140e+00,3.169903285485738742e+00,5.145657147197499448e+00
3.170294218719329926e+00,3.783654494294543369e+00,4.748614595728077425e+00,2.674295083961284902e+00,1.508669426662586632e+00,4.579925440144606341e+00
2.610098059691600358e+00,2.936874289982339459e+00,4.111387530918896971e+00,4.264603003493165900e+00,2.249063557352297238e+00,6.621114362466238745e+00
3.472287758071637143e+00,2.785909262477469284e+00,4.982965810031791953e+00,3.402285099479916752e+00,1.189114787874045120e+00,2.701862516069891029e+00
4.300080179853342344e+00,5.307225435697827898e+00,6.805415755349406126e+00,4.015185376017562646e+00,2.918337795034596560e+00,5.584625517562967545e+00
1.112530810205623499e+00,7.307080947889348366e-01,6.092206059168785437e+00,4.057944794439665159e+00,3.425993858190095054e+00,5.087813162885849394e+00
4.276995539159068827e+00,5.045092373011529574e+00,5.227027867539447925e+00,3.030631632489721561e+00,3.520751679202843931e+00,5.079579164344547593e+00
8.140023413895396409e-01,1.284022927654257185e+00,3.369843303283068359e+00,3.697560400141233661e+00,2.495216062375010146e+00,2.677575578044820936e+00
3.287024033574792004e+00,4.729424213412594113e+00,5.347274752603322412e+00,6.359528140330143131e+00,1.095350460916943547e+00,1.198142109861281668e+00
0.000000000000000000e+00,0.000000000000000000e+00,0.000000000000000000e+00,0.000000000000000000e+00,0.000000000000000000e+00,0.000000000000000000e+00
3.981074926973112049e+00,1.704031106812000207e+00,6.521065119780990571e+00,3.614286651920683102e+00,2.690982752219190033e+00,5.832437333876065111e+00
4.003001164709528936e+00,2.997578043224499389e+00,4.638422870826786060e+00,3.282141478537106583e+00,3.666471090987953652e+00,3.021812988190409222e+00
2.153489752284340142e+00,2.003592181986896037e+00,3.859976864824762544e+00,3.770200372969365166e+00,2.132504079507412609e+00,3.850775498253427021e+00
2.577369360403170440e+00,1.103376914917721940e-01,3.771598383449714209e+00,1.707149322808294567e+00,5.880347642157541799e-01,3.359522074244700285e+00
2.261845144400386420e+00,2.379981570283341785e+00,2.025596396245108899e+00,4.192570864162128430e+00,2.637801880872396421e+00,4.916240592245677554e+00
1.773507607764576388e+00,2.922797196901575134e+00,3.817933833619721717e+00,4.352519637494945748e+00,2.532069220489362671e+00,5.053362748005359784e+00
2.378983933298030706e+00,3.202491458436175442e+00,5.112943367651915594e+00,5.122669148463371513e+00,1.577926846345481415e+00,3.468574777219731065e+00
3.087729728797128814e+00,3.996454736649391215e+00,4.684688686807906066e+00,5.035126086442978099e+00,2.775144110048560542e+00,4.445616929614518931e+00
2.981019400610805281e+00,4.088111844615212043e+00,6.314236133778571514e+00,4.321698625751822398e+00,3.034910733436970265e+00,3.994020812296438017e+00
2.537706433354022906e+00,2.472318918727260950e+00,5.710486031545693564e+00,3.097216606220583035e+00,2.820746354757492469e+00,3.250294049473439362e+00
6.166738298384935035e-01,5.361290347604494855e-01,4.009578575221010688e+00,2.759837324005411041e+00,3.441956848740026498e+00,3.799616636742628728e+00
1.905334250364902449e+00,1.712674233346768382e+00,1.462330269706944463e+00,2.237535655330882278e+00,4.001127951853826303e+00,5.082565016271247238e+00
2.489798768690548947e+00,1.479384505072981026e+00,1.480556951582734371e-01,3.066598483336740344e+00,1.605970446404620944e+00,2.712394422971291075e+00
1.454387852509495094e+00,1.668584527356893554e+00,7.998551984489692401e-01,2.993076367704100793e+00,1.905877147875791877e+00,3.934200972192553269e+00
0.000000000000000000e+00,0.000000000000000000e+00,0.000000000000000000e+00,0.000000000000000000e+00,0.000000000000000000e+00,0.000000000000000000e+00
4.891629886626134294e-01,3.197899139296322080e+00,1.806253047699486913e+00,3.128990345748429380e+00,3.156258837657182070e-01,4.151625998130968220e+00
2.690295346139832233e+00,1.501503439316465904e+00,3.455033525594142674e+00,3.440382494226775556e+00,1.165625853358919439e+00,2.794941695869786802e+00
2.011642094607748898e+00,1.812602737023573996e+00,5.880710230243986203e-01,3.187348382369863842e+00,9.688398055400346820e-01,2.788517876112320160e+00
2.893334390329258099e+00,2.938869320792566242e+00,2.234813957140111995e+00,2.178561902362538660e+00,9.333101644095451732e-01,5.668724856540772628e+00
2.675468383842032782e+00,3.085361598296239460e+00,5.478994642198967924e+00,3.513281001626440858e+00,2.899478390569699471e+00,4.834151440707977088e+00
4.207066843009204860e+00,3.928764637285083072e+00,6.941853484067358693e+00,5.493511888586798619e+00,2.723319274847226801e+00,3.751310669399649633e+00
5.540574278985348045e+00,4.895160335821293174e+00,6.581729793960167108e+00,5.174620627023944763e+00,2.158750731649359711e+00,4.965464085358773261e+00
2.813288526527984779e+00,1.791538629673683491e+00,5.139463154680901980e+00,4.462157210635195881e+00,4.350728360974377651e+00,4.926022980634074067e+00
2.560796501384398294e+00,2.552256290358007274e+00,5.068885508240668969e+00,4.645346423837343863e+00,5.273663841613165815e+00,5.470812893859742232e+00
1.416453753657318515e+00,3.027346269231109943e+00,3.516074723227704091e+00,3.180475302784388614e+00,3.428414671478802411e+00,4.114018372664538070e+00
3.415179939002318754e+00,4.979016209642889379e+00,4.893595216589689656e+00,4.587857153392955745e+00,2.545942378771801629e+00,3.460365522287384366e+00
5.762088356091306984e+00,5.761585017798696029e+00,6.203278779972764667e+00,2.855605673763555341e+00,9.211810924121044408e-01,4.257369230925967862e+00
2.446047543088673670e+00,9.066124319982100666e-01,7.302965115703195842e+00,4.352548834529290644e+00,3.085103270009148524e+00,6.205032145620725359e+00
0.000000000000000000e+00,0.000000000000000000e+00,0.000000000000000000e+00,0.000000000000000000e+00,0.000000000000000000e+00,0.000000000000000000e+00
9.324869818929986121e-01,1.523032487951426983e+00,7.348518435181254915e-01,2.598946094339313007e+00,3.349647487225764220e+00,2.814409291334322827e+00
2.928141171405209686e+00,3.137095817435960221e+00,4.085565157811054782e+00,4.176473058550858930e+00,3.390350059715934616e+00,2.199349677936821568e+00
2.846170943411185039e+00,2.951254621610281514e+00,4.233349145034163818e+00,3.718511841883928692e+00,2.268861881937983327e+00,3.587853936619006312e+00
1.796925717506493658e+00,3.112285890032163937e+00,5.970425215691360421e+00,4.061209654639609923e+00,3.193506850460829494e+00,3.471840942744408132e+00
3.012928398440175570e+00,3.621158214309407875e+00,6.123122161175417411e+00,3.598689016996147849e+00,2.833634561309646305e+00,4.386481661896439732e+00
1.922754579295624655e+00,3.231137212215311472e+00,4.333171614742600930e+00,5.058439924257458919e+00,2.909278269262061567e+00,5.016642572937734634e+00
2.338422638177731550e+00,5.755961395466492547e+00,6.150872655510139175e+00,4.158358811998562388e+00,3.269392856075780784e+00,3.844133987818429965e+00
4.049571805293064486e+00,4.743959042850880437e+00,4.862111445720711522e+00,5.009454674845026823e+00,2.486284773139602944e+00,4.803169469136934211e+00
3.238332403171792162e+00,3.271842840953617770e+00,5.312554068362996595e+00,3.809824613065975640e+00,1.294042136522016051e+00,4.259748100005746885e+00
2.500250404621323863e+00,1.679711827757642384e+00,4.325387164064511403e+00,3.113859449212120545e+00,3.043959493604074140e+00,4.035645367879702405e+00
5.228514108149043160e+00,3.932169909175944333e+00,6.829900079158186976e+00,3.380929610159384868e+00,2.576784228762939666e+00,5.753135019952331675e+00
2.264940271702094776e+00,3.549937544881113016e+00,6.377417361559332143e+00,3.628029974662529078e+00,4.405801451451388573e+00,5.540187116637335762e+00
2.982216374673154924e+00,2.936974382799752981e+00,6.335530006656605373e+00,3.963906608341672300e+00,5.832695287988519439e+00,5.249166775069093127e+00
3.209472113467052079e+00,4.632404498038741103e+00,7.630707584887712613e+00,4.098985537237458843e+00,3.910650012214912152e+00,4.795583311159187900e+00
3.515542142179330920e+00,2.831399762741134030e+00,6.238467097881833290e+00,4.424244589417481777e+00,5.668658247960552288e+00,7.748762930597758114e+00
5.526516161683612260e-01,2.294537885431733315e+00,5.524450220084727192e+00,5.680160587460674648e+00,6.377903664927812244e+00,6.088615301232580990e+00
1.989745221593381963e+00,5.505064619200568998e+00,5.550672020329383116e+00,3.434895124637616703e+00,4.583599342992918935e+00,4.290152499092524607e+00
2.054559375720781844e+00,4.490512035632796994e+00,6.698016547772759566e+00,4.920823706068500059e+00,4.245884283366345713e+00,3.697464434929556454e+00
3.341638407056183091e+00,3.316785283699054787e+00,7.455145067319500995e+00,4.512173066466705684e+00,4.409223210520037739e+00,4.077771994231955688e+00
3.050755675700102199e+00,4.422830106142769502e+00,5.487032056422551207e+00,4.482223860020344119e+00,4.657816850341093939e+00,5.722230907691689517e+00
5.869778110048227138e-01,1.658240383607137325e+00,6.157764632451100617e+00,4.765623003628052246e+00,4.911714229109976237e+00,5.679223059587041433e+00
2.077404729664249494e+00,4.228788890013967183e+00,4.381451244672989631e+00,4.437318477323597854e+00,2.534319523052832146e+00,2.577114937016404816e+00
1.635743794596517642e+00,2.452308363295166771e+00,5.954291472445264688e+00,3.989044401849310972e+00,3.522584326697285828e+00,4.555916737706973585e+00
3.783434211173160477e+00,3.171725834853346804e+00,2.608189241076942277e+00,3.440120505084951485e+00,1.247193350436549553e+00,3.397937439695242645e+00
2.094891867875762870e+00,3.310384128861526776e+00,3.697935878544626576e+00,2.407501197400446102e+00,2.599946953741020472e+00,5.110501238279113068e+00
3.186988089710117489e+00,2.280386374774782787e+00,5.910381706923333311e+00,4.023667919013496075e+00,1.517787123691208606e+00,1.143806253757915670e+00
3.793723446624771345e+00,3.034865245146625590e+00,3.255187380415471843e+00,1.307514190139472898e+00,8.935430681109348683e-01,3.721429202821560978e+00
2.667745155966641413e+00,4.061526029436535623e+00,5.079339187074320527e+00,5.305157738345189777e+00,1.494028342865303394e+00,4.014034514370501405e+00
3.317770541935747719e+00,3.634251229965470564e+00,6.198122812130235637e+00,6.208614334785688804e+00,2.252744926792935587e+00,4.119199438074890196e+00
1.284238682796275288e+00,7.983304855920771992e-01,3.567590732408462806e+00,3.523298572760490188e+00,1.910749684655516534e+00,3.715733933510392717e+00
1.433358257608367659e+00,2.515421293791210822e+00,5.410288455291505372e+00,3.164805833801747514e+00,2.008287821336724122e+00,3.982054802312346986e+00
3.190756563768093912e+00,3.641077498835527226e+00,7.025957952857782018e+00,3.845281082808888140e+00,2.357492015811281760e+00,4.124174951832638492e+00
3.215425807699681116e+00,4.756598282102178388e+00,5.625058132097805697e+00,3.627925128118650644e+00,1.361623205559346461e+00,5.331315703059158473e+00
2.439939757176451618e+00,3.271970465060655364e+00,7.505885967028711470e+00,3.547245075157437810e+00,1.774818898663060640e+00,3.799819745110574409e+00
1.577118941461131962e+00,3.467923221794714461e+00,4.976025158253076341e+00,2.643016071964395586e+00,4.903430398131618517e+00,4.233469144963710740e+00
