VR1,VR2,VR3,VR4,VR5,VR6
1.881643052033745489e+00,4.565407044303754880e+00,6.542237061191531033e+00,3.936232740514666872e+00,3.602841388368350106e+00,3.496304054257397986e+00
3.223975455843547167e+00,3.361492145997610148e+00,6.072242598899999955e+00,4.524291047026918200e+00,4.149206787812157238e+00,4.638202428670128441e+00
1.902897770324089688e+00,2.534506503182351711e+00,5.000265524389646110e+00,4.806718992280224256e+00,3.549757541032044550e+00,5.063511560791902788e+00
2.145436815747893355e+00,3.939688078856743658e+00,4.848582540275052644e+00,4.974184761377319575e+00,4.042828937159336000e+00,4.765962040182758486e+00
1.141122747219232014e+00,2.456525635732464963e+00,5.432509762043225443e+00,4.497144999458427606e+00,3.622465671079321936e+00,5.020818831016378603e+00
1.185357469456467250e+00,2.873924343426219608e+00,5.153350116993731689e+00,4.524357060070564707e+00,4.481351017782168711e+00,4.079331290068899385e+00
1.507861508773642889e+00,3.853528760925812868e+00,5.299990971309934018e+00,5.678995245586518692e+00,3.361096628753504234e+00,4.221321220920521533e+00
2.042115871050828257e+00,3.568926802945684429e+00,5.193449559251736680e+00,4.897663186740541796e+00,3.199424562691208784e+00,4.431990431635207450e+00
1.890279679077292219e+00,2.693332235818065357e+00,5.072563670911390155e+00,4.161522977886541241e+00,4.347678231589918951e+00,5.036281975245886500e+00
1.962941246394815487e+00,2.957568398196007919e+00,4.240242062215294538e+00,2.813366389704200277e+00,5.135167318579893170e+00,3.414860862617443260e+00
2.887813652791455965e+00,4.038744899927467102e+00,3.646060528248660226e+00,5.754607425675019705e+00,3.452479493374457142e+00,4.566127376238627633e+00
2.542440197406017788e+00,3.310443587819719369e+00,4.884210725512666329e+00,4.236962371724484200e+00,2.960185886898739849e+00,5.572667199529952597e+00
2.520449828416936100e+00,3.638361017144900789e+00,5.144012383185947890e+00,3.987317468445270574e+00,3.542922080462672429e+00,4.640137346990193201e+00
2.777767119282838593e+00,4.689944165612703664e+00,4.946338656284270385e+00,4.307438704212399827e+00,3.627791013684051435e+00,4.094855364470255665e+00
2.161892190264407265e+00,3.167674239784009860e+00,5.543195747174260113e+00,4.790694681998242110e+00,4.148710292385747955e+00,3.458553638918035134e+00
3.317518637624385036e+00,2.480772802623741224e+00,5.303272801436671458e+00,4.224674612225362225e+00,2.497284203055710528e+00,5.690827789345258125e+00
2.451119527816016053e+00,3.513326541265962444e+00,5.989908579498090191e+00,4.250437264955237104e+00,3.890163981310764463e+00,4.055506081716817590e+00
2.425780619950836048e+00,3.581638870141634623e+00,6.663090696796553303e+00,4.910020517310226928e+00,4.432232979859244359e+00,5.096046075185888036e+00
1.981455144299478555e+00,4.400686355830015550e+00,5.778673412159690770e+00,4.774532932778114969e+00,3.803895287519134971e+00,4.312640688839226577e+00
1.468546036385037556e+00,2.318370698800293450e+00,5.884745796859610856e+00,4.111620690591915483e+00,2.895580052462348508e+00,4.474264538789905821e+00
1.780635878606504185e+00,3.940840603968598810e+00,7.855693206141792118e+00,3.967046521318700059e+00,3.755973878117726095e+00,4.278456234021712490e+00
2.334366702633084323e+00,2.573936633656066508e+00,7.435925371162642072e+00,3.385725080952326937e+00,2.909459548419343733e+00,4.629779781909937775e+00
2.387272983712191099e+00,3.541309842301484601e+00,6.276211931123321541e+00,4.425471212120129394e+00,3.652348817061486397e+00,4.567241227545578930e+00
2.655424104995092183e+00,4.061252146695087717e+00,4.542080117695753927e+00,4.520081670309045840e+00,5.382380204755888187e+00,3.257284050813802345e+00
2.574235896862325568e+00,1.831578681266041286e+00,4.418079645119412646e+00,3.670576128438778785e+00,2.526734972889637554e+00,3.987268679771394542e+00
1.516524499502148515e+00,2.338911450170877870e+00,6.241567420979934333e+00,3.409602999937070944e+00,3.522978788425392249e+00,3.586390670176101025e+00
1.470399233850599341e+00,3.413222515644962929e+00,6.191845198579363441e+00,4.338710318009823652e+00,3.203702015839146267e+00,4.582356148167200161e+00
2.263670704335639883e+00,4.142007597808023966e+00,5.562794501572033035e+00,3.781281296717278195e+00,3.422254443066120810e+00,3.730138549233851908e+00
2.309072347680990678e+00,5.396103928266732908e+00,4.191147426449020053e+00,6.252020181073792315e+00,4.227024145375366082e+00,4.378093114826752341e+00
1.423926619414120687e+00,2.989701499768474768e+00,4.040548783246824982e+00,3.294884040738397246e+00,3.531140027376961754e+00,5.421186892955699221e+00
2.512854645228693062e+00,3.473932329206109948e+00,3.755215634188259433e+00,4.537743047774536187e+00,4.518710235801437491e+00,3.641477215786291577e+00
1.859798105749136621e+00,2.673009908225175035e+00,4.433727306468814078e+00,4.850438933926859875e+00,3.927682634789150029e+00,4.421200656696300690e+00
2.621887676749626195e+00,3.174202334389541580e+00,4.484904262436062439e+00,5.079867073426743929e+00,3.982412089897003682e+00,4.233703890229302047e+00
2.631518392117540461e+00,3.278707482311303600e+00,4.580039440877506252e+00,4.475468938217769477e+00,3.398863406344345250e+00,5.716133144971069946e+00
2.096030269412123115e+00,3.205977373316458934e+00,5.284367518014905230e+00,4.523890144524120416e+00,3.891710131492350122e+00,3.844458446508037142e+00
1.631425524946090500e+00,3.809908493552999431e+00,3.813919986256284034e+00,4.202375481749857755e+00,3.124277298738638464e+00,4.517445608697900461e+00
1.740824053948797134e+00,2.246692150362734175e+00,3.208745920667138041e+00,4.813669523316016274e+00,3.402599576987292096e+00,4.939320023964567596e+00
3.049843359191991787e+00,2.826841911120794304e+00,3.891243465892260112e+00,3.626021593581298497e+00,2.925893250596584672e+00,4.053301704616368184e+00
2.656207081245121948e+00,3.294105739118600606e+00,4.360397375067957881e+00,4.193026874290208816e+00,3.413012094082459313e+00,3.851977034144663747e+00
3.312407744615860405e+00,3.553683076710296707e+00,4.759485294087257401e+00,4.003996463538519457e+00,3.391226131920065168e+00,5.021476227522392755e+00
2.322562914541120183e+00,4.061663107703742170e+00,4.396885003056767438e+00,3.691209805351040263e+00,3.860889358344145261e+00,3.961788540933862457e+00
2.139316167956265780e+00,3.586526731337528862e+00,5.053997061501257271e+00,4.835486747466930524e+00,2.696690155171844516e+00,3.307716825392676530e+00
3.293641540363258624e+00,4.382160514137443563e+00,4.482913319235096949e+00,4.652042793742012350e+00,3.512089760440647357e+00,4.885718957265761553e+00
2.962156029165158522e+00,3.914267322191005594e+00,4.058227501106159707e+00,3.690714844918924875e+00,3.131646435491133751e+00,3.934853232866775574e+00
2.370313727597078035e+00,2.508202547255934611e+00,4.699642462391339315e+00,5.156764083238577712e+00,3.334383679788663901e+00,5.600660708674147337e+00
2.441902443450202576e+00,2.446396194902495935e+00,5.903220349156552693e+00,3.600385398978948270e+00,3.662860338523572956e+00,4.452179153223242203e+00
2.757932134752379749e+00,1.026354094984941678e+00,5.142739155246390581e+00,3.090790821953741219e+00,3.168758642098333578e+00,3.687520288650379285e+00
2.073950269370657296e+00,1.814866016008533922e+00,5.726639164077946376e+00,3.602323098757822972e+00,3.177462851541618782e+00,3.630477646011988302e+00
3.227420217067090924e+00,2.138801304173966855e+00,5.604174560537945382e+00,3.370582476889924184e+00,2.695251330036406046e+00,3.807115214125493363e+00
3.245643271655727080e+00,2.888991606058800787e+00,6.002067874859031704e+00,3.997314836387313441e+00,3.631347043537519248e+00,4.099419687986034511e+00
2.554800162866427637e+00,3.474807463882855441e+00,4.371070138280789941e+00,4.365461238827930579e+00,3.229024021425688229e+00,5.102418911263756129e+00
2.559019844806754929e+00,1.511433121130354884e+00,4.875721993072466454e+00,3.706277339098623003e+00,3.789379660749481182e+00,5.109799500842249209e+00
3.080773223264023919e+00,2.976652067923060141e+00,4.351984366661480585e+00,3.569168495813865860e+00,3.029596643555700464e+00,4.185576311231296032e+00
3.454991918493744318e+00,3.873508558100259958e+00,5.302735800058609783e+00,5.310600404495483318e+00,4.176947656581289081e+00,3.692344246531397367e+00
2.797772947919717978e+00,2.497855339095985450e+00,5.313158887107965356e+00,4.217842098639505544e+00,2.312490796049309960e+00,4.477652095171115398e+00
3.322167634155625660e+00,3.654132783246215155e+00,5.034497761220909418e+00,3.830308731269902012e+00,2.936243329941448543e+00,3.978798060126965908e+00
2.258125439146648095e+00,3.037630972827725984e+00,5.972447627256395108e+00,3.792104469275625167e+00,3.817906810406353380e+00,2.963895735639775708e+00
2.779925002061359507e+00,2.853318708798160408e+00,5.787223530082291845e+00,3.233554986129624442e+00,1.223414116378403138e+00,3.157455061400263219e+00
2.763985223440497574e+00,4.340284454654308455e+00,5.805786794440715326e+00,5.384529118548135429e+00,3.088927349999238015e+00,4.492943205415806496e+00
2.742459802861084039e+00,3.389475858259446639e+00,4.799922154070653590e+00,5.054469517940844092e+00,5.319685879369144388e+00,5.728424218266966683e+00
2.311781945714161957e+00,3.139391136280256234e+00,5.166568248779976003e+00,4.304152927423504416e+00,3.983368158902157674e+00,3.731055323025042725e+00
2.907019767606417560e+00,3.526266661330168084e+00,5.089171347418798064e+00,4.454889317901134405e+00,1.967671940634862615e+00,4.810246417905945648e+00
1.454841511981636692e+00,2.521391853394748139e+00,4.230236540884217966e+00,4.641758148302880471e+00,3.178804065407850210e+00,4.167735636647496911e+00
1.462923915329096936e+00,2.014063124406900940e+00,4.270985292757809582e+00,3.655055833450026714e+00,3.385027613700156479e+00,3.603700423603608538e+00
2.416014954634343237e+00,3.407207179068443725e+00,4.476512015881471740e+00,4.089383359793178130e+00,2.740390157291383577e+00,4.868856086795353200e+00
1.942387122588841608e+00,2.581297857145361974e+00,5.753893547187876933e+00,3.989726249250269863e+00,4.649274678489048185e+00,3.867392288356668040e+00
1.386115615624594177e+00,2.546372892906837215e+00,5.675354710739711095e+00,3.142560533088567531e+00,4.357429414321014605e+00,4.862453791851550022e+00
2.270645791710752981e+00,2.804437310320443189e+00,3.659189955790493443e+00,3.925881637416611891e+00,3.735973711367218897e+00,4.096918422833237372e+00
2.078234366688920698e+00,1.240875350008284528e+00,3.641834220318984627e+00,3.016352089330615716e+00,2.797903528196109768e+00,4.405184522400422686e+00
2.223523359494360641e+00,3.270013055646535882e+00,5.586204962076544156e+00,4.196099729685921709e+00,3.780928532523132990e+00,3.817007516971171910e+00
1.180273597646675388e+00,2.559283685600992175e+00,4.451140142924600696e+00,4.019379433765462473e+00,2.541169551080313838e+00,4.553474412948101957e+00
1.861182340348193964e+00,2.238311683321795531e+00,5.188263204611996748e+00,3.540304222682695290e+00,3.043075910229663616e+00,4.412315773230494287e+00
2.813541986420157848e+00,2.572027347731877356e+00,5.375087040556756790e+00,3.497968513065688789e+00,3.287354217787942900e+00,4.700218258692856033e+00
3.118114318384132666e+00,5.004868576466348529e+00,5.045413488064130370e+00,5.034211017135633348e+00,5.098193953191792360e+00,3.520594722662707010e+00
1.511612914423444476e+00,2.106384922839442453e+00,4.742024138271043299e+00,3.924919786470340011e+00,3.278190848256286927e+00,4.669938153841032502e+00
2.074292530923301570e+00,1.913381223353968652e+00,5.272998836487566621e+00,3.541811422385428898e+00,3.841905411374156643e+00,4.579386373265558419e+00
2.455366770500089224e+00,2.059714156343702030e+00,6.197987627439542457e+00,2.849383921612222537e+00,1.786920030332378451e+00,3.766539892069770801e+00
2.757468081758853717e+00,3.263993889609875243e+00,6.313101381974147053e+00,5.584875445741896094e+00,3.698418644095379459e+00,4.275646146181363072e+00
1.066039774164997400e+00,3.178987037852865072e+00,5.763501309198141520e+00,4.444730897400996916e+00,3.119961365928847652e+00,4.382847108320444107e+00
1.813071359525136650e+00,2.735680534750058790e+00,5.019172888511790553e+00,3.333805926928564922e+00,2.815480128370273061e+00,4.640546426382959666e+00
1.963994542986725822e+00,2.746294631283575427e+00,4.571893647774833980e+00,3.873275986412390903e+00,3.564242645888719530e+00,4.216568199131253358e+00
2.554987971331208474e+00,3.663715958063336053e+00,4.592352148139908330e+00,3.863196094488755339e+00,2.297677085524812313e+00,3.646705501854599962e+00
3.022809817301381763e+00,4.414272282951415605e+00,4.512489351306382623e+00,5.656450897431471780e+00,3.844218429042738361e+00,5.144253094430599305e+00
1.705434616639345702e+00,3.570419358256462949e+00,4.021374008856215987e+00,5.038261502194234964e+00,2.541891683037712735e+00,4.952845839426057495e+00
1.061084485457453930e+00,2.810664678359128033e+00,4.387676459860662348e+00,3.610755297438891898e+00,2.933181690593428037e+00,4.070715480798683394e+00
1.953422858566929543e+00,2.145305415533481863e+00,4.999025298386035487e+00,3.391540641837640813e+00,2.798678245527995490e+00,4.486476397494438828e+00
3.475668178537377528e+00,2.670059420138703565e+00,4.410281687702084064e+00,4.023554048221833490e+00,2.671716554948314837e+00,3.901974946893406404e+00
3.567306194782649875e+00,2.762899688397025155e+00,6.362162714355927839e+00,3.403764937955345626e+00,2.748128424615820631e+00,3.287069275415677172e+00
3.802665602538144007e+00,4.363738517937957084e+00,4.982437508651297975e+00,4.871004361773940694e+00,3.926106857224737734e+00,3.997018595431744092e+00
2.728922719887471704e+00,3.184761443641179302e+00,5.017120691820485590e+00,4.356834424067725031e+00,2.960816096970456890e+00,4.965828124903625351e+00
1.980199920558407989e+00,2.759910751003646912e+00,4.514688086880044970e+00,4.001637083325781497e+00,3.050098126585063518e+00,4.479191573843580798e+00
2.485210085232871791e-01,2.239097958165319202e+00,5.411301573217152772e+00,4.109755150427783832e+00,3.054510072201499948e+00,3.881534780660556461e+00
1.220076525541946566e+00,1.746043968371663091e+00,5.201347168526004872e+00,2.713574012447153017e+00,2.463135144627317086e+00,4.435404056199359957e+00
1.538043084241945024e+00,2.753860753905576608e+00,3.150778521562960677e+00,3.451414127783152264e+00,3.032872446518597442e+00,4.162265385893042513e+00
3.333939353744227230e+00,3.759446057650745576e+00,2.939415584080660615e+00,3.731208754030953756e+00,3.520212071185857994e+00,3.496895356270345090e+00
2.162459119062660307e+00,2.186274365850120915e+00,3.562807714735900966e+00,3.592744992137601123e+00,2.152288039257346242e+00,3.932067046369398966e+00
2.644049325936989714e+00,3.423620296031913313e+00,4.519653069291634573e+00,3.751414667516046464e+00,2.891380090610488729e+00,4.491249586724068266e+00
3.296165249397974506e+00,2.879153030934962665e+00,4.488876666623337286e+00,3.876921117607737610e+00,4.121761417322435506e+00,3.817578397029509851e+00
2.209247312686645426e+00,2.508198046152361194e+00,4.410175150175731140e+00,2.961767733137214531e+00,2.469806903717303825e+00,4.868835473901836686e+00
2.270462289206136131e+00,3.374262018923990247e+00,4.743248226554485747e+00,3.394835255490535442e+00,4.648592742335009298e+00,3.021857753146509395e+00
2.734822611827755878e+00,2.966513672793226419e+00,4.014345092727028330e+00,4.150945706171055072e+00,2.916638030926756997e+00,3.827985767308334619e+00
3.091275565726311569e+00,3.856559886138708482e+00,4.305610789799620974e+00,3.953844222739643754e+00,4.141820167390509511e+00,4.258451124167788038e+00
1.935276816058447924e+00,3.005395428470334362e+00,4.745430231096332996e+00,3.697914092905027150e+00,2.447391089573191181e+00,4.286217123727850797e+00
2.141956965031946325e+00,3.473563658046779690e+00,5.015660659202231031e+00,3.610687233750019764e+00,2.470745221352284915e+00,4.231345527469238199e+00
1.924650764352573873e+00,3.129002719662941967e+00,4.713013643465519209e+00,5.334130346059347438e+00,3.387598139996005120e+00,3.889095462972446349e+00
1.961671155125085386e+00,1.809896917554703277e+00,5.406526382667912856e+00,2.690316435849247956e+00,1.651973969654841001e+00,4.465777690586535620e+00
2.101987368876764073e+00,2.799164467338224327e+00,4.761521981929083935e+00,3.426907180267797504e+00,2.646018884891975453e+00,3.583554376198874181e+00
2.626005743931720371e+00,2.688641211058402369e+00,4.713157690335595618e+00,3.549679182612443196e+00,2.593771500085993331e+00,3.725335353482313927e+00
1.623164289505842461e+00,1.138587527370805930e+00,4.556843528936047605e+00,3.118542860017655460e+00,2.657629324944164928e+00,3.130960253816130745e+00
2.977843960217345209e+00,3.102685237252488459e+00,4.675498422457144976e+00,3.734212409580186964e+00,2.211583139503245032e+00,4.311913616787590442e+00
2.856777522499438060e+00,3.921896382515259738e+00,5.130220179503209188e+00,3.995511500640003710e+00,3.243512850063678510e+00,3.763975626184098200e+00
3.645571654232346859e+00,4.183077730219222801e+00,5.810182677360502979e+00,3.730265729934345131e+00,2.461595958491275216e+00,3.790605081572032908e+00
2.860137939214268510e+00,3.360650067678534469e+00,4.742386635126963235e+00,4.033893404754745227e+00,3.046958472475021384e+00,4.415885459132120161e+00
3.160299686638154082e+00,3.569178948388612937e+00,6.690870537148715158e+00,3.949468978427486121e+00,2.770968417032992459e+00,4.066302131737827175e+00
3.517651108703608198e+00,4.125930248486072927e+00,7.195133884380199518e+00,4.171550989005821108e+00,3.246774216227996668e+00,3.779889431107856801e+00
2.178071831625821630e+00,3.462192555199353095e+00,6.137056304694477049e+00,4.642161458931802542e+00,3.105847601724336382e+00,3.547956838075450481e+00
2.400803076828675220e+00,2.534293010716463179e+00,5.819251550234434411e+00,3.363413635439589822e+00,2.691529377947473378e+00,3.676117560477923707e+00
1.782839743467861560e+00,3.080265987783657344e+00,5.246551422198711734e+00,3.859873147729335763e+00,1.723956226809498338e+00,4.285911980778816854e+00
2.597325166666731633e+00,3.632496909939290752e+00,5.891929636922010438e+00,3.141817116212263894e+00,3.083171648262250653e+00,2.984802902020514459e+00
3.164740641507412189e+00,4.699178585112180784e+00,4.695133411897996822e+00,4.232991224620013426e+00,2.302025737527047422e+00,5.008515945725072527e+00
2.756077690484216358e+00,5.668544320964661765e+00,5.166998739142192321e+00,5.901866034013585782e+00,3.634530426022922978e+00,5.045129503652733050e+00
1.665990243526101366e+00,4.787802993692084286e+00,3.155290273996145256e+00,5.531287630652613529e+00,4.073191409912365835e+00,4.989893001945689299e+00
1.699687714021012486e+00,3.510452919130032434e+00,3.117910532645700172e+00,3.863115117725621772e+00,3.194320347077892919e+00,4.413715682927157324e+00
1.459048958454904898e+00,3.266171768659953401e+00,4.181206742889784778e+00,4.861201150331144305e+00,4.077481491213623244e+00,5.514741011799904058e+00
1.352605483132763187e+00,1.495500056556122281e+00,4.507836639763230124e+00,2.150103821380965563e+00,4.109534894895388035e+00,4.263521656977267149e+00
2.600236411496472666e+00,1.592996579569671667e+00,4.354857599585120198e+00,1.604308732335625987e+00,2.529686921260013932e+00,2.829737154588260140e+00
3.786385159900909958e+00,4.047721260127515208e+00,4.427695370636699934e+00,3.716933957297475111e+00,1.253206205668735640e+00,3.542278484061563315e+00
3.224314813841837157e+00,4.927968987998567307e+00,4.048467662767201602e+00,6.017521630094120333e+00,3.625812113054530439e+00,4.978167198437410512e+00
3.605198485099789796e+00,5.002777237102683294e+00,5.142685566552585463e+00,5.488771174574607059e+00,3.888646328845593469e+00,4.612556816994594300e+00
2.027432046899881879e+00,3.521120466947003091e+00,3.351520087518328417e+00,4.787316582483061467e+00,4.165583186168573704e+00,4.248311988481637158e+00
1.587530659325565585e+00,3.455006339512050051e+00,5.593654696572965435e+00,4.469727102165983013e+00,2.733856726565917050e+00,2.728767734544728985e+00
3.498426589509620044e-01,3.595894462929813962e+00,5.571117387730907033e+00,5.483988329226244574e+00,3.301191177116564734e+00,4.826587057343983744e+00
1.212751849185853104e+00,2.025212193937250493e+00,5.442415519667250123e+00,2.938486820218128681e+00,3.602615104292870907e+00,4.642832330872535884e+00
2.920778002048988853e+00,1.739164980580262920e+00,5.523203359066654272e+00,4.176512821632785588e+00,3.525322478325558784e+00,4.146422842841917422e+00
2.860110015030937092e+00,2.350777849062813729e+00,4.238043020868270006e+00,2.460978174612122427e+00,2.089504631534429890e+00,3.510385256736508808e+00
3.983069539390262204e+00,4.164694830228156341e+00,4.998082025132669415e+00,3.679642365964759243e+00,2.925461838970334405e+00,4.188101416711375258e+00
2.910364980322977413e+00,4.356380374275348188e+00,3.927869056888447119e+00,3.910438474238452589e+00,3.264337925631980664e+00,4.024862015486360356e+00
2.587090301973684170e+00,4.022822191290198468e+00,3.936509345581232999e+00,4.876723469359863117e+00,2.686618969621743958e+00,4.094574303691318029e+00
1.276565365329316082e+00,3.289381312735067286e+00,4.603169319292496731e+00,3.780364228436521756e+00,3.767685652174105115e+00,3.926542077765494909e+00
1.607195824065981604e+00,2.692592976595385768e+00,4.236145855146468797e+00,3.637103397107273040e+00,2.867068640871305085e+00,4.288426390182230818e+00
2.594904036778683754e+00,4.208314670951887493e+00,5.473493345660591203e+00,3.844491404657830458e+00,2.827723723248831700e+00,2.896577775024197443e+00
2.418501367632681642e+00,3.498162274877548938e+00,5.346132578319843454e+00,3.900343342341520803e+00,2.260873185394681961e+00,3.674612858827887241e+00
3.009426076708543896e+00,3.788033089595185920e+00,4.675160238111844890e+00,4.396828194597601325e+00,2.943842531340097324e+00,4.942650544473350394e+00
3.009690573857597862e+00,3.318583442978428444e+00,4.590748000308003895e+00,4.677578477036206550e+00,2.925457710102604025e+00,4.887652390182346096e+00
1.760258148385789978e+00,3.406586401459450908e+00,5.293839125947234159e+00,5.262200581741410588e+00,3.959409457225345541e+00,5.251443122937283547e+00
3.127138984268731381e+00,3.915464633528535021e+00,5.682927055675554229e+00,5.024347604591550720e+00,4.028980042053177613e+00,4.112608958271171566e+00
1.330607680000272852e+00,3.071264382933269310e+00,5.453530801231800673e+00,3.873686862696184008e+00,3.327662707623735283e+00,5.191829765789467643e+00
2.197314836891169243e+00,3.591285778372089510e+00,5.088848616206644415e+00,4.183262777535226462e+00,3.435562251392405564e+00,4.491406655084833055e+00
2.470067374452679765e+00,2.337368005660117820e+00,4.933799491135617110e+00,3.045912800258433251e+00,2.744537737032501035e+00,3.186920232560328969e+00
2.291922667907243749e+00,4.181980295668290104e+00,4.190389853297714851e+00,5.876827821029503518e+00,3.289536711837731886e+00,4.357837886529870808e+00
