VR1,VR2,VR3,VR4,VR5,VR6
2.531117243680836904e+00,4.090427008699731637e+00,5.344355981421687218e+00,4.218511675884215606e+00,3.897524130599523406e+00,3.135332774335064521e+00
2.468541245727981170e+00,3.307462862291990824e+00,4.237194252464924205e+00,4.916536387613987813e+00,2.768558219110637264e+00,3.808306817191400295e+00
2.419618882871980681e+00,2.214198618302902766e+00,6.012498794586763395e+00,5.858294688144364493e+00,3.596273791395228958e+00,3.591762105788742332e+00
2.664185273246559404e+00,1.671247374481055648e+00,4.854595151219337268e+00,5.376539087595743283e+00,3.536867550062452903e+00,4.032441541317637324e+00
3.091595898773006112e+00,2.219700800302407906e+00,4.972536588438351224e+00,4.794005281577716104e+00,3.038323356606933867e+00,3.557601444070090935e+00
2.645402852722075426e+00,2.558083651016956228e+00,6.599523017748279763e+00,4.732729676580238021e+00,3.803347561373893626e+00,4.121174604660740926e+00
1.585762062940184958e+00,1.549343115436281559e+00,4.691477263587346513e+00,5.253180013880228927e+00,4.604819640773861522e+00,5.067380901922772907e+00
3.134053311930866670e+00,3.905862422510668175e+00,4.144219958238601009e+00,3.013136714228306534e+00,2.773331092359072603e+00,4.152329591629436045e+00
1.943082933877892771e+00,4.647593819982653862e+00,5.139436248536414453e+00,2.024151964168909412e+00,3.293449098166838507e+00,4.950255967884641173e+00
1.444203959953894501e+00,2.877567921767049341e+00,4.194857111725905696e+00,3.247035452972624192e+00,3.015410089883937328e+00,4.494453633176297203e+00
2.632344879076917277e+00,2.897454311220404310e+00,5.574592143335625138e+00,3.479984641573228732e+00,2.857900432977924510e+00,4.509678219328486115e+00
2.029195445427989242e+00,3.519297856109937062e+00,4.534276930805503980e+00,3.509268081666877315e+00,3.755094029327918470e+00,3.665525881709982059e+00
2.905521268319847916e+00,2.984705582937137613e+00,5.352106597273595057e+00,4.613957324218527667e+00,3.323275951302537834e+00,4.218226402047344337e+00
1.622252988127572682e+00,3.518023018403932944e+00,5.916088287740275398e+00,3.417976512694534730e+00,3.633974610755260404e+00,4.626798950143459876e+00
2.545883693219517241e+00,3.893005089243831485e+00,5.390089961854712008e+00,2.710453242462496526e+00,2.997672346171363689e+00,2.937637302056579802e+00
4.520978754894754204e+00,3.851729949407930231e+00,5.731017058015134502e+00,3.530909914759885027e+00,4.359739851338336081e+00,3.495217090922804637e+00
3.162892295453118674e+00,2.201435021789866386e+00,4.516124383772027073e+00,3.974997065266510976e+00,4.205348865420182491e+00,3.353699342887850765e+00
2.726388857999757054e+00,2.880133128180101476e+00,6.150558665893221644e+00,3.936942832099903811e+00,3.261886015639716252e+00,3.508387466104953223e+00
1.745792738131080490e+00,4.849566528506534802e+00,4.524485958774204342e+00,2.671150530920571420e+00,3.695879622341638360e+00,2.832396747628310507e+00
2.598319603089452645e+00,4.160378170102290163e+00,5.912765103604035843e+00,3.676524691331352734e+00,3.026422562663547033e+00,2.793742379984945234e+00
2.875574754171357661e+00,4.174849907749371702e+00,4.836328850119954836e+00,4.258590030519812331e+00,3.066127016668088068e+00,3.446485532949203012e+00
3.122505904442886226e+00,2.816603641562658744e+00,6.137181657980137928e+00,3.961481389292977440e+00,2.662370986828127783e+00,4.191206522350119812e+00
1.940885779438353165e+00,3.361973844991828386e+00,4.431897283342214777e+00,3.450633590559705421e+00,2.623483563441856514e+00,3.762617174657099106e+00
2.491609981721902400e+00,3.741567602436687956e+00,3.613252105791292301e+00,3.638925608571089931e+00,2.703401284459360454e+00,4.016526505990486662e+00
2.745056651929411728e+00,3.269960817039454515e+00,4.815278996442135195e+00,3.745916354788621394e+00,3.805470510943247842e+00,4.663193595645566347e+00
1.438593812418909046e+00,3.404162477986454771e+00,4.483152909313952605e+00,4.153145321237602161e+00,2.985031279777111468e+00,4.509476144247620333e+00
1.880638829397823786e+00,2.489194761110860021e+00,4.457912467755380526e+00,4.163446499537669432e+00,2.777980291856691153e+00,5.350186833285041743e+00
2.283975901398588970e+00,2.462161108031183598e+00,4.908333548139100166e+00,3.776213432691261751e+00,4.468802785491681639e+00,5.683321329959770019e+00
2.964000593983200371e+00,2.783461310364626851e+00,4.576814046169602079e+00,3.628615402500915188e+00,3.030421611438856466e+00,4.147173646824248827e+00
2.987002432523934381e+00,2.808604997939172954e+00,6.274806936662452372e+00,4.245164473585362863e+00,4.073659032208875708e+00,3.062390613567512965e+00
2.613470884451047915e+00,3.907975870962606901e+00,5.141897903968988714e+00,4.686382553802850737e+00,3.500175405996626576e+00,3.406321794313486251e+00
1.529427791120312907e+00,2.678531734833705436e+00,5.021346681958284819e+00,4.658312562642612953e+00,3.531116448741203229e+00,4.044823329001818735e+00
2.351864583965587396e+00,3.043363232152492603e+00,5.771254440175435541e+00,3.774472666305808133e+00,3.660592337158313114e+00,3.985264819927388125e+00
2.680874888629394270e+00,1.963272530255662840e+00,4.666682575943483791e+00,4.241241697334824146e+00,3.301647319443056006e+00,5.391328452421975115e+00
2.169145932246097974e+00,2.476951625780657196e+00,5.330408805779184078e+00,4.159217493366282881e+00,2.633033318513311460e+00,4.233488541788920756e+00
2.929142768130848395e+00,2.814864377404186158e+00,4.766302710980578894e+00,4.287560924494800751e+00,3.409503117460983557e+00,2.941417268837880350e+00
2.847371088847934661e+00,3.516655428322836396e+00,5.258988985754291079e+00,4.021368176861944477e+00,2.038447828868550804e+00,3.584425351150912764e+00
2.856980173357393848e+00,2.227974665178362290e+00,5.485947612316784294e+00,4.636256588665332856e+00,3.847881712091300699e+00,4.231142229517995901e+00
2.919425015227025355e+00,3.275636726240175989e+00,4.879075127233791775e+00,3.527257388201081589e+00,3.060845275858966374e+00,5.410245503412372869e+00
2.770188968580368893e+00,3.089125971309514718e+00,3.944688416925514307e+00,4.743489102972537452e+00,3.224870777887847595e+00,4.448809064652100353e+00
1.862643669575660299e+00,3.595849243368975046e+00,4.431517273066204687e+00,4.706742528749249921e+00,2.488175012873611980e+00,5.198500037297182352e+00
2.972342874486689102e+00,2.107241328898327382e+00,4.276254003921233782e+00,5.425662350561013092e+00,2.798725951432025294e+00,5.380918834231582792e+00
1.884516306591961232e+00,1.207576870931144741e+00,4.640488633392084061e+00,4.904078933748394320e+00,3.169707735948069427e+00,5.743936088918634830e+00
2.445260698871417837e+00,2.136141831325153895e+00,5.395824506691632827e+00,3.891435259049065731e+00,4.727146773710705574e+00,4.493258652625108596e+00
2.241648104739796921e+00,2.884374366817928692e+00,5.943585606593973836e+00,2.548649102512467124e+00,4.052596948704200841e+00,4.430126466564873411e+00
2.147989484060967236e+00,4.309925671943293679e+00,4.741290301666181151e+00,2.031544473077606661e+00,3.368508170760347031e+00,3.723762738261128913e+00
2.572464371630293734e+00,4.282844822665698103e+00,6.411981528094164773e+00,3.089114370907450891e+00,4.083819578250832194e+00,3.192681314652018543e+00
3.201365587682359681e+00,5.259528395454161398e+00,4.270986176257380862e+00,1.768289398771436538e+00,3.570283389954611586e+00,3.472650317050029578e+00
2.540244672230403733e+00,3.560239362117291417e+00,4.179202033252921389e+00,3.300043045792327323e+00,2.366713275032462427e+00,4.848793745876743166e+00
2.441898164549794359e+00,3.002673204483929492e+00,5.500556233317840160e+00,4.380642886084400445e+00,2.914049770098472880e+00,4.760605413124454621e+00
3.091309110232414170e+00,3.569364992835176498e+00,5.164296942990202588e+00,5.002769300993388235e+00,3.370491797742489304e+00,3.994253312240769738e+00
2.168424987082340660e+00,2.249712503423227705e+00,5.394784049655365621e+00,4.914472055136372752e+00,2.497928030599493976e+00,5.191241111684782084e+00
1.292308899089392948e+00,4.213119188847200824e+00,4.579681813404560486e+00,4.704420616011508294e+00,2.035277622173850887e+00,5.068335140639084635e+00
1.987284832248768618e+00,2.615507681567162290e+00,4.240550531474320373e+00,4.337533969298291048e+00,2.749662532863855979e+00,4.712285275618163460e+00
1.484362219545733108e+00,2.706468115510324512e+00,4.424274187891334087e+00,3.409886280323787489e+00,2.539831376977754296e+00,4.611175533151228301e+00
2.407044499679055427e+00,2.296728638339926132e+00,4.464915929990086241e+00,3.999896000148559949e+00,3.115316124513360929e+00,5.047253296074702078e+00
2.849995866172648995e+00,3.298480177427135285e+00,5.332625361129393227e+00,2.597582502969089990e+00,3.738445990718693324e+00,5.376115041572145259e+00
2.206723814799659955e+00,3.278291001409642469e+00,4.538850752263067889e+00,2.173890611621532187e+00,4.551252345677820443e+00,5.392720695788395524e+00
2.559107622154572770e+00,3.850262605752224232e+00,5.978035833716972114e+00,2.458119425992324025e+00,4.013266712366045930e+00,5.128697502449909074e+00
9.185268899197576165e-01,4.404197235381570152e+00,5.141248625568925590e+00,2.976561707828499159e+00,4.093049483662791310e+00,3.760480820230234666e+00
3.841735973180924191e+00,3.482365058672137526e+00,5.168075312158263657e+00,3.007084517684651903e+00,1.597243746388441021e+00,3.013188519264980769e+00
3.345064332084175085e+00,3.538399948828815145e+00,5.423523345244499971e+00,5.098687086974337923e+00,3.766846423081501527e+00,3.808223289496356578e+00
1.811011407679510743e+00,3.360552804895075685e+00,5.134543074380080618e+00,4.363500998221074845e+00,3.877661514712356539e+00,3.999053258368448382e+00
2.487427445267141657e+00,3.372822374179186511e+00,5.258305072669715585e+00,3.359677986477374922e+00,2.592154725599305820e+00,3.671131929402133398e+00
3.497603323238090312e+00,3.974025262180213680e+00,4.255936690957561552e+00,3.347832560312969719e+00,2.758417913399886068e+00,3.258263543207555735e+00
2.117490457367813494e+00,2.594464069646788218e+00,4.210211717519504404e+00,4.592481962913829818e+00,3.378860946021085443e+00,3.961256212956363765e+00
1.939285224181578560e+00,1.283114181558454803e+00,5.435884707757921319e+00,3.511977621006762362e+00,3.370054197209727764e+00,4.564296194140306184e+00
1.939698487613130684e+00,2.118121069285389346e+00,5.001844659084563993e+00,2.997459829958759592e+00,3.755091683999461694e+00,3.873207248994713581e+00
2.005830720546850632e+00,3.421088471360330008e+00,5.071837495726191136e+00,2.429673130320231245e+00,3.261083083926359816e+00,3.512103155063852622e+00
2.762264355931241422e+00,3.665949074797561380e+00,5.394717669393811477e+00,2.043599954045206779e+00,3.432494219321136075e+00,3.313004428261004719e+00
2.049755949427221502e+00,4.022442769354844572e+00,4.363955473672046281e+00,1.558951167151558792e+00,3.241773674299083474e+00,4.254649197416370043e+00
2.843028623453887072e+00,4.907889678259991229e+00,6.024875093660578607e+00,2.904998396791749649e+00,2.831098260018189983e+00,3.358297048660254802e+00
2.751279789318203051e+00,3.828323401665917114e+00,4.989455222710225790e+00,4.199354676512597528e+00,4.216298904461574182e+00,4.243219983718069521e+00
2.150697292634439428e+00,2.406058436527708011e+00,4.998044282819022577e+00,3.443354740503284717e+00,3.248406093900798375e+00,3.484125549830354274e+00
2.248900811031962821e+00,3.252957975765131682e+00,5.375970917757737944e+00,4.478192371687307549e+00,3.822400412161351735e+00,3.871508465595525195e+00
3.152116960672302071e+00,4.059347569914976361e+00,4.716448565860686948e+00,4.188944137479245100e+00,2.592863991496739295e+00,3.750411624516452491e+00
2.780547850113245456e+00,2.268533034170923113e+00,4.994803304853110859e+00,4.835625798628603533e+00,2.920824057604074930e+00,4.114402376021287111e+00
2.599741335320550295e+00,2.182658183218891601e+00,5.631674415845604464e+00,5.320654451502024429e+00,3.555773439091912902e+00,4.058841343662432877e+00
2.427829381440365086e+00,3.559885465891332146e+00,5.628394836423774805e+00,3.583517372622480934e+00,3.011200503113534488e+00,4.262329661677219939e+00
2.392986836462725808e+00,2.359525054173845504e+00,4.805798088334083396e+00,3.465069523838174348e+00,2.950489321800428222e+00,4.254725371671029599e+00
2.014495328167488886e+00,3.449993193142630865e+00,5.417894122558993608e+00,3.141789669912165017e+00,2.477790173151628750e+00,4.164007285530408886e+00
2.093501033931207456e+00,2.709719825090427303e+00,5.118245220240787319e+00,3.943309325426889167e+00,3.877220197466588747e+00,5.228350642043811725e+00
1.659154386086973743e+00,3.015936324848249583e+00,4.744908169476751425e+00,3.667032173991143118e+00,2.814698864341993456e+00,5.634981813807910633e+00
2.312192161152640590e+00,2.127467852006981630e+00,4.717936126464963742e+00,3.919700586439823997e+00,3.434458419179761801e+00,4.705326476187797091e+00
1.635982898616338721e+00,3.555223879102954232e+00,4.312399258913220734e+00,3.972707810813203011e+00,1.832648342997327484e+00,4.265602492875336438e+00
4.060909425803138184e+00,3.743949190117249692e+00,5.420027654824486341e+00,3.986649210155594147e+00,3.299996078148625056e+00,4.536100985765506799e+00
2.615454046083079298e+00,2.496094873916544721e+00,5.625842731598829971e+00,5.279122536948873012e+00,3.385230230080454650e+00,4.014848545226809229e+00
1.717028193688871163e+00,3.020643194968737344e+00,4.500779206089497997e+00,5.133997918164327601e+00,3.465895011585611307e+00,4.583050054496741410e+00
2.235932704085121348e+00,2.371551143549944118e+00,5.188499138093431107e+00,4.837697242001155473e+00,2.818600715088070086e+00,3.527436880833942467e+00
3.566970762243312887e+00,2.419823734005126958e+00,4.866781920288107521e+00,4.925593053078258343e+00,3.433610069956845035e+00,4.344633298097544838e+00
1.827898525187905188e+00,2.870761135429773070e+00,5.259109185916540419e+00,3.270330092120625309e+00,3.546229583634932681e+00,5.037661792235103242e+00
2.216647086533821920e+00,3.907300797330386377e+00,5.359267171105559058e+00,3.453547661863435536e+00,3.053271641517349977e+00,4.500852072175399954e+00
2.359908274710284637e+00,2.812746529352399882e+00,4.977195594953486513e+00,4.103715789170083283e+00,3.739573289332904338e+00,5.546114374449912177e+00
2.944482708443246999e+00,2.573035776063241187e+00,5.389983178005102182e+00,4.284423299537334806e+00,3.332306290820260308e+00,5.594291914347737205e+00
2.155545932728075709e+00,2.835323224025605438e+00,5.508565295861141742e+00,5.042071042019383498e+00,3.961385735684156195e+00,5.597044557989661939e+00
2.465817018805925631e+00,3.445571268053234437e+00,4.622811954333720941e+00,4.350639673252393536e+00,2.375071794668208724e+00,4.943327443751024397e+00
9.456723746239328321e-01,3.089112404442346360e+00,5.069403955410713536e+00,4.426900098154315621e+00,3.836125501756572298e+00,4.168125624718044264e+00
2.970468417546489714e+00,3.709349280211192479e+00,4.372330717678325485e+00,4.653032609952354015e+00,2.934361794611676899e+00,4.987585061975629230e+00
2.291259789006436343e+00,3.455877021342811162e+00,4.801724121926889133e+00,5.186585459978091173e+00,4.150106354316798196e+00,4.916413574220446669e+00
2.451482284593635708e+00,1.756203046423926439e+00,4.934908882224561921e+00,4.712782559131622584e+00,2.924177796694046538e+00,5.187077532876846142e+00
1.924286200901461186e+00,2.653156594045271710e+00,5.057518022854810447e+00,4.394363874743851817e+00,3.123708842616733872e+00,4.817636603278701024e+00
3.266707235730939018e+00,3.657483221343494240e+00,5.753747139451589554e+00,4.956049831010988171e+00,3.102246533597029288e+00,3.176007467306601662e+00
2.638162132921000769e+00,2.888988796761198685e+00,4.065590894025891799e+00,5.181538282789515115e+00,1.355140489729743214e+00,3.799603125111336688e+00
1.512163160999721701e+00,2.054723997740811825e+00,5.463869375258249228e+00,5.525368468266377953e+00,4.029401392278344929e+00,4.854294509480732600e+00
2.384223274656999791e+00,2.374926055604857034e+00,5.408669489256074492e+00,4.047502756060938900e+00,2.598573062752938423e+00,5.215847015745252335e+00
2.691313943765244243e+00,2.651315558435679343e+00,4.159282822744412300e+00,3.473095932776351979e+00,1.791154405229573587e+00,4.356703448071312934e+00
2.490354567271827690e+00,4.258383218082110844e+00,6.343867571069438327e+00,3.744549047411149356e+00,3.174477327760794054e+00,4.464556382074282403e+00
2.441337739415379460e+00,4.169305281131210350e+00,5.468143339944186998e+00,3.523316011800187830e+00,2.890783599657527514e+00,4.085031505665885021e+00
2.172645138600409975e+00,3.330352295985235855e+00,5.721793667009372975e+00,3.914528257043504933e+00,3.822481965635513568e+00,3.943178108436969698e+00
2.859311189875212378e+00,3.419618665949254233e+00,5.159968635134169368e+00,2.820933369194753570e+00,1.893113527457339629e+00,4.210644650582111126e+00
2.332505570137629825e+00,3.053924331628575128e+00,4.747949426138776019e+00,5.184773110843516442e+00,2.660639682454887467e+00,4.609259594883593714e+00
2.426904112394455471e+00,2.334150077943015322e+00,5.038197191767321392e+00,4.660810293096083967e+00,3.116046932878655529e+00,4.385592425416850126e+00
2.804276570617232789e+00,4.139410908207153739e+00,5.828993168945533654e+00,3.311813956641215029e+00,3.443647371647179156e+00,4.309639690430648429e+00
3.223606638861590046e+00,3.994622558155104919e+00,5.572526619722689922e+00,4.187066514105170612e+00,4.419726140110038060e+00,3.850532020335523775e+00
3.181068895414014275e+00,3.110080879642380225e+00,4.747864270690929978e+00,3.712525323142014333e+00,3.035972148548964800e+00,4.355752311443403357e+00
2.066090198261107957e+00,4.111012500553960614e+00,5.232970230612835394e+00,4.915807927114259179e+00,4.001764840578709403e+00,4.910132130101814596e+00
2.688980599232388524e+00,2.636157904609983227e+00,5.195991113265951533e+00,4.912079951099177499e+00,2.579052083448480914e+00,4.376067579528123197e+00
2.876781720958175192e+00,2.871858855298623503e+00,6.550233204571691559e+00,5.149817309227094242e+00,3.249582901597419138e+00,4.672704067551180174e+00
2.181501768327885671e+00,2.486702224612429735e+00,4.665095263228755229e+00,5.316995325923463689e+00,3.435906737140368872e+00,4.636628640751279562e+00
2.737796762973915499e+00,2.474449696438686175e+00,5.338432965295960564e+00,4.035084973937821395e+00,3.564005536992438827e+00,4.177523957262271104e+00
2.269639341973320956e+00,4.209095458923648891e+00,4.848660979592453124e+00,2.589416785178658920e+00,2.378993752790554250e+00,3.442365660436025987e+00
2.191739562603349345e+00,4.170734042667021413e+00,3.901907331902764398e+00,2.533410827973272106e+00,1.545222227383489244e+00,2.854708909576185505e+00
3.147669030999209916e+00,3.688945941604622192e+00,5.323772320755908893e+00,4.591721385497899988e+00,2.582348567316649746e+00,2.697169608867905577e+00
1.802918823630677680e+00,3.344515268361709648e+00,5.117861228480838243e+00,5.744231988269010714e+00,3.275870610486040668e+00,3.792365052036822171e+00
2.640292379867665851e+00,3.134401817393527967e+00,5.192112485481937156e+00,4.301757237433065484e+00,3.765122793256188150e+00,5.007569803001724829e+00
2.532948939427138946e+00,3.772742513049317292e+00,5.162324325876829434e+00,4.120542562057866398e+00,3.726704665184550791e+00,5.453643021322916340e+00
2.417041201438160591e+00,3.258236446540929698e+00,4.760369068148531113e+00,4.620299457860454595e+00,2.685597034502115399e+00,4.619246737946251180e+00
2.080263476446731818e+00,2.770663841359817248e+00,4.247086391837529007e+00,4.269827651133528690e+00,3.053649920464085898e+00,4.551232799584428612e+00
1.392673806402556114e+00,2.457993062494587377e+00,4.494943462836366699e+00,3.938238970566142250e+00,4.643878916547816260e+00,4.692739200025060065e+00
1.883759177073999425e+00,3.536409621890279187e+00,5.974345748822404545e+00,2.239510645525071730e+00,3.217544918815666843e+00,4.925003094167800910e+00
1.332262400160303839e+00,4.318493913228216741e+00,4.754976180340681147e+00,3.167110168217734056e+00,2.568018924032137384e+00,4.723224216919113871e+00
1.859547744507386469e+00,3.512705408716273681e+00,6.040298538710201726e+00,3.346930199829261543e+00,4.499147394494340979e+00,4.225793320618068449e+00
2.762673837784291209e+00,2.533783546105337070e+00,3.640083542585904830e+00,3.071657027524364647e+00,3.407029069076670691e+00,4.800539441579193323e+00
2.439225801596257792e+00,3.118337500995847833e+00,5.053522230212500688e+00,2.869285374173326630e+00,2.344122496977928627e+00,4.267562799985922695e+00
1.661187242883968240e+00,2.901869538169999707e+00,5.559270697882293000e+00,3.859115235826271029e+00,3.961835985915221237e+00,4.016487930553641839e+00
1.725920859232705773e+00,3.258536806250162066e+00,5.286332711050467204e+00,2.737975620883827510e+00,3.473583365301885717e+00,4.024968158740471758e+00
2.849023213741753047e+00,3.722688875166530131e+00,5.669119655492631082e+00,3.061759379519798152e+00,4.254415455364131127e+00,2.787673759022337716e+00
2.892419846829779928e+00,4.328050072819015881e+00,5.270395961467108314e+00,3.480647212357371068e+00,4.130814680985819720e+00,2.571365682412543485e+00
2.394117304159522508e+00,4.327974861541981966e+00,5.482285868376843396e+00,3.613637565776125715e+00,3.631142740274778902e+00,3.432153640835991837e+00
2.653397954738206277e+00,2.731159935202540634e+00,5.401758817189260320e+00,4.094206605953792710e+00,3.038495652836703975e+00,4.237868859531409349e+00
1.864985432085209283e+00,4.159871611194500218e+00,3.640408654261449772e+00,2.818481246877876600e+00,3.552168071434833596e+00,3.769396376833258788e+00
2.368319508736172807e+00,4.897063047243277012e+00,5.080518297260127270e+00,2.309540624839446110e+00,2.265979450412150431e+00,2.294051602731649542e+00
4.016927050102111707e+00,4.946053439614289005e+00,5.798795699027538220e+00,3.427789588174571023e+00,3.218166904181781085e+00,3.145214632239905939e+00
2.971993137755967851e+00,2.629438450337236777e+00,5.014894770718655970e+00,4.341875325794650742e+00,2.050422539215721152e+00,4.420367413874011220e+00
1.985111979830345375e+00,2.734500675204099451e+00,5.159715354244866603e+00,4.535459042518917627e+00,4.862155800650211468e+00,3.818790908921056548e+00
3.249086759893916820e+00,2.345414906639349706e+00,3.974386113583158853e+00,2.894209658856878420e+00,2.015104972109605264e+00,3.781337690516372696e+00
3.037254334791886112e+00,2.511678081147727504e+00,4.472742782123961369e+00,3.374239153141161296e+00,3.239447819182080579e+00,3.407587721722494578e+00
2.229454127814301856e+00,1.861009238899209661e+00,3.294635035310430560e+00,4.534640018770494052e+00,2.321011519363719522e+00,4.285714538718681688e+00
2.701676887389557802e+00,1.250708945986078291e+00,4.695843253147836016e+00,4.295659997032155175e+00,3.311870792559105769e+00,4.567615182249026518e+00
3.368305704965102176e+00,3.274500826193964098e+00,4.491118066311880597e+00,4.091610487225485038e+00,2.402744736283083604e+00,4.663331053892904698e+00
