VR1,VR2,VR3,VR4,VR5,VR6
2.034518182680824516e+00,2.314746085266928599e+00,5.150950197924317742e+00,3.749204539553898208e+00,3.143485503476316278e+00,4.194985556719601050e+00
1.708078259641436336e+00,3.046128696062817554e+00,4.754230339636287717e+00,3.364654667644346731e+00,2.709926979208328035e+00,4.155925711151776447e+00
2.831269711349033713e+00,2.935998966740880345e+00,5.522361038119885990e+00,4.605319714469247039e+00,3.620500373258435101e+00,5.470142821046078296e+00
1.928262064629007844e+00,3.399099115379941249e+00,4.951482883632724707e+00,4.975235702242033042e+00,3.878904031482736325e+00,5.259413897477132060e+00
2.227329513509712200e+00,3.943728695881802970e+00,4.840921406052896891e+00,5.554353364915267655e+00,3.689277250600961899e+00,4.731151984052839765e+00
2.175156414741736377e+00,2.613731878814685938e+00,5.685985890723445735e+00,4.764875230833477637e+00,3.507790254874463276e+00,4.111816791158594775e+00
3.299652043939711454e+00,2.855003873144492665e+00,5.188138172690032413e+00,5.066128349306861622e+00,3.752649819543936172e+00,4.525451730768443426e+00
1.127370690812005805e+00,2.933763861803944550e+00,4.864150717756461795e+00,5.829864994607774520e+00,4.717061919158476613e+00,5.948770665960934068e+00
4.659026314701084637e-01,2.149857672866768432e+00,4.188088896224699376e+00,5.877943606427947998e+00,3.654777435483601344e+00,5.774667283224339975e+00
1.009189815475797891e+00,3.109595358324220182e+00,5.231548916300040375e+00,7.060388558981786744e+00,4.362102582671766982e+00,8.093422377625074660e+00
1.198530211992333339e+00,3.635292948279377434e+00,5.438220321247713152e+00,6.799404524554501172e+00,4.286958402738328289e+00,7.646874407808230245e+00
1.787834035505508901e+00,2.434201585804971035e+00,4.826451025349364876e+00,5.446824819458989886e+00,4.238222937647270427e+00,7.120021011547559731e+00
7.566854443030708310e-01,1.843376051188831299e+00,4.542835819867550917e+00,6.209231269116424201e+00,5.394694264166025377e+00,6.483501366596168936e+00
1.119111639939893710e+00,2.470648554074247993e+00,3.132228806889825634e+00,4.907206737268074548e+00,3.903501027147994851e+00,4.582146502250026288e+00
2.675152056916884735e+00,2.348095267298806021e+00,4.408865297751924039e+00,4.646650871552191475e+00,3.142405472845664072e+00,4.535998103728639208e+00
9.955906387520605527e-01,1.979800853421163742e+00,4.316152153627024646e+00,4.473706750642328700e+00,2.695667040224025701e+00,3.547574414549294897e+00
1.540178091014902773e+00,2.949503929264229551e+00,3.696039894843615059e+00,5.014281635890971422e+00,1.968144606064537117e+00,3.683825423284535994e+00
2.464758631868579020e+00,3.342283819362951824e+00,4.676428257387995835e+00,4.723762057349741639e+00,2.945961369151260278e+00,4.096981319435684554e+00
1.862033383756664051e+00,3.197311065092649507e+00,5.608640705065971233e+00,4.039710631897102999e+00,5.222579390331954841e+00,3.573206480198244606e+00
3.128559993537769479e+00,4.288404844864982302e+00,5.312935150886440638e+00,3.258021353528753217e+00,2.544659589057295612e+00,3.063580693783936049e+00
3.208417954304279895e+00,3.974407031321590900e+00,5.079588288560549003e+00,3.416532063803207286e+00,2.110642482452504076e+00,3.509896944450388467e+00
2.678359103309934319e+00,3.353708236572559009e+00,5.441274255903001844e+00,3.913507488476806184e+00,4.220307247773368964e+00,4.018125948860754804e+00
2.581145950381489751e+00,3.859838712088898394e+00,5.086682588222992685e+00,2.770610343405367715e+00,3.125255951953059164e+00,3.659170336299349291e+00
2.571345540878447800e+00,3.730887026886264835e+00,4.553642228930451452e+00,4.127918310592559870e+00,2.908767041969858358e+00,4.189124705701233964e+00
2.848930808483482569e+00,2.867471416481474744e+00,6.948736556005973952e+00,3.805030109048337383e+00,3.411424504975179239e+00,4.056813440740312693e+00
2.409266689480207280e+00,4.043768466995890876e+00,6.460703607884197730e+00,4.689255107068813544e+00,3.015486310550250959e+00,4.378614870352245170e+00
2.112356510388108788e+00,3.697391366938522328e+00,6.691095460575368747e+00,4.741989511505614097e+00,4.513789064178518551e+00,5.150941763587147726e+00
2.779007729485114986e+00,3.237314388866906256e+00,4.903081787131082336e+00,4.622279296943234250e+00,2.356420493643061498e+00,4.695553374012288117e+00
1.853910370298181620e+00,3.104509020106260397e+00,6.051990806657903121e+00,5.746286534307225580e+00,4.538077235069446935e+00,5.045903353756601817e+00
3.235123332453484934e+00,3.574839572833212742e+00,5.152266123067718695e+00,4.631497660518757442e+00,3.510580475566538183e+00,5.065200597710502350e+00
2.293775151254089817e+00,3.768851596745167232e+00,5.850697809362358726e+00,4.801177166395177665e+00,3.603431808535991543e+00,4.286994391998915965e+00
2.677866268130207228e+00,3.044975117400749109e+00,4.369697870123034456e+00,4.058258544962548342e+00,2.531524336906349593e+00,4.144209354622884867e+00
2.218650616395650754e+00,3.021799305909686151e+00,5.569698164477526525e+00,2.682364948076624511e+00,2.456918428336686056e+00,2.779118512506526972e+00
3.072345720107233724e+00,2.971755987480330319e+00,5.623536170284893387e+00,2.985798482042296698e+00,2.499929860138741855e+00,1.038090062236816991e+00
4.404840251035551546e+00,2.759385267835818389e+00,4.446003662062020467e+00,3.515365313473672870e+00,2.451727901498449214e+00,3.377447286043751884e+00
4.036142733323394793e+00,3.611495088703326140e+00,3.756779800714190820e+00,3.884255221761033106e+00,2.269279364845776303e+00,2.941887983392641459e+00
2.259815119765703706e+00,3.802076969646126070e+00,6.312069376188876646e+00,4.141748837515087267e+00,3.337599657011178778e+00,4.200662200058334683e+00
3.329123586324037820e+00,2.921560573293364715e+00,6.323170249870996074e+00,3.133179705448104091e+00,2.586119760687260793e+00,3.885502046666267972e+00
2.051273752972272213e+00,8.889133289291808460e-01,4.844607492189897613e+00,3.106236134178234742e+00,2.929361293067155092e+00,3.391026883129701019e+00
1.334443915892683963e+00,2.288574935911666497e+00,4.851403700838325506e+00,3.155369958735046332e+00,2.490071891767595247e+00,2.997932332662217814e+00
1.494580007510279085e+00,2.908052829041361420e+00,4.343845508134107192e+00,2.235532526420469956e+00,2.611451414932043136e+00,2.720931120434291195e+00
1.910296214143889948e+00,3.319023984405502059e+00,5.975172178333654216e+00,2.102735452126380800e+00,2.121874237925553519e+00,2.675238162987165325e+00
2.833062463532056707e+00,3.261086539901971726e+00,4.497689132757203723e+00,2.428175624549887335e+00,2.965474384971403587e+00,2.962183114774216364e+00
2.910488447664825618e+00,3.073369394603358451e+00,5.941404009800715258e+00,1.185560719329291857e+00,2.410915415557861152e+00,1.915718631940880989e+00
3.487898617624197506e+00,2.972407071822207758e+00,4.610672441274417110e+00,8.641681671189629377e-01,1.987209996364605935e+00,2.078708221756864649e+00
3.301708180975545304e+00,2.931371982362811490e+00,4.715373518718947388e+00,2.241425783881821232e+00,2.948067264171541080e+00,3.634694029778349211e+00
1.843339038369729010e+00,2.996203864465225131e+00,5.132848054806830262e+00,3.318636109772843845e+00,3.265243295265774393e+00,3.639098020242458986e+00
3.291617411451472464e+00,3.756687615324589835e+00,4.941542604732611643e+00,3.447904895390821789e+00,3.468800219387663031e+00,4.135742675832364768e+00
3.434744379707819206e+00,3.442927965556795478e+00,5.189190767834919171e+00,3.344295112367795753e+00,2.863749092000221985e+00,3.173949048458787559e+00
4.064148378452934196e+00,2.668039817804257474e+00,4.390825819137787356e+00,4.092822833851323949e+00,1.987249277124116587e+00,4.044300753530522208e+00
2.683516656953830903e+00,3.302785468743328678e+00,5.660959136955984405e+00,5.081110999451716737e+00,4.457891639545688456e+00,4.325779181286190322e+00
2.444508634587656992e+00,3.514041420909054469e+00,5.952188120976233066e+00,4.997954139956353181e+00,4.071167675338411840e+00,5.550925063396975112e+00
2.339288516753742719e+00,3.061038271218798457e+00,5.709879653346735751e+00,5.382725508881387455e+00,3.651781655901518597e+00,5.733002674027222412e+00
1.784880135100692655e+00,2.829098284454269141e+00,4.899535224980721360e+00,5.250113680836257402e+00,3.991401001396085668e+00,6.585958932641393204e+00
1.180707209140285929e+00,3.001222689286177747e+00,5.309644438046000836e+00,5.821575075279168843e+00,4.561200121241613559e+00,6.355030007739361331e+00
1.020635575190259825e+00,4.105211015841135236e+00,5.243949629321031480e+00,5.599509386502461439e+00,4.514707162110927818e+00,5.891484883218549129e+00
2.085525223271376127e+00,3.432444989388671708e+00,5.694234051015343745e+00,5.272923238054110229e+00,4.076616763320476622e+00,6.295544797670839188e+00
2.656946794283963520e+00,3.562830491296564261e+00,5.123399017785060572e+00,5.652285890181160788e+00,4.762058852899306416e+00,5.167878121809271974e+00
2.736919123940359633e+00,2.425559521317303791e+00,3.791342308503670822e+00,5.296859326432990400e+00,2.607698709304244744e+00,4.810249563985145471e+00
1.904317448233024734e+00,2.157474355100490016e+00,3.844820160161227296e+00,4.429912235480425231e+00,3.881052305180507034e+00,6.269016285384021003e+00
2.175426540721424828e+00,3.131095779491041231e+00,3.668378859945108594e+00,4.408095445227445452e+00,3.841719481044913564e+00,5.523091327654082505e+00
2.247741388282999520e+00,2.630696219573500194e+00,5.274333511724636381e+00,3.948118883046446648e+00,4.725713836724585448e+00,4.671630995773595529e+00
1.256895736579781486e+00,3.549938398542304085e+00,4.995734379966910055e+00,2.459023012673966058e+00,1.477038170100984038e+00,3.138841769688444305e+00
2.732774222663131081e+00,3.547127943372494485e+00,5.618157761586783039e+00,3.184794529860443646e+00,3.714126350437888746e+00,3.865164112494516857e+00
2.356829587576182661e+00,4.069517655998166283e+00,4.124584241495354853e+00,3.781097542722516636e+00,3.906450783524609172e+00,5.230231695260457947e+00
3.248548491286234352e+00,4.367959313090518769e+00,6.646668511450320338e+00,4.743432339657069008e+00,4.273626133349813117e+00,5.289311989863513475e+00
2.974592040729076459e+00,3.668650715418431574e+00,6.445493596783862245e+00,4.320998881561235905e+00,3.490404815361882740e+00,5.102593624511251313e+00
2.035960440607830879e+00,3.095246487557330006e+00,6.758256895681109100e+00,3.727106392505572963e+00,4.695816107266053585e+00,3.657131471011024093e+00
2.821588682088228772e+00,3.051208305992259895e+00,4.719992387021125779e+00,4.256098910524916512e+00,3.358546024715280076e+00,3.764394161843594766e+00
3.650634401094603021e+00,2.508381830406054558e+00,6.209680853325675542e+00,3.854618190427397284e+00,3.707950654555948855e+00,3.650750960285638946e+00
2.874943373428648030e+00,3.220159470746954966e+00,5.139619146461334331e+00,4.162097095885979314e+00,3.776846616648858124e+00,4.453740285988596170e+00
2.107159735738869166e+00,1.991227616603200579e+00,4.018054882368924829e+00,4.368333427214428077e+00,3.846025339604584037e+00,5.898794904809041562e+00
1.204142519801103539e+00,3.248382732029975184e+00,3.793365556553355944e+00,4.045427792653953247e+00,2.999914737835913670e+00,5.313136605598957729e+00
4.320003840667054895e+00,3.956838240237554594e+00,4.598607011144702383e+00,5.501014533735352430e+00,3.817419280352397859e+00,5.893286157490626564e+00
1.779697692685407118e+00,2.912197107663958118e+00,6.470608782637230938e+00,6.276209121922100564e+00,5.297606139050635932e+00,6.986826576657767518e+00
1.515099986615685790e+00,2.105036084570822474e+00,4.777005587477124671e+00,5.550610808011083641e+00,4.637736129019602416e+00,6.884243718536370515e+00
1.290089928828336951e+00,2.433034613677044433e+00,4.493878866179849219e+00,4.383148298249881947e+00,3.911689979854715560e+00,5.865616028348288324e+00
1.048117398723015903e+00,2.805785727041505417e+00,3.900904749612998046e+00,4.728225671758649717e+00,2.920789701041349495e+00,5.441308232970987646e+00
2.462745114528163359e+00,3.265073929107295214e+00,4.367330188824655401e+00,5.765461504618143884e+00,3.517472354554515235e+00,5.597317722024078179e+00
2.546503020692772346e+00,3.970144295483219121e+00,5.017548955491747620e+00,5.110041603171737279e+00,4.013973820770122103e+00,5.867125959428013182e+00
1.516727726828498435e+00,5.250508797822496021e+00,5.266560198602618925e+00,4.331388506459603605e+00,2.714358323228879932e+00,3.798059793667541761e+00
2.845231553118340528e+00,3.624094165826197589e+00,5.006803996294084236e+00,3.497857626529533359e+00,2.259094896291240495e+00,4.162175518188442780e+00
2.415183326855508295e+00,3.439154265089057194e+00,5.164988596847831737e+00,4.484751280235001580e+00,3.718765536818048112e+00,4.108994691805201604e+00
1.912165716682370009e+00,3.355856839655622537e+00,6.129321217419758661e+00,3.806271499745814690e+00,2.973080144926822044e+00,3.940059470758106031e+00
3.149071514622810319e+00,3.765376979109394284e+00,5.106211133262399393e+00,2.546651488053683465e+00,2.532790585834773900e+00,3.689726804002489757e+00
2.101773832269766995e+00,3.193271346149804568e+00,5.382213297422136833e+00,3.391743179689996168e+00,3.776514988442449816e+00,3.897087037544809451e+00
1.965131303507736016e+00,3.806443435214394988e+00,5.515429662231577268e+00,3.866604382001767259e+00,2.885967237765862059e+00,3.767694740809486298e+00
3.307852152212597652e+00,3.612328284957479596e+00,3.989823558250797930e+00,3.567521014831308346e+00,1.597816382408479230e+00,2.649370346930845166e+00
2.965138169113616939e+00,3.076439897458185246e+00,6.185920822637886118e+00,4.556157118717193200e+00,2.561788137003854882e+00,3.795759216931011260e+00
2.763982825769942586e+00,2.772992327997781725e+00,5.446685461147116492e+00,4.808604595199319931e+00,2.191963254881359902e+00,3.518684930332260485e+00
1.535341380812979661e+00,2.805797645880444779e+00,5.655723592862530680e+00,4.352514391881541655e+00,3.022344142654265653e+00,3.294535293831221345e+00
1.951527365070844455e+00,2.401229438196291976e+00,4.029977574378613703e+00,3.910993931367129584e+00,2.928827275341435499e+00,3.776403695362987367e+00
2.009210808276040261e+00,2.635318528380369507e+00,4.088370822576910868e+00,4.200709720004957681e+00,2.661053241113000567e+00,4.039818406416402219e+00
3.227100781645861005e+00,3.233009195359548116e+00,5.041731314926342300e+00,4.472926580608644898e+00,3.820184665855044237e+00,5.025470758483707279e+00
2.149430806710935116e+00,3.075772407065648029e+00,5.083378162193885608e+00,5.005682501412248797e+00,3.670509403898495560e+00,5.386896050444103246e+00
2.211698329582977518e+00,3.654960364508902604e+00,5.465124401193083514e+00,4.619547193738487323e+00,4.120587044152465239e+00,4.666951443242843389e+00
2.774149099176347555e+00,3.272333875053187846e+00,5.796185755634266634e+00,3.810742435506106141e+00,2.497975445464641009e+00,3.979522533069213885e+00
2.123004695483322823e+00,3.123705817781913030e+00,4.777864119599706250e+00,5.035586613485514285e+00,3.794605896074012108e+00,4.919561516725954320e+00
1.530938203492552274e+00,3.600945210972629429e+00,4.258808048794822554e+00,3.732734316888904225e+00,2.756001805226280688e+00,4.329931342558147378e+00
2.788366870688473220e+00,3.103551653643932706e+00,7.249414185167291969e+00,2.607262723052708786e+00,2.781415439140320967e+00,4.379300041368819230e+00
3.214051543605613404e+00,2.479021088448633225e+00,5.774954312671422230e+00,3.387493731373473871e+00,3.121619555433083892e+00,3.656407075333909518e+00
2.208409327967569169e+00,2.555628030500719738e+00,4.459635357013769230e+00,2.624725000219454873e+00,3.815692484986719091e+00,3.960383721964514159e+00
2.224709050449380943e+00,3.789265826562992157e+00,5.256466230061715983e+00,3.643801690576486063e+00,3.239589366619893163e+00,3.894591918344607606e+00
2.365656871184742993e+00,3.626982309408358418e+00,5.711484384053615138e+00,3.490413919591258463e+00,4.190360899748280410e+00,3.498130666054922511e+00
2.105254603819647574e+00,4.055617741160340906e+00,5.234280652584094362e+00,2.628390664595552373e+00,3.989868519308323869e+00,3.632010914990942307e+00
2.074451924317468610e+00,2.842062336342770834e+00,5.195074924114444492e+00,2.503165892958107985e+00,2.474399307833812234e+00,2.643574666270542384e+00
2.596756517577127443e+00,2.596754243375128723e+00,3.039152964932744005e+00,3.576816042046898847e+00,2.109545713386058452e+00,3.335981693498956346e+00
3.101736114274705969e+00,2.058613253087714146e+00,3.994023406790636166e+00,4.678158505908736053e+00,2.785289489290551312e+00,4.011075588651357826e+00
1.874176927775278667e+00,1.786834865424807184e+00,4.344382375126460971e+00,4.828684925259824290e+00,3.167352368942109919e+00,4.280320139480433994e+00
1.833368248379491972e+00,2.679568282807809787e+00,4.281305537838227870e+00,5.016210696171533812e+00,4.706213437721262771e+00,5.090073536418890932e+00
3.368402050447873997e+00,2.913720536320938415e+00,5.620281435200306319e+00,3.940343514981482276e+00,3.251443763190518421e+00,5.008012821798912384e+00
2.413525077407451924e+00,2.760487108275308188e+00,4.220805651833542171e+00,4.175214912576109327e+00,3.280917538109705767e+00,4.915872576171857133e+00
2.083140924943190253e+00,2.449530643045097822e+00,5.175970446245470313e+00,3.546271460292087063e+00,4.359883443572346806e+00,5.270463833682606847e+00
1.039395763711854270e+00,3.547837086573602861e+00,3.576942294940514522e+00,2.663298200596025733e+00,2.419711584287824291e+00,3.768661903284899140e+00
3.118919165355356071e+00,2.796462287392402768e+00,5.928971240344831806e+00,3.231443157688634660e+00,2.466853976931042247e+00,3.248626479978386605e+00
3.555461304019220670e+00,3.207403873517942650e+00,4.481000115848837062e+00,4.609900685684054977e+00,3.166538470827706675e+00,4.476627948021378423e+00
2.278301067656864909e+00,3.258473547146771399e+00,6.329640905070554879e+00,5.704322393586900297e+00,4.219897554454679067e+00,5.537935990048207913e+00
2.116884731965074540e+00,2.263277843859672345e+00,4.293418665290994696e+00,4.791104792543086077e+00,2.063076198420605856e+00,5.712348378376030489e+00
8.767568216620837962e-01,2.923259921654826954e+00,5.703373571358191896e+00,6.225424116446407474e+00,4.768351547938928903e+00,6.391989954506154703e+00
1.807707345978702307e+00,2.477633339214230457e+00,4.602186059867347190e+00,5.956165016905147880e+00,3.377016499992132381e+00,6.261730367669773756e+00
1.548562738142983397e+00,2.431574690165362540e+00,5.057458670354099795e+00,7.178116900703511050e+00,4.242148432008317371e+00,6.750736089517687333e+00
1.208498245663839343e+00,2.958615079657083591e+00,5.586333154522769462e+00,6.972350438239329762e+00,4.041172277477829589e+00,5.811231432390361995e+00
1.330986336229389000e+00,4.018174496202815860e+00,4.939392352610281200e+00,6.363091464184902790e+00,3.997326840383006896e+00,5.467596382056642668e+00
3.157094876151095075e+00,2.925777459560538585e+00,5.424227339052251295e+00,6.333742431458803779e+00,5.805037490694430424e+00,7.894462497626690833e+00
1.051575875527928527e+00,3.113208564842072867e+00,5.789218211550060111e+00,7.348071231330186137e+00,5.826364174498217530e+00,7.572219082395247547e+00
9.706568882610211446e-01,1.907146145233509005e+00,4.481042040537305482e+00,6.945306336713647610e+00,3.511833209435932801e+00,6.573932922163959525e+00
1.182056569929326395e+00,2.588211569636932552e+00,4.141913776192419405e+00,5.903547602439012110e+00,2.505566191988925606e+00,6.238251852370137129e+00
1.880811115191731719e+00,3.756775740121158780e+00,5.423369952786387671e+00,6.078199341508071285e+00,3.467622712773981597e+00,5.908063720140111386e+00
2.939372752765510466e+00,3.278720669173186941e+00,5.195293712573627154e+00,5.915852540866144871e+00,2.931945049478297260e+00,5.491399183301023612e+00
2.183743063858240241e+00,3.518832705317493925e+00,4.306372730249919734e+00,4.792494867548091619e+00,4.344500561976460062e+00,5.505952730717728727e+00
2.659852164595386981e+00,2.496369888294594830e+00,6.527257462545213329e+00,5.251109829377876181e+00,3.887147837996141053e+00,5.104448099126042138e+00
1.580346655239381448e+00,2.922836092231121619e+00,4.962799943616712284e+00,5.028051377281993695e+00,4.547425070243710898e+00,5.264920570986301840e+00
1.218928683624922682e+00,3.759089273229978101e+00,5.451119543129580691e+00,4.179677479937469187e+00,3.048636802607366469e+00,5.561549013035321565e+00
2.246656211141511150e+00,4.235332721144454027e+00,5.644418749440858640e+00,4.679322882426161456e+00,4.445095862920951824e+00,6.190895220130673948e+00
2.164800399746966697e+00,4.093429818793918429e+00,6.714450798701181000e+00,5.005496918589704691e+00,5.265204901503096835e+00,6.268372831021927105e+00
1.926538698220775281e+00,3.089008462228549412e+00,4.843335232314514904e+00,3.946662768627660078e+00,3.727918733159390374e+00,6.129360739079235287e+00
3.228839183801268220e+00,3.992590816828866629e+00,5.702874582521848978e+00,4.046302346269434302e+00,3.746601763381077976e+00,4.570586821993913418e+00
2.210790943767824590e+00,3.565457831663116472e+00,5.535804746135392307e+00,3.987121730679524134e+00,3.755002973813012623e+00,4.869142979224123202e+00
1.711798748801589554e+00,4.026246817711145454e+00,5.209683597777844177e+00,4.527248362160530171e+00,4.239517645060992379e+00,5.171150503969630385e+00
2.591353193026384449e+00,3.984343184347151734e+00,5.133533616577781622e+00,4.423679135932633955e+00,3.125879578470109887e+00,5.280132263453126029e+00
2.773915647738644630e+00,3.508831255473375599e+00,5.283831079458233937e+00,4.004542570931099554e+00,4.553223988488952045e+00,4.338580888457252094e+00
1.997281165332605024e+00,2.711074610299206267e+00,3.511591939040155541e+00,3.286128343078228209e+00,1.864277726339184538e+00,2.492627438669957840e+00
3.036333040104784775e+00,2.317546056184496273e+00,4.882188404637374468e+00,3.197394553100373571e+00,1.958823171441565592e+00,3.318732440232884606e+00
2.402141552096465738e+00,2.760853644201328727e+00,4.697725504780539296e+00,3.432468460919417819e+00,2.562922522101368727e+00,2.347529358879422823e+00
4.417452456731062682e+00,3.742065088744943591e+00,4.792031399876994335e+00,4.305538520273744396e+00,3.100794673406337409e+00,3.145014133809736823e+00
3.013917443599793078e+00,5.001335599512229280e+00,4.748953127879388170e+00,4.034032271938711389e+00,2.585188124351245786e+00,4.076950955821860845e+00
3.415820255966626640e+00,3.125529474346518288e+00,6.477163793130773506e+00,6.282563788341738231e+00,5.044479465622067949e+00,4.812608745255980480e+00
2.033550655815029806e+00,3.228597398914084593e+00,3.683101355031839219e+00,4.436499707244707658e+00,3.311807282065454050e+00,5.012322699058854525e+00
2.962991395036095543e+00,3.533550826364301400e+00,5.608587886699526237e+00,5.343745798535081803e+00,4.868564330196153200e+00,5.457540531483313195e+00
2.502774981384438657e+00,4.589678054962885945e+00,5.166497056495338747e+00,5.540496728272542803e+00,4.384962934102050625e+00,5.783559773046967223e+00
