VR1,VR2,VR3,VR4,VR5,VR6
2.403647610351863584e+00,2.248969226925896958e+00,4.907499656691850731e+00,3.439453542158380284e+00,3.394363991859951746e+00,4.495725701320298917e+00
1.975610981083472772e+00,2.802510299148680328e+00,3.822463927323679123e+00,3.702304146103299054e+00,2.866681280345875216e+00,4.895424816702296233e+00
3.257271252640003834e+00,3.346621835464662187e+00,4.667782147964344652e+00,4.625399934379684552e+00,3.237422375276090669e+00,3.791008600967736619e+00
3.132417794467137639e+00,3.297248768873810132e+00,5.671602419556005081e+00,5.638209685192039800e+00,2.400037374945929169e+00,5.178145476560677807e+00
2.634172691309886183e+00,3.105636643993088697e+00,5.200034124043201089e+00,3.762610151980237738e+00,2.939058032016778288e+00,5.012187694587267650e+00
1.959797202914211223e+00,2.835279311897015209e+00,6.539953798994959655e+00,4.507692941575958123e+00,2.401530164555530700e+00,5.878345575901465558e+00
1.137427383198238662e+00,2.127488189390725815e+00,6.086783605356611560e+00,3.525625077786358030e+00,2.846219394643725309e+00,5.174788591829616813e+00
2.076246493497338363e+00,3.408636214578835144e+00,5.476430792702966954e+00,3.131233116151253881e+00,3.294788973973766133e+00,5.068654196928345179e+00
1.953155867039377824e+00,2.787580816736789480e+00,5.887499669772278565e+00,4.357622777305259376e+00,2.336021173902464554e+00,4.882889810939563091e+00
2.223175266910943915e+00,3.102966921862847283e+00,6.406684739337702439e+00,4.181776297122137720e+00,2.792374485980994692e+00,5.727519485699072987e+00
1.759787192099593112e+00,2.036654879172597798e+00,6.188707656856768047e+00,4.470959573701852818e+00,2.841993984968747000e+00,5.299114024717588300e+00
1.072853168833182380e+00,2.277246371359295640e+00,6.352476710675830418e+00,4.012845071022788090e+00,2.987849623082071471e+00,6.263566746166414845e+00
1.180676983708973893e+00,2.504108943571728751e+00,5.277616515031834155e+00,3.952239542194329491e+00,2.758711698865020878e+00,5.425788015298628864e+00
1.457005759864833827e+00,2.675333382310245867e+00,5.066132841421748800e+00,2.806065540626557109e+00,2.628658453903143233e+00,4.115327881280975930e+00
2.018129904107728745e+00,2.989798180493129731e+00,4.885848028544607757e+00,4.537504526485076184e+00,2.222048143867850545e+00,4.590052903321930167e+00
3.216226769200395186e+00,3.562032113948324863e+00,4.444591526294439987e+00,4.431048863802031335e+00,1.329822512130992340e+00,3.930956977716872025e+00
3.177286801132642502e+00,3.636572472590651195e+00,5.936964703245698693e+00,4.330730932829686353e+00,2.614594245127631389e+00,4.116900894632767205e+00
2.521186348667844079e+00,3.050050240977681515e+00,4.925497388423191403e+00,4.035126598367558159e+00,3.355359210901855072e+00,5.282126334981303017e+00
1.341290648255860640e+00,2.805961954008553860e+00,5.203850832290186190e+00,5.179531196953867322e+00,3.456900801473686169e+00,5.058608245465531894e+00
1.747103328871322692e+00,2.388733692230875505e+00,3.752685851500711323e+00,3.288489173241652797e+00,2.850234049073276932e+00,2.844260993314065455e+00
2.377729244107985807e+00,2.885359205845909880e+00,5.748397594184219805e+00,4.531105596419687132e+00,2.354749997132621786e+00,4.741772762919337580e+00
2.934554367219064375e+00,3.381662533709005825e+00,4.386137721619210339e+00,3.846955232314350326e+00,2.568043027456322402e+00,3.618367361809695204e+00
3.213162453690564746e+00,2.891083646555754338e+00,3.704687254032306143e+00,4.182981526856279331e+00,2.032232351532043957e+00,3.634216707724250206e+00
2.705139018265221740e+00,3.445937369571679731e+00,4.918703490344913831e+00,5.163827273722562339e+00,2.451998450159020404e+00,3.517253831493805105e+00
2.209331678977477065e+00,2.950851364224234885e+00,5.070262203222498876e+00,4.370949905772569366e+00,2.939374254561971433e+00,4.156958833229686512e+00
2.531971267814022486e+00,1.991628102648512089e+00,4.494933739832347896e+00,3.594778832908702260e+00,3.073400016420106518e+00,4.405590254764843117e+00
2.124232447792695044e+00,2.661737479809159090e+00,2.499497405831546448e+00,5.216542867476182899e+00,2.636323373808366899e+00,3.467665519862026535e+00
2.511732293838222496e+00,3.532132549153411016e+00,5.971237585409206794e+00,4.962643653917956144e+00,2.391349384290262670e+00,4.273156901709187494e+00
2.403351414581602619e+00,3.259566573402048029e+00,5.005322946961397790e+00,4.381356042577884580e+00,3.313142832267485627e+00,3.807312059959163886e+00
3.525137389535006882e+00,4.250627695927026828e+00,5.218558106640651673e+00,3.668462038996351815e+00,3.135749756456702730e+00,4.654874970137838019e+00
3.046610679801827981e+00,3.536190897626829255e+00,6.153879612745365435e+00,4.207487340318595948e+00,3.918499240619143009e+00,5.148759559433326416e+00
2.270036544432846526e+00,2.928841203375416313e+00,4.898907213735978594e+00,3.837299369270565474e+00,3.716062533032007398e+00,3.933203860576206523e+00
2.205460582981337847e+00,3.937123203310084030e+00,4.022390941162600875e+00,4.503120900920554170e+00,4.560194645700981653e+00,3.482445751414437574e+00
2.185315235008595813e+00,3.068472624125144765e+00,5.621197233052790843e+00,3.595286329784582513e+00,3.013649039003110985e+00,4.123820380992798462e+00
2.064392730517971675e+00,2.689087486794950799e+00,5.117074510734594739e+00,3.096133148231636323e+00,3.686569500044543091e+00,4.343203600177028001e+00
1.976408357726129106e+00,3.923607690497740830e+00,6.523881178341351728e+00,5.207592696840623425e+00,2.546991986463465363e+00,6.532091231628356809e+00
2.014150892926051206e+00,3.247491372743295912e+00,5.668531873131473553e+00,4.163399345927602191e+00,2.202338503212753373e+00,4.487608976615288015e+00
2.108220059082817066e+00,3.162503890983208610e+00,5.401777308940816091e+00,4.221346003916121248e+00,2.818580120892436813e+00,4.716137693960276600e+00
3.406292230094559059e+00,3.551397224904924599e+00,4.627363414876023207e+00,4.108949293605885345e+00,2.541525707774376475e+00,3.837582166997159483e+00
2.226450211482756014e+00,2.420239481031370321e+00,5.693342095959223137e+00,3.692170123327900289e+00,3.652548377783863209e+00,5.417402629080138254e+00
1.710523623196732679e+00,3.733846227589362687e+00,4.110063273875296019e+00,4.420220330431257061e+00,2.941661282477001205e+00,5.244801900205498413e+00
3.178982933658316856e+00,3.580505018575321330e+00,5.590844454737920799e+00,3.775305281104643917e+00,3.906492567196678589e+00,4.570592705689017876e+00
1.866822690669946994e+00,2.578497588464661039e+00,4.752841980559508350e+00,5.250286593906482224e+00,3.786804367793594306e+00,4.338793787115709399e+00
2.167776711603949469e+00,3.014034409186964414e+00,4.148521102710079234e+00,4.219709401397640391e+00,2.990513214022755051e+00,3.625303663418351086e+00
2.687930048268579952e+00,3.539788139668126554e+00,5.066371188589823049e+00,3.100477320432877271e+00,2.839349510524007414e+00,3.953607669979596562e+00
2.354727199258237036e+00,3.707759027148626707e+00,5.644966144825469101e+00,5.617268218836329652e+00,3.599180711507582675e+00,4.280972579659045429e+00
2.512329617948956262e+00,2.944281465696176880e+00,4.919023299131785265e+00,4.122769705965359854e+00,2.926480981365376266e+00,3.647591907326034111e+00
2.465949270598137399e+00,3.547319800991269201e+00,4.140828260808183003e+00,3.470129771702517463e+00,2.448591516231852339e+00,3.291478017101995945e+00
1.462602037991859172e+00,4.338127191472535671e+00,5.865114040064371537e+00,4.301835137253443797e+00,2.467946803481838369e+00,4.240811551925697920e+00
2.086248757055990222e+00,1.735143649206239758e+00,4.692136638532877768e+00,3.210720475253966200e+00,2.095860021867088641e+00,3.064391754522720390e+00
1.846441164754476949e+00,2.570267780917627753e+00,2.443244327318759623e+00,4.301242259512158661e+00,2.620314925108756743e+00,2.546618844000095194e+00
2.551072389435810717e+00,2.129389396468679863e+00,4.330347781807756036e+00,3.440346839999623096e+00,3.842954784222602616e+00,3.510728746260127764e+00
2.855998349287963034e+00,2.724212352309048235e+00,4.987152856089366537e+00,3.605401820695258497e+00,2.902797172908166523e+00,4.286485950345270801e+00
3.012427037106758299e+00,3.770496990622654643e+00,4.561174575249911101e+00,3.518276336061163079e+00,3.305407602636476483e+00,4.397650514472799976e+00
2.909417052632903733e+00,2.204841942628607665e+00,4.011231653126442254e+00,3.083256283574172141e+00,2.949815691791577432e+00,3.353182874139234215e+00
3.126691060171845393e+00,3.267256309908761036e+00,5.796972913132687921e+00,3.702321603217466617e+00,3.270550845430416409e+00,4.466043213644509180e+00
3.160364612676028528e+00,2.285739186118183053e+00,5.090595375549163748e+00,3.983794366632149142e+00,2.740430545796728623e+00,3.799943032459505599e+00
3.956460852642904591e+00,2.816164193399085303e+00,3.848600570564718826e+00,4.112525378469272574e+00,2.854575821013988435e+00,3.682902010808980720e+00
2.853489464437914513e+00,4.057776198196103579e+00,4.032339318179470666e+00,4.451059591666203019e+00,2.327837101549435683e+00,3.171065794391229709e+00
3.173321768648116326e+00,2.694049482771645909e+00,2.457148883456762523e+00,2.549126809282249440e+00,2.658108218103723885e+00,1.007973748407025916e+00
3.503285158865164561e+00,4.473582997001526174e+00,4.600062899225618729e+00,4.447338448863093596e+00,3.131235236663993504e+00,2.786249973476038200e+00
3.720221860985157392e+00,3.364361522085711265e+00,5.837015464809140575e+00,4.006121848214251102e+00,2.493205174443022365e+00,4.301576678270038201e+00
3.007300191203777118e+00,3.201618101623462831e+00,5.666921715364217071e+00,3.996839020409396870e+00,2.790754612992969896e+00,4.460619301407753312e+00
2.055069130149956180e+00,3.208764119668763293e+00,4.976108647446694455e+00,4.988975809419827989e+00,2.334830697830198254e+00,4.959804726109568129e+00
2.520854137006451889e+00,2.336288638904553849e+00,4.292088217774843173e+00,3.770321612178864523e+00,2.381462200105922467e+00,3.607263112765269675e+00
3.791641397112687883e+00,3.440316441136674896e+00,4.201868491341222978e+00,3.970624449709680981e+00,3.424720549097936217e+00,4.914251009529422731e+00
2.791796745307235650e+00,3.565502850705426940e+00,4.742195428890306097e+00,5.041330175401880886e+00,2.626189265037132792e+00,4.531899743166221128e+00
2.283023378858417107e+00,2.353982669954381546e+00,5.694452663443302143e+00,3.884426805838840036e+00,2.423604782293963034e+00,4.462040332805551124e+00
1.049139569841359698e+00,2.675918485950333547e+00,5.391281786844025703e+00,4.009790525088713586e+00,3.288839085703086695e+00,5.862927931904021506e+00
4.517660490004626883e-01,2.675097632074209919e+00,4.997062278889591980e+00,4.769201958642043770e+00,3.636850254845851893e+00,4.854837869103842962e+00
1.810508629720250173e+00,1.953420826879548322e+00,5.184580044250928665e+00,2.967681539430361504e+00,3.704164172381016140e+00,3.919856259960142530e+00
2.333783434504432375e+00,2.943916138964672413e+00,2.758468459168552656e+00,3.886788212699382239e+00,3.954451229105808263e+00,3.273885222860857702e+00
4.106068500527119802e+00,3.631218309033684477e+00,4.016501757603112566e+00,4.502339719131479789e+00,3.927538210849951472e+00,3.233770295720788113e+00
3.082267246228502788e+00,3.612037367696953272e+00,5.283981162706642642e+00,4.629349948555404382e+00,1.691721493587657665e+00,4.874314372108866422e+00
2.620566139634040503e+00,3.694686465725775637e+00,4.102514824038476782e+00,4.987021221526383385e+00,3.927048137745538625e+00,4.065180551233535944e+00
2.157580036894676034e+00,3.024917549349790846e+00,5.591926664701263761e+00,4.078311423897509336e+00,3.473537419774910262e+00,4.311901697180072546e+00
2.668365220713104780e+00,3.028369210781997278e+00,5.175235943405695593e+00,2.983107676953850707e+00,4.170822910511463810e+00,3.380107098183495307e+00
1.736632344375405701e+00,2.809129805508382205e+00,6.293018739057318456e+00,4.518650055965056644e+00,3.378084989282104544e+00,5.674016190484321598e+00
2.212006517409718764e+00,4.210460252621371247e+00,4.388903190313328651e+00,4.175433211742708650e+00,2.950661451984625039e+00,4.651201268002283840e+00
2.504751355983638739e+00,3.962019484821726500e+00,5.349421683815883455e+00,4.570414876312161923e+00,3.779180967208794151e+00,4.749766360293624423e+00
3.305051101799090674e+00,2.316237017303771406e+00,4.362185863434318023e+00,3.974551359009660612e+00,2.538680817670600831e+00,3.545142195749224179e+00
3.364371239196406016e+00,3.198943361136523222e+00,3.500829427982013353e+00,4.483450939742457564e+00,3.174671450488461666e+00,3.508379854326446612e+00
3.896224408385949634e+00,3.667252815045025649e+00,5.023293829902971908e+00,5.195254482000027707e+00,3.300802686144502118e+00,4.110521634261139923e+00
3.727286400357483043e+00,3.540915656748771401e+00,4.438822981606646678e+00,4.574706178172152526e+00,3.930098775121602550e+00,3.228938923067665279e+00
3.559437162917526098e+00,2.667912953654984598e+00,6.951991276987453894e+00,3.568359137424582883e+00,4.558060893852415418e+00,3.817416383832641369e+00
2.506345524737163544e+00,2.745206457672795253e+00,4.917706401102338809e+00,4.049428130918905744e+00,4.841682266287731906e+00,4.155857013406223821e+00
3.065560668580097570e+00,3.136556280880319569e+00,4.479070147400401325e+00,4.094830784162381221e+00,2.898534798181166661e+00,3.521028526906985867e+00
2.917034293472317241e+00,3.188041202840675936e+00,3.783154961101153901e+00,4.389524127553743327e+00,3.135648287860774097e+00,2.878482992918087291e+00
3.118796791017069303e+00,3.759938259911065117e+00,4.329575972213716817e+00,4.873318329496235890e+00,3.561295283071455486e+00,3.050326394491981841e+00
3.509343310570851138e+00,3.486239732319778462e+00,6.699110827366930643e+00,4.905793090570929493e+00,3.244444134203273489e+00,4.714916743378012143e+00
1.697644588877596616e+00,2.759931981135265389e+00,4.598238743408752605e+00,3.838063044498800647e+00,4.037091869576678427e+00,2.949618599086320181e+00
1.426295760273236235e+00,3.037622858980935980e+00,6.109093657380411990e+00,2.636652329661423710e+00,2.765853426478032340e+00,5.478487786891858669e+00
6.235158494256070050e-01,2.494973679769881159e+00,5.472186808457714768e+00,3.177096661930323584e+00,2.321738309753988982e+00,5.137813660179827657e+00
4.920917915113587338e-01,1.691587079112202296e+00,4.525024973072395262e+00,2.544334621839477339e+00,1.811131218891680161e+00,4.000190318318224136e+00
1.675771697659713899e+00,3.437103354410604439e+00,4.575956961640554432e+00,3.628160823777429211e+00,3.637136106209841735e-01,5.392533774583839978e+00
1.657570775970830912e+00,3.673193768494843692e+00,5.427350917902414196e+00,5.115614258884463084e+00,1.339907331874680141e+00,4.759539139802798857e+00
1.089085277769529014e+00,2.895840834007946452e+00,4.686558779096570149e+00,3.178591929154959139e+00,1.994322931290745560e+00,3.619570580378417723e+00
2.635435060585763267e+00,2.328121844214510183e+00,5.235216446850749605e+00,3.606373696426163455e+00,1.778465359311116156e+00,3.940680142185441603e+00
2.630364223863753459e+00,3.783628488395809786e+00,5.234548459446132895e+00,5.015520346264399798e+00,2.185122286714172191e+00,4.386458387904638379e+00
3.495574651739149274e+00,3.316797361341361494e+00,4.600115373177710687e+00,4.198041842705696247e+00,2.897681247840456553e+00,2.794235695169403400e+00
4.884541259670349689e+00,3.958042930404372495e+00,3.418288488797206259e+00,5.498845246444800772e+00,3.992798176698161505e+00,2.792888889011469367e+00
4.675130432983440443e+00,4.320654924511513784e+00,4.659502558139474893e+00,4.240952770080546941e+00,3.578319131157572830e+00,1.963688207968345978e+00
2.787442054766208877e+00,3.582345355371809426e+00,5.555529993255111876e+00,4.863657874065931530e+00,3.386331834978668631e+00,3.108430041135007649e+00
2.170431931750889110e+00,2.493856920407698130e+00,4.304546505713457094e+00,3.239009636019666960e+00,3.254013650047711703e+00,3.312137504135123756e+00
2.215035601867676451e+00,3.991546196808905655e+00,5.335145341299313948e+00,5.046584565392045363e+00,2.159828084884912514e+00,4.280205515667055316e+00
1.394604754551969972e+00,2.193285820385017182e+00,5.070893127874138706e+00,3.429615859000942013e+00,3.353180900677087628e+00,4.076774089518096389e+00
1.922863897138599620e+00,3.324164919140844887e+00,6.076226265358961598e+00,3.451802779303147162e+00,3.417714981749885528e+00,5.968420614727472540e+00
2.775998493788655708e+00,2.556928059881730775e+00,4.825130137177009004e+00,3.542367387896860009e+00,1.840801578086673551e+00,4.920490402299083854e+00
2.939646370009949994e+00,2.539080600771776108e+00,5.651698059462064272e+00,3.769569844407148373e+00,2.388662709744644452e+00,5.668052556034830936e+00
2.123945431958905949e+00,2.206069347747026121e+00,4.732334325582599810e+00,4.891093404736652772e+00,2.532249675690802171e+00,5.225232052819895223e+00
1.828476448259815257e+00,1.707632154304733474e+00,5.300410970515080145e+00,3.501029859227535290e+00,2.395222656445554765e+00,4.759905737341965981e+00
7.894088922070925385e-01,2.253507228603007562e+00,4.336449816016475722e+00,3.288080102428230678e+00,2.967657518296090036e+00,4.824597528972083715e+00
8.331082661761244346e-01,2.681497498813095071e+00,5.767710894711586711e+00,3.354428095677437938e+00,3.943859089723159350e+00,5.846638534965295619e+00
7.114479236970654430e-01,2.503766899530149637e+00,5.858049904291547705e+00,2.975590605492380192e+00,4.083560675768756809e+00,6.077497697117953734e+00
1.665877424869827816e+00,3.625591789591884773e+00,4.132562902178185560e+00,3.540891893733521201e+00,3.613430409895285411e+00,4.807731023912268142e+00
1.671697012131120097e+00,2.585284587741426776e+00,6.620966302975481277e+00,4.163939618584306501e+00,3.137978635649512960e+00,5.110844235300164407e+00
6.785482745723885323e-01,2.538596754795814370e+00,3.820603752539692088e+00,3.647186509340849980e+00,4.062238301671396101e+00,4.706640286864767653e+00
1.889718823215799315e+00,3.119805575618795235e+00,5.501318217810315048e+00,3.138177024785144376e+00,3.334479095987140873e+00,5.364382927779755228e+00
2.277864961351087292e+00,3.301534594561903457e+00,6.274915323748903262e+00,5.342985343275474364e+00,2.854680527336932894e+00,6.219668834148484926e+00
1.540437832640124238e+00,2.496142157474682932e+00,5.944202947306450824e+00,4.455751358542389795e+00,2.677152148082266869e+00,4.501893685934389211e+00
1.885060585023142110e+00,2.599247335764145461e+00,4.101402486413587845e+00,3.345433597672321735e+00,2.701173153485399325e+00,4.501965141835806428e+00
2.566728012852624197e+00,3.012113563739885258e+00,3.904683599711356479e+00,3.536697362403004696e+00,3.230879100915519331e+00,3.911556374745499109e+00
3.854950499646123241e+00,3.138513416880314821e+00,4.751108453685515265e+00,3.895368628180835291e+00,3.239650155192947523e+00,3.157914020099768848e+00
3.589624720313685735e+00,3.182685082960666101e+00,4.915574624999903719e+00,4.505515690261903572e+00,2.750136807631267111e+00,3.821780383469020492e+00
2.279146129768664597e+00,2.995205882837636224e+00,5.427003160950744309e+00,4.522730760010708728e+00,2.184174953050426637e+00,3.705064889317813748e+00
3.267046448857031216e+00,3.730344566752430868e+00,6.382012227135057891e+00,5.247227371273017305e+00,3.363829565887293427e+00,4.354764404096914454e+00
2.572621611943123110e+00,2.848200374001920387e+00,4.545378605870999955e+00,2.902027119433282731e+00,3.686364979659392027e+00,2.822507400551788947e+00
2.484703261032093824e+00,2.009201237956240060e+00,3.560681523023623285e+00,4.587708342037835507e+00,2.534622731279956298e+00,3.474840919584080368e+00
2.371626518023973507e+00,3.534654673836626237e+00,5.145101752969680753e+00,4.913034867591535182e+00,2.963889086103309811e+00,4.940230203854849123e+00
1.897929387330812290e+00,2.697588737421159344e+00,4.497073643195832027e+00,3.107067931311857656e+00,4.309023796876804369e+00,4.316215541339184725e+00
2.117516783665985614e+00,3.639408138126446257e+00,4.830017379663313015e+00,4.105833131301898753e+00,4.205175937175579470e+00,4.639586158352803302e+00
1.838353996664606749e+00,2.631097889657604938e+00,3.784789605082939268e+00,2.095077634581833159e+00,3.618923851430284166e+00,3.099230697493785325e+00
2.358551114518197878e+00,2.273898864921553020e+00,6.022029949873150656e+00,2.588381576631216596e+00,2.989679375601530076e+00,4.269619024431730026e+00
2.311372347572066666e+00,3.374059181686136721e+00,4.213360373808395565e+00,4.122935711365042444e+00,2.981574090804198995e+00,3.772446926294157787e+00
3.668053632284430599e+00,2.376007227969369140e+00,5.012480141550108570e+00,4.162397221440023110e+00,2.580072238398871676e+00,3.039869924825095993e+00
3.436502010624375547e+00,1.952779774443513805e+00,3.774663861731179182e+00,4.359451456017152893e+00,1.957146565534311211e+00,4.405644789863009336e+00
2.753635068025847232e+00,3.391456667712223538e+00,4.801786815837513878e+00,4.354083534030677605e+00,3.209270041817634311e+00,5.009485687544790622e+00
2.686067683981058440e+00,3.895058869866010021e+00,5.680625744909023389e+00,5.310520487919720090e+00,2.512840207503556300e+00,4.363424181314108807e+00
2.859518874812016165e+00,2.790006530467605383e+00,4.666429984726011782e+00,3.545841005779107658e+00,2.250015623280472443e+00,4.027260554489350497e+00
3.372862247002857305e+00,4.835217267543400865e+00,4.660950024207399345e+00,5.782231733628160342e+00,3.733869709889136690e+00,4.243934174985969143e+00
3.385993314910871188e+00,3.562853384058708883e+00,4.938951916106182338e+00,4.205471370465978076e+00,2.850712542404267857e+00,2.793830114736580050e+00
2.973491721812202560e+00,3.268651538041827287e+00,6.033865420152418224e+00,3.858641358260062937e+00,3.152620412637780145e+00,3.998473773179936241e+00
2.781407010176531358e+00,3.214223913828619938e+00,4.637011910295337103e+00,4.840230674606406325e+00,4.525767421055368445e+00,3.056021539340366466e+00
2.624554987046668675e+00,2.906027428022617265e+00,4.037684682880535725e+00,4.215965663007132491e+00,3.760485150635220819e+00,2.954810638549701718e+00
2.562748371646685008e+00,4.088144262386040673e+00,5.652336179284759510e+00,4.837144956369629156e+00,3.703747360836835423e+00,4.256829891153888212e+00
3.271413489765919280e+00,3.023176387405166476e+00,3.829762786762901605e+00,3.467590178965945125e+00,3.623294975853888822e+00,2.893569545175283864e+00
3.574030094791367240e+00,3.634526764159587309e+00,5.572192381522822480e+00,5.964289455716855315e+00,2.545069543978718762e+00,4.884223581485207077e+00
3.070312051334833647e+00,2.898862220488261254e+00,6.534282743547387362e+00,4.254498973583017651e+00,3.018368706627095666e+00,4.804059918624190573e+00
2.751632312188024621e+00,1.974426487880158954e+00,4.570088661361919158e+00,3.762998127181680363e+00,2.746425464681695239e+00,3.174749987942178997e+00
2.418411364563079147e+00,2.914103258418049514e+00,5.166048592683289087e+00,5.899016747925800885e+00,3.927364438278138969e+00,5.517835470508787310e+00
