VR1,VR2,VR3,VR4,VR5,VR6
1.407186432230730810e+00,2.288251395603281058e+00,3.739466817161657186e+00,3.523226555812124072e+00,3.501254926691319991e+00,2.098422165391908401e+00
4.860810573486691322e-01,1.497509269413419553e-01,2.960639757468833455e+00,2.339909690240951967e+00,3.323180850845727008e+00,2.974965908668353087e+00
7.581647394025250453e-01,6.636660867984809364e-01,2.608784967341686301e+00,3.200460555411155816e+00,5.488885578584680403e+00,2.112863077055210148e+00
1.181200470421063686e+00,2.977048706635368358e+00,3.999222479020709820e+00,2.840255124564600830e+00,3.838469844106483286e+00,4.638234905688183751e+00
0.000000000000000000e+00,0.000000000000000000e+00,0.000000000000000000e+00,0.000000000000000000e+00,0.000000000000000000e+00,0.000000000000000000e+00
1.939967005769113184e+00,3.597627347651619623e+00,4.546644324253643177e+00,3.065592184756471106e+00,2.949552442490775750e+00,4.477990288239403149e+00
3.726164697059334507e+00,4.436467321631475613e+00,5.228252281055063122e+00,4.395559692072211533e+00,3.959645903227947183e+00,4.784890938491335177e+00
1.719495050244377543e+00,4.729616628965264802e+00,5.950940873317080992e+00,5.170678375695842099e+00,5.666563389568166187e+00,5.032570434523394809e+00
5.382108172746892016e+00,7.475599059476035535e+00,8.097614011084418806e+00,7.304950463743878686e+00,4.046264500060423153e+00,7.108118314277476202e+00
2.644162715862765189e+00,7.125450098382325237e+00,5.921794910908675824e+00,5.271325584676976206e+00,3.284145779725400782e+00,7.120824870791341077e+00
6.671056056516048827e+00,7.511903440183523628e+00,8.847925414336790695e+00,5.779662599376965915e+00,4.359732510059932231e+00,7.383264027661007312e+00
3.415496231038789077e+00,6.039429774234509551e+00,6.045864746953214741e+00,5.364371384778709562e+00,3.077940445496564870e+00,6.845621348626696800e+00
3.350854737956751705e+00,3.513094005139720810e+00,6.860581559494265846e+00,5.097030663365593739e+00,4.877730754137589386e+00,6.677969252216296780e+00
2.861790814437409569e+00,4.765035776275928114e+00,5.389821820838983868e+00,6.087675726627453265e+00,3.909376972297005093e+00,4.861887234573601724e+00
3.150489236019613948e+00,4.123247192581137810e+00,5.158480877293430744e+00,6.328546750093873463e+00,4.521389689742813189e+00,3.628741951524197873e+00
3.357030092042275093e+00,5.388312365828623385e+00,6.548595632653458232e+00,6.299508415184624788e+00,1.533653852214496016e+00,3.191517672166098940e+00
2.571313282262670530e+00,3.711199848441541160e+00,6.438908337762988765e+00,6.342494832472670652e+00,2.388326286246036823e+00,4.419822630863178503e+00
7.563686962855615814e-01,1.760592972739880580e+00,4.361324173700619866e+00,3.523039547968043195e+00,2.500794245761190915e+00,2.809097304133491235e+00
1.624814071919087333e+00,4.249049756990617155e-01,4.842693830557008638e+00,3.778944055515712996e+00,2.638201199611578396e+00,1.913784295897484444e+00
3.183406338403871327e+00,3.817438530938783714e+00,6.029106363249773004e+00,5.621079670264331085e+00,3.533386819020874814e+00,4.502004879189621889e+00
4.535645105220744711e+00,5.784276143738188658e+00,6.733387189177577170e+00,5.994396732629478919e+00,2.654567863658814808e+00,4.945745594503909714e+00
6.651920747595715611e+00,7.727064490372111294e+00,9.609992030466095514e+00,9.253505907019707877e+00,3.335881732089879037e+00,6.993611755570453781e+00
2.157949379247919630e+00,7.201081694365287333e+00,6.615325810911734550e+00,7.120804866944165923e+00,2.759302473797053956e+00,3.833354205379010615e+00
5.479795518524397391e-01,3.623556372059577591e+00,2.310988319653862533e+00,3.182922870172355090e+00,3.170735240400909039e+00,4.724415245649546513e+00
3.841350361944638081e+00,2.222304873451976803e+00,5.920535835322262130e+00,2.813090609282051346e+00,4.609139736521247421e+00,4.909765181679825119e+00
2.520097729023613287e+00,4.704904821384844560e+00,5.444963968712087876e+00,2.968310334071242007e+00,3.595872627238900776e+00,3.522184747291742912e+00
4.339722867004480733e-02,2.340155334953478050e+00,4.426603299434030525e+00,1.910367589688382495e+00,1.545009150010610899e+00,3.918524457613864254e+00
1.640153668825276245e+00,3.634071405504125885e+00,4.911285398402784885e+00,3.286131796265738814e+00,1.663933171689362833e+00,3.859826014890414214e+00
0.000000000000000000e+00,0.000000000000000000e+00,0.000000000000000000e+00,0.000000000000000000e+00,0.000000000000000000e+00,0.000000000000000000e+00
4.341429906055539689e+00,2.541678205743964636e+00,5.607181508221309230e+00,2.250324301589217590e+00,3.322588795873345546e+00,3.181791069421732399e+00
2.535902436006915561e+00,5.212948801733292115e+00,6.396023456645512084e+00,5.497241842069231055e+00,3.019760634562010715e+00,5.206177584445619289e+00
1.808159379034476100e+00,3.937375333049301318e+00,6.561792975868906197e+00,4.918242912310772930e+00,1.803291984224861144e+00,3.617595728013187184e+00
3.704749712246245608e+00,4.859169905954679791e+00,5.510837807985095260e+00,2.561973595648862734e+00,3.357841433505599493e+00,4.358774151194081625e+00
2.493282116146191552e+00,3.094486975296571352e+00,4.615780550181772135e+00,2.001182882957319276e+00,3.960135236423541372e+00,3.056610407853710853e+00
8.851736681854647237e-01,4.154578798542782003e+00,5.735947041165108118e+00,2.795576439203942165e+00,3.809357523348733565e+00,4.768156398875060376e+00
5.308686755091818199e+00,6.926217723772613688e+00,8.417500909661812969e+00,7.421247840248063277e+00,5.586408718017468189e+00,5.822283549358936661e+00
2.603564714098483002e+00,5.826367778055111302e+00,7.308367488304111426e+00,7.174229315892247882e+00,4.064349560259251426e+00,4.411561624806457083e+00
1.639868576985112902e+00,4.837758909222382719e+00,5.344876679598296931e+00,5.404125357879076219e+00,3.865778988989253762e+00,4.557939053905225357e+00
5.029756735228456677e+00,3.812872206641893413e+00,5.571129483547268890e+00,5.057347176650894838e+00,2.796408248092459026e+00,4.613030567153435513e+00
1.500868530041843396e+00,4.544618097029841763e+00,4.205338349933425590e+00,5.219551947200757880e+00,3.147207512655838979e+00,5.192710759546996790e+00
1.663481748784301217e+00,3.212721875289417994e+00,6.091630163961317734e+00,6.433377598302390865e+00,3.625162683792090945e+00,5.218629359922002386e+00
3.945582941054946335e+00,5.630743404112392270e+00,6.100119687863038820e+00,6.356892451243924214e+00,2.805444432992482806e+00,4.235951391785330422e+00
4.591753314175573308e+00,5.806354331204614638e+00,6.503250891868858297e+00,7.660868534332335500e+00,2.563073638226001094e+00,5.237975734803002936e+00
3.205326472620628309e+00,4.417609174808259098e+00,7.898843894734845605e+00,7.204325881391467234e+00,3.210701073453806842e+00,3.389827714556980176e+00
2.885976025084493024e+00,5.515696426187712831e+00,6.604672063693226569e+00,5.735468474494379798e+00,3.033901094828920453e+00,4.526388716237216947e+00
7.337946220554885102e-01,4.288033079423922089e+00,4.461255836572469491e+00,4.533736132091481075e+00,3.112736580063866221e+00,4.042728786976187649e+00
3.272702203532994680e+00,1.531861295499683973e+00,8.151842035158738398e+00,5.504875950984256860e+00,4.013121811506259462e+00,3.476229967852185521e+00
3.796796977952108243e+00,4.388334155305141593e+00,6.248490308550423755e+00,5.200038731127999192e+00,2.263028383943287647e+00,5.109865796098874036e+00
2.261701185950388826e+00,5.877382459269057335e+00,5.378574412063485966e+00,5.574659388694518825e+00,2.399639630116995548e+00,2.841953148410337526e+00
1.740684350367356359e-01,1.093147343299265550e-01,3.073215080049837677e+00,1.142688243634015777e+00,1.419958047004783674e+00,2.768360833433360924e+00
0.000000000000000000e+00,0.000000000000000000e+00,0.000000000000000000e+00,0.000000000000000000e+00,0.000000000000000000e+00,0.000000000000000000e+00
2.610048669022809964e+00,5.410751132950930575e-01,4.659659655254860589e+00,1.457490829515927899e+00,1.694081538370468820e+00,3.848802473358363674e+00
0.000000000000000000e+00,0.000000000000000000e+00,0.000000000000000000e+00,0.000000000000000000e+00,0.000000000000000000e+00,0.000000000000000000e+00
2.235654375066281840e+00,2.487874349314242117e+00,6.605413107988788113e+00,2.518026184721985139e+00,2.274289593305469204e+00,4.467908768328355151e+00
0.000000000000000000e+00,0.000000000000000000e+00,0.000000000000000000e+00,0.000000000000000000e+00,0.000000000000000000e+00,0.000000000000000000e+00
2.754625786205572524e+00,2.142082762218556979e+00,5.889852647346311088e+00,4.934364950984337028e+00,2.656166179986424236e+00,4.012262368033013615e+00
9.225771371390407705e-01,2.565608287210536798e+00,3.380726091924050269e+00,3.662623508036208175e+00,1.306449211092108653e+00,3.987380228552255268e+00
1.536421121456014838e+00,1.346936470665462071e+00,4.299874607355968159e+00,4.038582857774896340e+00,2.158187303191628104e+00,4.172460954077548578e+00
4.948558376828513516e+00,3.642486602315596844e+00,7.413010529758264688e+00,5.834980708507360170e+00,4.680171782488102394e+00,4.222680525500054571e+00
3.421088874719069750e+00,5.184734298107312789e+00,6.141336862207998237e+00,5.444227556332252860e+00,4.822626619130963022e+00,4.765642257760338119e+00
0.000000000000000000e+00,0.000000000000000000e+00,0.000000000000000000e+00,0.000000000000000000e+00,0.000000000000000000e+00,0.000000000000000000e+00
1.225688042841843295e+00,2.594468522909089803e+00,2.538292971788486341e+00,1.302117783320906330e+00,3.621125730887347238e+00,4.636307928707270598e+00
2.896713559986964004e+00,2.025222467187346886e+00,2.504148081256055036e+00,9.443955980100011693e-01,1.574821954265814394e+00,3.352772398541843391e+00
2.813435896034247818e+00,1.147393659730305826e+00,5.586028187095995357e+00,3.232337145879721430e+00,3.995326887734034660e+00,4.226133402428608576e+00
2.851576319228866119e+00,3.354452667711073310e+00,7.778490794235334960e+00,5.262446836690970464e+00,5.011542037801885563e+00,5.920859321946119636e+00
1.875836711989428363e+00,2.489510012174714682e+00,4.536006225435951222e+00,2.424198600443377316e+00,3.916413650177089423e+00,4.639375562910493578e+00
1.599596303654511109e+00,1.060640684366215725e+00,5.407117678459207433e+00,2.358064581765743739e+00,4.301648659029263300e+00,3.722721276755358577e+00
0.000000000000000000e+00,0.000000000000000000e+00,0.000000000000000000e+00,0.000000000000000000e+00,0.000000000000000000e+00,0.000000000000000000e+00
2.348556006932135176e+00,1.353572172503578086e+00,4.516677547341374499e+00,2.131563815154067676e+00,5.270617954861478438e+00,4.688755418097230176e+00
2.658049649114686552e+00,2.291625764437593027e+00,5.951353340275217896e+00,2.685988238467269973e+00,3.747398427026850776e+00,4.341009251528752166e+00
3.001181789415803713e+00,2.039447360228551887e+00,5.994311209186036216e+00,2.750479227892767664e+00,3.040108048187743606e+00,6.099286759482717812e+00
4.927605288258074090e+00,4.475852316574406409e+00,7.708838154001229626e+00,5.690026136453111505e+00,4.521412431759062933e+00,4.340135679983733397e+00
3.973206413492255784e+00,6.455803305034882200e+00,6.985470785232923419e+00,7.109279171323700908e+00,4.251568166403283833e+00,7.348194005726837119e+00
1.199146295355103975e+00,5.745413831261558357e+00,4.507130185442589365e+00,6.214017897311811645e+00,2.395359476891015582e+00,6.580801558313397415e+00
2.182729752033837123e+00,4.193699702145801567e+00,5.168744929346411610e+00,6.566133370951765080e+00,3.579761239174420684e+00,1.900035110363118118e+00
1.568111967833372145e+00,3.559632911373403985e+00,5.127133718382715699e+00,6.153332420438691663e+00,2.527065475411598428e+00,3.560491595893415795e+00
1.593798943383931910e+00,3.333706283342425802e+00,5.906897088234903670e+00,4.362309439742965367e+00,1.869069962955066444e+00,3.942484443931182359e+00
2.729451730661456743e+00,4.083055749848629290e+00,5.045607605151344544e+00,3.000882370889810247e+00,1.239330852349540102e+00,4.827694062581300294e+00
5.928639495050898489e+00,4.883702485512515068e+00,6.147919831791419654e+00,4.106707573473856066e+00,4.500211729653503134e+00,4.367483948400154858e+00
4.606072578755897595e+00,5.892078940139885646e+00,5.522905571984376927e+00,3.792771664397507347e+00,3.471751741723927864e+00,5.775976157913566666e+00
1.394511227606455295e+00,2.945437504199046597e+00,3.890613044402144283e+00,3.209026265033877667e+00,3.735206876987806623e+00,2.933358173953577896e+00
2.292941321372995223e+00,2.238251264864444590e+00,4.433117184076301953e+00,3.682459891712748679e+00,4.007477031595573003e+00,5.069813296936940716e+00
2.874411591945709610e+00,2.993371818201282064e+00,5.407006058019037553e+00,4.390510120873548416e+00,5.169116633930642024e+00,5.352830519415434196e+00
0.000000000000000000e+00,0.000000000000000000e+00,0.000000000000000000e+00,0.000000000000000000e+00,0.000000000000000000e+00,0.000000000000000000e+00
0.000000000000000000e+00,0.000000000000000000e+00,0.000000000000000000e+00,0.000000000000000000e+00,0.000000000000000000e+00,0.000000000000000000e+00
2.830371634820236793e-01,6.872211105115777485e-01,1.490595799147834910e+00,4.842522002961233696e-01,3.204564459356120665e+00,4.099183917676699096e+00
2.418671135130418648e+00,1.711888714963754277e+00,4.491311443697255434e+00,2.878486735224966786e+00,5.414216962164858593e+00,4.421464964553393884e+00
0.000000000000000000e+00,0.000000000000000000e+00,0.000000000000000000e+00,0.000000000000000000e+00,0.000000000000000000e+00,0.000000000000000000e+00
0.000000000000000000e+00,0.000000000000000000e+00,0.000000000000000000e+00,0.000000000000000000e+00,0.000000000000000000e+00,0.000000000000000000e+00
3.787356528910426512e+00,2.153476352549896333e+00,4.803904850869400001e+00,3.390680684950502677e+00,3.428634014301035648e+00,5.135636305817122604e+00
8.145329186393879262e-01,1.078187940545823675e+00,4.810954362938934636e+00,3.870302861098207980e+00,4.184865069610645527e+00,2.759369256618537936e+00
2.739782281757257465e+00,4.322866858291180669e+00,4.198494252574708874e+00,6.126728272769129902e+00,1.319674321116313775e+00,4.198175551125808092e+00
1.203405108735768225e+00,1.353993322356789486e+00,2.311798013629928761e+00,2.474463062246695433e+00,6.015237571143252637e-01,1.870404743731744368e+00
4.724391788174941098e+00,3.075507144447002350e+00,7.343827986190298418e+00,4.724689244354998152e+00,3.242391982902169900e+00,5.842429588445504862e+00
3.802560648779830466e+00,4.922099669045040038e+00,7.737961882415579140e+00,5.399924816867969213e+00,3.734781200500063569e+00,4.572346892533681206e+00
3.014193518040420017e+00,3.030132802722652841e+00,4.717591081468473391e+00,3.902312458848043786e+00,1.784941122652556444e+00,2.766841335053292994e+00
3.534883559565507039e+00,2.949691691115506220e+00,6.347203806892161460e+00,5.232812241828832533e+00,3.351880585470544460e+00,4.666276239514152380e+00
1.408330668401799546e+00,4.181655231021286667e+00,5.180877739163606499e+00,4.420142348931710430e+00,1.877780172540327142e+00,4.048408005807795362e+00
3.082108289410115276e+00,3.291745976565602749e+00,3.430602226933342269e+00,4.426976615666660564e+00,2.170345301299275054e+00,5.096072512424449030e+00
3.170314462835380542e+00,2.759433833496036215e+00,3.212763110752156592e+00,3.681688317761491192e+00,2.918187658909807247e+00,4.001824826789192713e+00
2.650107644120319073e+00,3.551009021228532347e+00,4.529911436910824207e+00,3.069203127126769459e+00,4.161408229029072814e+00,4.259359291824439175e+00
2.286675515515709911e+00,2.249030316526073214e+00,4.739910082325470952e+00,3.485520157070315594e+00,2.219374253712529388e+00,2.790214595395351882e+00
2.512449572150365462e+00,2.494107336601221192e+00,3.850248000770368328e+00,3.179802083076548769e+00,1.073377435377356193e+00,4.044183832545270363e+00
3.015345486329252811e+00,2.761462707249433546e+00,5.683224811108342323e+00,3.842115721342017842e+00,3.040166238135414201e+00,2.847102576943011165e+00
3.633771803379100440e+00,5.430390355658466284e+00,6.051318746839463358e+00,4.700000451282127401e+00,3.174790753121374376e+00,5.130956595126755282e+00
3.284997342916739616e+00,4.199643274711284846e+00,4.138538444740326838e+00,4.066126325758733451e+00,2.382499976740624081e+00,5.141400891333073986e+00
3.104622308329235025e+00,1.041380439914453948e+00,3.836330070740518128e+00,3.833841138813328886e+00,2.842554997803827366e+00,4.050178313940763886e+00
0.000000000000000000e+00,0.000000000000000000e+00,0.000000000000000000e+00,0.000000000000000000e+00,0.000000000000000000e+00,0.000000000000000000e+00
0.000000000000000000e+00,0.000000000000000000e+00,0.000000000000000000e+00,0.000000000000000000e+00,0.000000000000000000e+00,0.000000000000000000e+00
0.000000000000000000e+00,0.000000000000000000e+00,0.000000000000000000e+00,0.000000000000000000e+00,0.000000000000000000e+00,0.000000000000000000e+00
2.850594909190896420e+00,1.702248352365705486e+00,4.422548039294814437e+00,3.082259812013414368e+00,3.591318890691912458e+00,3.869208076907580285e+00
2.156307796833180745e+00,1.530203088259545652e+00,4.016982651827371242e+00,2.355556334871425683e+00,3.719815052950669276e+00,4.737449593619485810e+00
1.971359396156067589e+00,5.180301736282739711e-01,3.751761797605227322e+00,2.340723359962832095e+00,3.505645096321766019e+00,3.428208656801296605e+00
0.000000000000000000e+00,0.000000000000000000e+00,0.000000000000000000e+00,0.000000000000000000e+00,0.000000000000000000e+00,0.000000000000000000e+00
2.459008813265287863e+00,7.247118763067503799e-01,4.920312992033007760e+00,3.842600962002618026e+00,4.671304854823183916e+00,3.499984572804103689e+00
3.601027334704663296e+00,4.846290785478369223e+00,5.387937080712064564e+00,4.527378374082554835e+00,3.433671708183090754e+00,4.250063492718582303e+00
2.509549323955911238e+00,1.189581394758106203e+00,3.765408639825050585e+00,2.228191270895035991e+00,3.373026333072059568e+00,3.748398677471119544e+00
4.047616617088117152e+00,2.631301835067470840e+00,4.049099250715144649e+00,3.842585793255390847e+00,3.767505487913693329e+00,4.876064986567189230e+00
1.198426154803553523e-01,2.200659532262260853e+00,3.522195908085606675e+00,3.379867823388073678e+00,3.397582091732209708e+00,4.247884255018668398e+00
2.564055832903324728e-01,1.155807203520108573e+00,2.729072520553982084e+00,2.752434855570385697e+00,5.061915158750947441e+00,2.757539027078235616e+00
4.199220555370914987e+00,2.329994863998130938e+00,5.101484525799898861e+00,3.457976426502469280e+00,5.112065241950398686e+00,2.876408123877753020e+00
2.682281569322598536e+00,5.113448648461046631e+00,5.169553506742220250e+00,4.728688619317693131e+00,4.461655653892082185e+00,4.539048766936235602e+00
1.816436184123393804e+00,1.964676912584126356e+00,3.616869807916600621e+00,3.574773368625672187e+00,2.514637093460183603e+00,2.864642583711746404e+00
5.233808109309912027e+00,5.695712784104379978e+00,5.817579217821166715e+00,5.082541796482846763e+00,2.763372175276592735e+00,4.859640017270417722e+00
4.340906536191941889e+00,6.365709587116699097e+00,6.720338770049531618e+00,5.733128707420155123e+00,2.723378446519538532e+00,4.691676734037814711e+00
1.394953706538480276e+00,4.865576439062309078e+00,4.749733050901986608e+00,3.953350138876249531e+00,3.360558849945478599e-01,4.979913030225362469e+00
4.641607361484714644e+00,2.744474489055586552e+00,6.338806642286178850e+00,4.796476136507740407e+00,4.435131486861525474e-01,2.445924112030925635e+00
2.883630130814259562e+00,4.078937439714090729e+00,6.498642520421206825e+00,3.990790587922628418e+00,2.649365044544339298e+00,3.695690795433889786e+00
9.288521316424855900e-01,2.718052191318701905e+00,4.543508354308348984e+00,3.975729103946732401e+00,2.634855615709328802e+00,2.563215599636877062e+00
5.191925190221963859e+00,4.421246356355405638e+00,6.876342410861306931e+00,5.220619050677575146e+00,2.541629823389070175e+00,3.843870627243941573e+00
2.595930485121516362e+00,2.993394875355321005e+00,3.702235466684032694e+00,1.775444076864058029e+00,1.212741067416910568e+00,3.282099855058783433e+00
0.000000000000000000e+00,0.000000000000000000e+00,0.000000000000000000e+00,0.000000000000000000e+00,0.000000000000000000e+00,0.000000000000000000e+00
2.931341306644976719e-01,7.721771483054400420e-01,3.321786033778088676e+00,1.477147102768822773e+00,2.244495444693201502e+00,3.817652502276678739e+00
2.358541770370933488e+00,1.476709260271679369e+00,4.997327239229046647e+00,4.288535459156258334e+00,6.430859060041546726e+00,5.866739906573913643e+00
3.632308632447647234e+00,5.526271313285174180e+00,5.292591352121586823e+00,6.297318032038973890e+00,5.191494401154152172e+00,5.630416835464377101e+00
3.130322517662848636e+00,4.018538063784132142e+00,4.703442819310371448e+00,6.812318977674428844e+00,3.603927364597581118e+00,5.124715432037235452e+00
7.152122116807089203e-01,1.814929490550396984e+00,4.476703727363158691e+00,5.769555667761971485e+00,3.649905536574270304e+00,3.186612118645454572e+00
2.698214783470648026e+00,4.833667731299191139e+00,5.278832677215167912e+00,6.644648456671190750e+00,2.761906514183638528e+00,5.846526741822237305e+00
3.228145975428940773e+00,4.301119002913241118e+00,6.798181391051799416e+00,6.851605453450366312e+00,4.158357807027669217e+00,4.040730415050099111e+00
1.391409482718260815e+00,5.302586545130550277e+00,5.040197116583247094e+00,6.637897964105218485e+00,5.180511775585339151e+00,6.124984730700367308e+00
3.094184504234624988e+00,4.984851759843555996e+00,5.210351312254608125e+00,6.460968748018727226e+00,9.058221848566452294e-01,3.663041648812856543e+00
2.866812038120511552e+00,3.852667659381110887e+00,5.386603617616072093e+00,6.214936715625352548e+00,1.378500085347486692e+00,5.309099498905849757e+00
5.470980610031994651e-01,4.119228785330093068e+00,5.283721526758895060e+00,5.641249947320075009e+00,2.656481858066632729e+00,4.026082570642115499e+00
2.229921603918089357e+00,1.495388412989122617e+00,5.153917835477908049e+00,4.661960497764537692e+00,3.457213094482942228e+00,4.745494385381671343e+00
3.868204045293047955e+00,4.495549606132950515e+00,6.088055706952232526e+00,5.027978367728491271e+00,2.983599042873642304e+00,5.072180936338097190e+00
2.145443025710316753e+00,4.802034951908923155e+00,6.418048829617035267e+00,4.801814480881245295e+00,1.462549202284780803e+00,4.729714130521357696e+00
3.251525555899782205e+00,5.150724489353292412e+00,6.436724170740315110e+00,5.819386616803726930e+00,3.181870111753781316e+00,6.047038689694765878e+00
1.833369495483896383e+00,4.032653816651656342e+00,6.210975266310306608e+00,3.635293698781853600e+00,2.395257456032175547e+00,4.403017081026025181e+00
7.225420989152722129e+00,6.841632168444647277e+00,7.356358301922135468e+00,6.429951227948668802e+00,3.538982353159023209e+00,5.238587985719155959e+00
3.071605836883160023e+00,4.968974216672878974e+00,5.581213071382375546e+00,3.833629473375792962e+00,6.001488093763169829e-01,5.953087238231214329e+00
