VR1,VR2,VR3,VR4,VR5,VR6
1.398540187426476011e+00,3.909202309076856174e+00,6.705499424287607368e+00,5.494086368302080636e+00,3.243976772271077724e+00,5.386199809235900027e+00
2.271994834285575138e+00,3.018728505254625105e+00,5.272155876773183536e+00,4.764377870431108164e+00,4.530733097463124359e+00,5.919344342968361872e+00
3.006326722478604996e+00,2.575970166205736156e+00,7.574195260427799781e+00,5.137728861646314371e+00,6.823370307762484543e+00,6.113917915828342764e+00
1.525098400730666048e+00,7.601501831349906091e-01,6.419464550060057562e+00,4.306299549277187388e+00,7.646099639564771344e+00,6.826502677248823758e+00
2.184853981122528044e+00,6.602083277388612892e-01,8.717868818302671130e+00,4.969661956775723866e+00,9.148899340312883766e+00,6.946745045686485653e+00
0.000000000000000000e+00,0.000000000000000000e+00,0.000000000000000000e+00,0.000000000000000000e+00,0.000000000000000000e+00,0.000000000000000000e+00
8.927881961847878856e-01,1.925245567294737725e+00,6.531098998076187989e+00,1.623540989257338474e+00,7.300869888680959541e+00,6.140538022627754167e+00
0.000000000000000000e+00,0.000000000000000000e+00,0.000000000000000000e+00,0.000000000000000000e+00,0.000000000000000000e+00,0.000000000000000000e+00
6.546584322552151392e-02,2.729498463076684089e+00,2.532457980883026760e+00,4.141479170935066456e+00,1.910295982099539103e+00,3.354970836480531293e+00
1.855679449579934470e-01,4.294172346603498447e+00,4.580196721916558467e+00,1.197920923829965290e+00,1.601203964706536809e-01,3.533608948818538931e+00
9.047050953550517249e-01,3.151607321616771262e+00,4.912027105922440740e+00,5.518522499439542095e+00,1.085052980736126660e+00,3.593492657877466634e+00
2.548676261232059037e+00,5.298685465328341948e+00,5.730475983882656443e+00,5.104802006291782490e+00,9.553172731045815880e-01,4.068380976001865434e+00
3.529045298746962267e+00,3.535965937667753689e+00,6.545999602314594767e+00,4.799548244994657153e+00,4.978036451894873871e+00,4.063966757301599841e+00
3.399986825431392301e+00,1.673755994859375873e+00,4.967880224638054898e+00,3.905168064364756386e+00,3.918052333261945019e+00,4.368699866634568885e+00
1.736162058718225820e+00,9.231881290403980422e-01,2.925990424337955087e+00,2.974861163874606529e+00,3.554022481179837545e+00,2.842047436330958021e+00
3.114713637285859704e+00,2.974212740251940268e+00,3.200157338273399876e+00,3.614816213946499879e+00,2.774334212629128160e+00,1.528678034641579586e+00
2.826330952635874638e+00,3.851845776991690062e+00,6.707744753115111536e+00,5.249549258867006074e+00,3.108192465942980487e+00,4.056327046533822589e+00
1.566844169722279023e+00,3.094665820747884322e+00,3.237393597353630526e+00,3.226257480425859470e+00,1.728520720924450860e+00,4.263660738521031668e+00
2.222628279162547127e+00,4.370456593478359686e+00,4.531293505587851378e+00,3.465309633688697044e+00,1.323643205132881251e+00,2.681633192445147529e+00
1.753965239399266407e+00,5.411180745877290477e+00,5.988515011039401870e+00,5.950122126235355857e+00,1.808129150892597625e+00,3.031074290878064570e+00
2.859619447845564988e+00,3.241974091771623989e+00,4.284328047409147189e+00,2.691789618811727181e+00,1.831498775490633335e+00,4.278647834036748421e+00
0.000000000000000000e+00,0.000000000000000000e+00,0.000000000000000000e+00,0.000000000000000000e+00,0.000000000000000000e+00,0.000000000000000000e+00
2.723506589448292381e+00,5.996997211827446606e+00,6.428216318838445353e+00,3.797672578959391032e+00,2.627811308247447464e-01,4.908119160571233763e+00
3.595927987147953253e+00,5.875838417226233901e+00,8.318258407387528308e+00,5.217756933661534369e+00,2.779060473237925599e+00,7.236807344866011960e+00
3.647687421473372105e+00,3.532359262350131424e+00,6.919800999718489720e+00,5.283571460782421347e+00,3.626876550181472147e+00,5.519434397090792643e+00
2.525261577189201301e+00,2.055309148196776015e+00,5.525225001653891077e+00,5.227225493844307458e+00,5.352724734458806033e+00,4.376265586869261703e+00
1.492265515413015997e+00,1.439575993429769163e-01,3.698805329354459825e+00,2.928600565446489945e+00,3.881613306269678709e+00,4.316516731471438995e+00
2.195506319560437181e+00,2.995706321459836285e+00,5.677988498403835571e+00,4.572623656426213934e+00,3.589708462375123421e+00,4.628389362847669553e+00
2.129082786036152974e+00,3.531723786408129229e+00,5.012102562506524528e+00,3.702686037455867218e+00,3.545004489136446058e+00,3.892987212602526448e+00
1.672759318398641337e+00,1.457043595864561336e+00,2.540206408543041583e+00,2.038287627835090099e+00,1.246092617844401618e+00,1.159522982263549551e+00
0.000000000000000000e+00,0.000000000000000000e+00,0.000000000000000000e+00,0.000000000000000000e+00,0.000000000000000000e+00,0.000000000000000000e+00
4.059976302403118353e+00,6.725616528858868293e+00,7.962555880949709675e+00,7.084376068449675046e+00,2.233295555473540084e-01,3.694411509191364740e+00
3.043908182499615922e+00,1.625920577255859367e+00,4.669028811059821926e+00,4.842003699490184943e+00,3.374804621708818786e+00,4.451394310962204059e+00
1.267373988871983714e+00,2.612692557016133232e+00,4.580164716502813427e+00,3.721146207335549683e+00,1.993150278817559462e+00,3.853124361620594129e+00
2.241568483126399336e+00,4.255055332408463009e+00,6.879350367693032098e+00,4.524127920131131297e+00,1.983510047466390036e+00,4.735105569923399038e+00
3.024175479384826559e+00,2.304672726292682494e+00,4.408481771261521409e+00,4.083194334310920048e+00,4.484894141389796474e+00,4.479079655696708073e+00
2.831725180522461471e+00,3.195882625085242790e+00,2.976934400716032325e+00,3.592324768061442963e+00,2.910694310552616848e+00,4.605757970989762029e+00
4.364607583667486246e+00,5.288571142247493029e+00,7.200317616905373086e+00,4.861222439835709785e+00,4.825510876358559464e+00,5.532774499277665292e+00
4.810849154457029542e+00,3.202803073062951089e+00,6.045322779182105144e+00,5.613762303792976915e+00,5.329396611614362733e+00,5.668651801745772545e+00
4.224711343784111506e+00,2.242958937664281116e+00,7.606333142635975264e+00,4.654423996710816525e+00,4.890661711475231321e+00,6.158378856095600540e+00
2.890310439242004925e+00,1.246038706443512334e+00,5.115696761944075632e+00,2.468189653091932279e+00,4.628485869441188783e+00,6.446893660099752843e+00
2.440700114622136319e+00,4.504183435959916437e+00,8.130011945384055139e+00,7.206250884293184278e+00,6.280168162059081460e+00,7.626330474799694059e+00
4.354360254564426214e+00,3.977691025499253463e+00,7.914769812030018059e+00,6.099285725967169114e+00,8.524098524330927518e+00,8.083731654745722750e+00
2.868610288169842981e+00,3.267035332152191884e+00,6.147107169178429587e+00,5.872012811055137504e+00,7.414638816337793870e+00,4.982037189994680482e+00
2.683349433716022414e+00,2.369137093302389196e+00,6.622300094906722556e+00,5.210896626816179378e+00,7.845407475816430498e+00,7.918896435877373463e+00
2.108533384283510781e+00,2.635593989182968500e+00,2.626245895693395394e+00,3.129664307398114076e+00,4.195675386888120251e+00,4.672895742218412529e+00
0.000000000000000000e+00,0.000000000000000000e+00,0.000000000000000000e+00,0.000000000000000000e+00,0.000000000000000000e+00,0.000000000000000000e+00
7.357478979380984718e-01,3.781233848804002928e+00,4.514528258108921221e+00,4.694075032420534477e+00,2.101968857497189980e+00,4.782206021730975642e+00
0.000000000000000000e+00,0.000000000000000000e+00,0.000000000000000000e+00,0.000000000000000000e+00,0.000000000000000000e+00,0.000000000000000000e+00
1.043252664568474319e+00,3.450300697807802131e+00,2.290408248561373039e+00,2.388750250434562794e+00,9.604258674446164434e-02,3.770525739772080165e+00
0.000000000000000000e+00,0.000000000000000000e+00,0.000000000000000000e+00,0.000000000000000000e+00,0.000000000000000000e+00,0.000000000000000000e+00
0.000000000000000000e+00,0.000000000000000000e+00,0.000000000000000000e+00,0.000000000000000000e+00,0.000000000000000000e+00,0.000000000000000000e+00
1.658542955355245319e+00,3.499953973976469346e+00,3.052983918682432130e+00,3.312357338154848119e+00,1.763917871326905251e+00,2.894435240114690444e+00
1.307729506283769716e+00,4.333460555822033378e+00,3.592258771786866589e+00,4.145690418910942476e+00,1.238138800949231122e+00,2.861765279625000158e+00
0.000000000000000000e+00,0.000000000000000000e+00,0.000000000000000000e+00,0.000000000000000000e+00,0.000000000000000000e+00,0.000000000000000000e+00
1.966128774957820013e+00,5.308837291718650597e+00,6.209906353226170239e+00,4.828850451385690690e+00,1.123969723100390894e+00,4.357724251432825824e+00
2.012465128325278574e+00,2.731125092475570781e+00,5.111145846702758178e+00,5.727449645293512859e+00,4.082134736673034503e+00,4.520667434085879677e+00
1.553891933525461955e+00,2.196802819964140063e+00,4.397481119068539002e+00,3.199028686922229081e+00,5.107932560092679708e+00,3.974678592854476999e+00
8.328487841296368099e-01,4.059157320271395974e+00,5.733452769497452195e+00,3.459757311432244631e+00,3.251664545442294774e+00,4.166752921156832379e+00
8.527864251556531716e-01,3.344036311865947297e+00,3.525585994380105781e+00,1.645157429474705779e+00,1.573281728147279068e+00,3.688404787229482285e+00
1.365556863972351875e+00,3.340265331351079059e+00,2.065499399594650232e+00,1.782489119160947766e+00,1.509182272561206739e+00,2.604692516405332725e+00
0.000000000000000000e+00,0.000000000000000000e+00,0.000000000000000000e+00,0.000000000000000000e+00,0.000000000000000000e+00,0.000000000000000000e+00
0.000000000000000000e+00,0.000000000000000000e+00,0.000000000000000000e+00,0.000000000000000000e+00,0.000000000000000000e+00,0.000000000000000000e+00
9.074748546313311515e-01,4.033611446259453892e+00,5.259551304156357077e+00,4.865549234567843939e+00,2.369245953826636608e+00,2.638879124181765512e+00
1.529798115128874647e+00,6.123123312498802484e+00,6.095087087578072271e+00,4.807259243006162919e+00,2.295750568500100286e+00,1.423169426421777573e+00
2.257912146955043386e+00,3.880505360191246034e+00,4.314449927659256723e+00,5.535932077853034983e+00,3.039523786486653112e+00,1.246975828556394994e+00
2.205553670853168668e+00,1.295519146855714787e+00,3.582075705595722415e+00,3.111335789409737984e+00,1.929001524819695890e+00,3.692695212531791782e+00
2.916346244701119694e+00,2.563216415457941100e+00,4.601421669800044967e+00,3.259663649760242254e+00,2.438684527054463924e+00,3.641683535233158242e+00
3.875087679877965208e+00,2.926837336595704997e+00,4.849379985510982038e+00,4.767384529758190936e+00,2.468250556511574878e+00,4.280234433037680475e+00
3.124286888893768044e+00,4.078712735302865156e+00,5.220242269485199316e+00,6.520211130341731831e+00,3.984932730765144981e+00,4.461842073345654747e+00
2.605799298970804756e+00,1.335843315051627345e+00,3.257584162683559548e+00,4.999510956376285620e+00,3.347096825249785024e+00,2.775967531797180143e+00
2.566853313828100003e+00,3.824402804423714830e+00,5.970632375149695470e+00,4.701849670488217114e+00,2.810086150838600361e+00,3.162365349748816445e+00
3.123048755153094103e+00,1.603388417311552683e+00,4.564986191189614573e+00,2.372862890560275773e+00,3.264640722078598234e+00,3.773208879007824645e+00
2.018297281989686720e+00,2.595462157203146880e+00,4.079636880607591110e+00,3.563108150128446283e+00,1.900222470663738950e+00,4.289828129649528421e+00
3.011973405509689172e+00,4.824948512568446368e+00,5.819836209372862612e+00,5.325212853723291673e+00,1.020078277840536174e+00,6.057809904101082665e+00
0.000000000000000000e+00,0.000000000000000000e+00,0.000000000000000000e+00,0.000000000000000000e+00,0.000000000000000000e+00,0.000000000000000000e+00
0.000000000000000000e+00,0.000000000000000000e+00,0.000000000000000000e+00,0.000000000000000000e+00,0.000000000000000000e+00,0.000000000000000000e+00
9.842249774886824287e-01,4.522597395449187374e+00,7.568689167020860253e+00,4.982798532478043718e+00,2.317893287026877580e-01,5.428211485723724472e+00
2.046236064473551330e+00,3.232481950179057595e+00,6.082037149376188445e+00,5.988703396874718976e+00,3.047231659420924554e+00,5.517893460814998541e+00
4.008083490724160036e+00,2.551055843997012129e+00,7.159953033567735048e+00,7.290628538458054919e+00,4.379613483035994292e+00,6.573096927506855813e+00
2.661179088150727345e+00,4.452930608633520748e-02,3.443321646018930871e+00,4.772181621828742948e+00,6.383995003073449581e+00,5.280562521706556822e+00
2.078347753757357808e+00,7.255065631058132958e-01,3.165702890001959258e+00,6.451861014686253171e-01,3.591543247728386845e+00,4.919762296794385037e+00
0.000000000000000000e+00,0.000000000000000000e+00,0.000000000000000000e+00,0.000000000000000000e+00,0.000000000000000000e+00,0.000000000000000000e+00
1.333961482405560783e+00,3.076973545769082552e+00,4.134622205302124875e+00,2.152028250978021529e+00,1.390463018001944828e+00,4.969326336021658186e+00
0.000000000000000000e+00,0.000000000000000000e+00,0.000000000000000000e+00,0.000000000000000000e+00,0.000000000000000000e+00,0.000000000000000000e+00
0.000000000000000000e+00,0.000000000000000000e+00,0.000000000000000000e+00,0.000000000000000000e+00,0.000000000000000000e+00,0.000000000000000000e+00
0.000000000000000000e+00,0.000000000000000000e+00,0.000000000000000000e+00,0.000000000000000000e+00,0.000000000000000000e+00,0.000000000000000000e+00
1.696754899626312652e+00,4.967439296618077371e+00,3.623136192074286388e+00,3.371830381601746307e+00,9.543286981577172590e-01,2.836444585340884394e+00
5.330968605135399940e+00,5.365865560479180729e+00,6.796396731733318042e+00,3.959868216057174983e+00,2.756642767716193543e+00,5.403626269396875514e+00
4.743190158367212916e+00,4.524497546607520349e+00,6.360478127312745755e+00,4.362686545798210247e+00,3.117778020779677473e+00,3.593281584895787084e+00
3.935347106109821080e+00,2.804078160490257154e+00,5.728801631365001867e+00,5.212205989103819270e+00,2.583102194074961666e+00,3.915012763091445525e+00
3.075482845999825798e+00,3.720001727094585764e+00,5.539158429900906455e+00,4.247082962726216770e+00,3.510573822642722330e+00,4.084724396006914837e+00
9.878794695574837359e-01,2.503464987092494987e+00,5.384391431546333706e+00,3.556176562651033990e+00,3.112407512983055291e+00,3.319935028264191068e+00
1.200893289270243969e-02,1.891366097659172629e+00,1.492515092322932002e+00,2.135956234910318940e+00,2.837396850530073955e-01,1.987109455522472423e+00
0.000000000000000000e+00,0.000000000000000000e+00,0.000000000000000000e+00,0.000000000000000000e+00,0.000000000000000000e+00,0.000000000000000000e+00
1.337624686736062829e+00,5.411128006649914113e+00,5.194570430580593978e+00,3.691036933077168847e+00,9.734108856292169598e-01,4.243631820565686219e+00
2.759329958180130493e+00,4.844381691454148431e+00,7.540174226504277044e+00,5.399843938230786122e+00,7.052606922644804044e-01,4.451571484736314588e+00
2.959880662729775125e+00,4.321456246233126741e+00,7.321438879349666529e+00,6.263092635071208392e+00,4.805902257764596897e+00,4.875837849139107227e+00
2.402784401097712408e+00,1.377262318557182397e+00,6.806858127542019687e+00,4.616046421368714903e+00,6.437822181655103115e+00,6.256021408835220399e+00
1.875646772560531916e+00,6.981581492246808907e-01,5.396082383979073249e+00,1.677463423304223156e+00,5.823493967889707967e+00,5.592472089604577867e+00
0.000000000000000000e+00,0.000000000000000000e+00,0.000000000000000000e+00,0.000000000000000000e+00,0.000000000000000000e+00,0.000000000000000000e+00
0.000000000000000000e+00,0.000000000000000000e+00,0.000000000000000000e+00,0.000000000000000000e+00,0.000000000000000000e+00,0.000000000000000000e+00
0.000000000000000000e+00,0.000000000000000000e+00,0.000000000000000000e+00,0.000000000000000000e+00,0.000000000000000000e+00,0.000000000000000000e+00
1.044356512897581579e+00,4.473349778870251647e+00,6.393144895990600318e+00,4.438868974918526611e+00,3.436155153934523643e+00,3.919990038919407116e+00
2.419020626656909201e+00,3.990991736651601229e+00,6.549493684366737511e+00,6.467319047301891999e+00,5.090784737837557472e+00,4.685165182590489863e+00
1.060024135729362493e+00,3.317890930511600001e+00,5.101711707665057105e+00,4.524160282098758756e+00,5.923458682057823665e+00,4.234466477773223936e+00
1.654406358705781344e+00,5.104255756404025846e+00,7.834475160596074517e+00,5.105093156003074562e+00,5.758224735433955743e+00,6.038092551942505715e+00
2.001406062071473979e+00,1.467406707474483873e+00,4.531303373659811840e+00,3.548560392365013083e+00,5.041775197031762801e+00,3.791987503985377650e+00
1.100259937912177799e+00,1.874429893526994739e+00,4.237535457679291184e+00,4.498051572361144501e+00,3.324104326992285863e+00,5.213835300472261736e+00
0.000000000000000000e+00,0.000000000000000000e+00,0.000000000000000000e+00,0.000000000000000000e+00,0.000000000000000000e+00,0.000000000000000000e+00
7.312283310473017828e-01,3.010931785505337910e+00,4.299483649539189045e+00,4.144022492841610728e+00,8.318304384497929860e-01,1.712400779369747106e+00
1.703641888286912875e+00,2.706222445713267533e+00,3.797426102832452077e+00,2.959105365571132573e+00,1.317569200802944707e+00,2.634691051423985186e+00
2.694026553425909576e+00,3.848239191170583329e+00,4.917343184149620683e+00,5.414284406738953948e-01,8.490358497169938623e-01,3.493982521753485671e+00
2.321380769778899733e+00,4.287812433031064074e+00,3.991861654104686519e+00,4.880115353057188798e+00,4.399965029921535375e-01,3.076680758670016669e+00
2.064918143008600993e+00,4.757716200200762025e+00,5.371980107036918639e+00,4.676785387549164064e+00,1.708939389030846412e+00,3.074552976717497721e+00
1.427074174122636485e+00,1.518541536117800739e+00,5.648088511038380055e+00,3.000112852221016091e+00,3.076164900106648670e+00,4.064947983995710779e+00
5.727995479413006130e-01,1.060267615451137679e+00,4.618224747190005530e+00,2.184438555486504452e+00,4.853009656049534826e+00,4.938628168613570679e+00
1.523759105640736689e+00,3.875205021999943433e+00,4.802143747320839928e+00,4.120214721574116723e+00,4.913872258294853523e+00,5.228236512185021390e+00
9.346735886141881444e-01,1.786455802683367677e+00,3.918087348358546773e+00,1.062887574835514659e+00,2.762959518723393515e+00,3.813638770438604553e+00
0.000000000000000000e+00,0.000000000000000000e+00,0.000000000000000000e+00,0.000000000000000000e+00,0.000000000000000000e+00,0.000000000000000000e+00
0.000000000000000000e+00,0.000000000000000000e+00,0.000000000000000000e+00,0.000000000000000000e+00,0.000000000000000000e+00,0.000000000000000000e+00
0.000000000000000000e+00,0.000000000000000000e+00,0.000000000000000000e+00,0.000000000000000000e+00,0.000000000000000000e+00,0.000000000000000000e+00
0.000000000000000000e+00,0.000000000000000000e+00,0.000000000000000000e+00,0.000000000000000000e+00,0.000000000000000000e+00,0.000000000000000000e+00
0.000000000000000000e+00,0.000000000000000000e+00,0.000000000000000000e+00,0.000000000000000000e+00,0.000000000000000000e+00,0.000000000000000000e+00
7.682343910028222034e-01,5.471235500849259026e+00,5.946732004583902054e+00,5.349062135059634571e+00,1.765477689448816001e+00,3.099480716038726769e+00
3.575915019350137669e+00,4.070236369651055064e+00,7.597528499456648987e+00,7.045056963073967893e+00,5.198140801656451870e+00,5.440354121897433615e+00
5.119703925358485286e+00,1.546385789352050733e+00,6.430073908214528622e+00,4.201617381821249886e+00,6.550940853658538288e+00,5.229367690046571759e+00
3.941399516349291865e+00,3.409174462743742140e+00,8.205780074066577612e+00,5.642797574659880411e+00,5.756537078287971454e+00,5.012550917467819112e+00
0.000000000000000000e+00,0.000000000000000000e+00,0.000000000000000000e+00,0.000000000000000000e+00,0.000000000000000000e+00,0.000000000000000000e+00
3.393333393003254539e+00,3.010337674040074685e+00,4.315576423385174110e+00,3.213121177011689422e+00,4.206020395846887361e+00,3.585778964799260393e+00
3.643355451404582723e+00,3.208624190627907158e+00,4.773552439067535680e+00,4.251765196061820795e+00,2.687185287204864714e+00,2.127256588473642296e+00
3.413356000141097191e+00,2.636911642878345674e+00,3.472978102256456978e+00,4.526754742648508412e+00,2.324761224481774136e+00,4.011319800520202428e+00
2.873986084280109043e+00,3.357091107324455148e+00,1.918940584689197149e+00,4.629284494728048927e+00,1.062376283309933278e+00,2.107839858682545753e+00
3.004408974484400474e-01,4.455129062289335806e+00,3.867077963570073162e+00,2.091105280912690212e+00,3.881325433644380318e-01,2.853058034071931370e+00
1.067119431153155995e+00,5.928483552565758430e+00,3.544573256908208236e+00,5.573335542864514380e+00,9.892345671044600053e-01,3.489626956650944578e+00
2.517245688445645779e+00,4.532922116394405343e+00,5.332517942277433143e+00,4.287505031127625266e+00,1.138338120258275410e-02,3.325994882740949343e+00
1.065214336582285926e+00,3.026105780096798537e+00,5.621156421112331714e+00,3.766560468867502731e+00,1.751604542570672329e+00,3.764725862330740025e+00
1.760349051346295823e+00,3.218777649122380513e+00,4.534116159172566718e+00,1.948094879587135342e+00,1.567911132679478792e+00,2.261878807068533170e+00
2.228858596382409907e+00,4.389539090068669047e+00,5.365728856008985304e+00,4.738704867299040835e+00,1.374209595144971985e+00,1.698031365885368960e+00
3.263389334762491156e+00,2.261268721748637134e+00,5.311605399673756445e+00,4.646798866129266514e+00,2.796758637803091307e+00,2.361478602977381325e+00
1.826007044149470016e+00,1.916694972901581639e+00,3.940069430100225922e+00,4.181369191004500330e+00,4.920911173686466356e+00,3.532055582319098885e+00
2.224177468105288380e+00,2.033099148973742221e+00,5.142092396474747140e+00,4.759929546942947454e+00,4.965314119826421901e+00,5.127070593434309487e+00
4.741085793250308100e+00,2.441388574124579769e+00,7.305797689560920460e+00,4.360585894357292602e+00,5.141331938382284861e+00,5.762167056035424118e+00
2.830988039109622711e+00,1.678272535368390272e-01,5.347753712417770089e+00,3.279886992306316529e+00,6.114063886872660447e+00,5.995852491538210316e+00
2.425724302915412522e+00,2.876823513153055067e+00,4.508403967613473284e+00,4.063109031972868657e+00,5.423969712459289383e+00,5.287687487846691958e+00
2.353416155357460404e+00,2.067569237719255160e+00,5.280656467002259546e+00,2.676205250790615775e+00,3.318054306187872005e+00,4.338448367157372587e+00
1.238879578142158211e+00,4.777364238733304624e+00,5.660743941835599813e+00,5.035966320153328901e+00,3.943445316155925529e+00,4.268418526350326481e+00
2.424542942612486485e-01,2.739515734850876516e+00,2.410130003373237351e+00,3.365066181777661924e+00,2.627295848411969281e+00,3.060126025617879719e+00
0.000000000000000000e+00,0.000000000000000000e+00,0.000000000000000000e+00,0.000000000000000000e+00,0.000000000000000000e+00,0.000000000000000000e+00
1.902264516244676074e-01,4.168152526634382404e+00,3.318516937342467443e+00,1.344399680877778280e+00,8.442611100511259181e-01,2.515449966753871447e+00
