VR1,VR2,VR3,VR4,VR5,VR6
1.735805349314453183e+00,3.411561167421643059e+00,4.695656384440734854e+00,1.982048993309358131e+00,9.117300865748561023e-01,2.867796566216457066e+00
6.151907731729500117e-01,4.451107927685582055e+00,3.419839693887729126e+00,3.749871385283858327e+00,2.779283992728203145e+00,3.545137716733152811e+00
3.419921506129046662e+00,5.163378396692849037e+00,4.222268076538445492e+00,5.150487989203464068e+00,1.261267702322178330e+00,3.529902314891738335e+00
1.594265710120106538e+00,4.948786840233378115e+00,6.143897285791888763e+00,5.972721172217632990e+00,1.777283168055872498e+00,3.766689317336079590e+00
4.803251629546988255e+00,3.774103751625498049e+00,4.001836390951141631e+00,7.307827882364328786e+00,1.756795965656243963e+00,4.113930280604624734e+00
1.029304065544305313e+00,4.091232276244058497e+00,4.724257851134201047e+00,4.045864779201464145e+00,3.354197878647327435e+00,3.609052713344466312e+00
3.375510248532290980e+00,3.693206750198898991e+00,7.253304802510706750e+00,6.570405793778391512e+00,2.245839844908890548e+00,5.303162647270513119e+00
5.750852807168621794e+00,5.494777021991458454e+00,7.783891604168367451e+00,5.475427722039762912e+00,2.441067391518831897e-01,4.495248146422517799e+00
1.858133456328281419e-01,4.238512200054740831e+00,5.804545845631309930e+00,6.021932575195242165e+00,1.347304169386012385e+00,2.570028551540217698e+00
0.000000000000000000e+00,0.000000000000000000e+00,0.000000000000000000e+00,0.000000000000000000e+00,0.000000000000000000e+00,0.000000000000000000e+00
4.800348281187096333e+00,4.369556956223865640e+00,7.664415036318553476e+00,4.582236589598897680e+00,2.810288003241895538e+00,3.439629161864614204e+00
5.139107607806741917e+00,2.832799555038927330e+00,8.113974963401101803e+00,4.386509481024300605e+00,1.239645584834813574e+00,2.802320968426851078e+00
4.048164743322146819e+00,5.870223832233028460e+00,8.455327015907354138e+00,4.735623123729570061e+00,2.023888319747304099e+00,6.629635300473165849e+00
3.351745858105203979e+00,1.709396523528905254e+00,6.239689568923701302e+00,4.565586041320227828e+00,2.513544842350108777e+00,5.015699918229272747e+00
1.172533355169818492e+00,2.154844598284285428e+00,3.439709995293414480e+00,3.123231781699995935e+00,1.110087040253413093e+00,4.789637692734916463e+00
1.132161085465992478e-01,9.383197473119464505e-02,3.955300359205649485e+00,2.331900755160295713e+00,4.409037945274159931e+00,5.121385071647639009e+00
0.000000000000000000e+00,0.000000000000000000e+00,0.000000000000000000e+00,0.000000000000000000e+00,0.000000000000000000e+00,0.000000000000000000e+00
0.000000000000000000e+00,0.000000000000000000e+00,0.000000000000000000e+00,0.000000000000000000e+00,0.000000000000000000e+00,0.000000000000000000e+00
2.546400365427087031e+00,8.612125737738405284e-01,5.528809486343364554e+00,5.307994869771365032e+00,6.148161313922969384e+00,6.970609180894308032e+00
1.727624127419816302e+00,1.050683162043218211e+00,4.201636466465756392e+00,3.332432965901987565e+00,6.383322583833354713e+00,7.331185836840266035e+00
3.291779819184035283e-01,5.092074769557992653e-01,5.907831748728931132e+00,2.247055978858088832e+00,5.267248314835665468e+00,6.433603704879710783e+00
3.264209344262614110e-02,2.066115161976069370e+00,3.960771473809078458e+00,3.183391426244476463e+00,5.572837362339933875e+00,6.898946895914315647e+00
2.674303812914621048e+00,2.359384134064677063e-01,7.069711181215453166e+00,3.542121363362146447e+00,5.748119430619670567e+00,4.289849727787313327e+00
8.774018254419169160e-01,1.849420976571011233e+00,5.689274820282310685e+00,4.652812369910597212e+00,5.137755549356690210e+00,4.976213308647307265e+00
5.126241881130223277e+00,2.133187186620017606e+00,5.799821112848408511e+00,5.527173514497600415e+00,3.339347430997015920e+00,3.747251054854676244e+00
3.671640595520086592e+00,2.981325289697747127e+00,6.715793758842277583e+00,5.164615938234758730e+00,1.712868240228066385e+00,4.664535597725043559e+00
3.822551559695003043e+00,2.948828497347740996e+00,5.351801238322719811e+00,5.344855303392205492e+00,3.875840773095193370e+00,5.379043304325350050e+00
1.908838803449929511e+00,1.433257582415666143e+00,4.980261702828341797e+00,2.363969510627197845e+00,4.439015271830395015e+00,4.355213630544694681e+00
3.604124828288022719e+00,1.028099732280815415e+00,4.809431072540475860e+00,5.588348559982817321e+00,4.134142144824659582e+00,4.527210573915398939e+00
3.168234359504178421e+00,1.048236897689811542e+00,5.670282214212426730e+00,4.777974323548709989e+00,5.653892835274376694e+00,3.777140662575997787e+00
5.066831895162771104e+00,3.024043868989681361e+00,8.615990961521582392e+00,6.185180920356592615e+00,4.036837214182716238e+00,5.461805994089892202e+00
2.530450186956412661e+00,4.899114520475247758e+00,9.597467610353771050e+00,5.496843925456071034e+00,4.428737049705818052e+00,4.809559562725900683e+00
3.353288264976264976e+00,5.104566609805789135e+00,8.700610559288239898e+00,4.038775181405865666e+00,4.304652337864277811e+00,5.882517447405293254e+00
2.410376064874736990e+00,2.164379954127602979e+00,6.229646811990209976e+00,4.446454107494037800e+00,2.553393799637202477e+00,5.428915035540118339e+00
4.440349393864135408e+00,2.465772315738228748e+00,7.853573652351295564e+00,6.016430414944707650e+00,2.319018221122167489e+00,6.750774150182714983e+00
2.192382406440278597e+00,4.243763255661963996e+00,6.758378619047237024e+00,5.055250443043550312e+00,1.460440864888278512e+00,5.337853714029743735e+00
4.561622471482262853e+00,4.213556690168895003e+00,7.867456118607075943e+00,2.035814743864641674e+00,2.934951340776200013e+00,4.564925098181730867e+00
3.155590694442505839e+00,1.121950320371753129e+00,5.305392848212115098e+00,3.628741085464326499e+00,2.846446909946989567e+00,4.969922534304581418e+00
1.649322096021025530e+00,3.021151444752768978e+00,6.726905393959115464e+00,3.087777420558190045e+00,2.881061130107125390e+00,4.055114778560370503e+00
2.300848481837703741e+00,4.007828941916634413e+00,2.833861738420838883e+00,4.106781075813673354e+00,1.008400253355596465e+00,4.193569385616123135e+00
0.000000000000000000e+00,0.000000000000000000e+00,0.000000000000000000e+00,0.000000000000000000e+00,0.000000000000000000e+00,0.000000000000000000e+00
3.870315467782855290e+00,5.531404681678271373e+00,2.249608772682596847e+00,4.488977708889814622e+00,4.142749991520844333e-01,1.178174270475721652e+00
2.946763174929351692e+00,4.136217795045849854e+00,4.040012178986350122e+00,4.642085953874135029e+00,2.156467373174984381e+00,2.680587267688395947e+00
3.374066430355648016e+00,4.970575163180295242e+00,2.790477788600989939e+00,4.547410716151565779e+00,1.185649390327853325e+00,3.016968274117881155e+00
3.304792185319706199e+00,5.190305757348960825e+00,3.993450055065091764e+00,3.788511942806160882e+00,3.053397824439765706e+00,3.865640459388713257e+00
1.952406076119235223e+00,2.255256904488612602e+00,4.520568904751535833e+00,4.103199969761311294e+00,4.568608855281528491e+00,4.723221933999275812e+00
2.778308833037427927e+00,3.388428238738120157e+00,7.104819016140728749e+00,3.782739550118677130e+00,3.532916609546326026e+00,2.643630617757666723e+00
4.746314592107530927e+00,4.978215065354367752e+00,5.837845064737546608e+00,3.982794302330777914e+00,2.347104971182291333e+00,5.829969839173395840e+00
2.370169336078127298e+00,1.587131553289457431e+00,5.496281682238434385e+00,4.279980601104615090e+00,3.103830846592097181e+00,2.996648536334257429e+00
2.272587406379837471e+00,4.506049192494013589e+00,5.328025163401710174e+00,4.007251952324579314e+00,2.648966526638222962e+00,4.230155059191746503e+00
1.005554701469272283e+00,4.718808982183557710e+00,4.227740172923057926e+00,6.087536299366278492e+00,8.707383332654750063e-01,2.009757060438209120e+00
2.019247094235395501e+00,3.051375714277237083e+00,5.688542193439301897e+00,6.264565116343812079e+00,3.375065593481120452e+00,2.199340654865429734e+00
3.484480633194238397e+00,7.483481540285835010e+00,8.405959729681967474e+00,5.167631773695655184e+00,2.644505758573443721e+00,5.000814674286663930e+00
4.078049598796131825e+00,2.996589098611395663e+00,3.726664358249093034e+00,2.382239319286493018e+00,1.567227014477203584e+00,3.431814234984737144e+00
5.815081249281163878e+00,3.219129990344237857e+00,6.226910757709196886e+00,5.224438564796656692e+00,2.362872547695423986e+00,1.932273301457240855e+00
3.577783227464134352e+00,1.735739344776319415e+00,2.186440964689459143e+00,3.519069981391771851e+00,3.892243919364201332e+00,3.438848411794691806e+00
1.014846222581421653e+00,3.113523432260447255e+00,3.748977122320611421e+00,5.867366946258658622e+00,3.569398224700355726e+00,4.868435785212008149e+00
8.702939398203086707e-01,1.756596381157144560e+00,4.645412759688237969e+00,3.487027048231344128e+00,5.078842206643439106e+00,3.574423759502710851e+00
4.417353892815496508e+00,2.460771576476535216e+00,4.604404939038951206e+00,3.708658086428034295e+00,3.420252334483968149e+00,6.105320034570366872e+00
1.342758513808219423e+00,2.575449647237826767e+00,5.346690415917787043e+00,3.386921741487609161e+00,4.251004034288339284e+00,2.899884787521094687e+00
1.441190339178939128e+00,4.437855574393075209e+00,4.611989233443413383e+00,4.684884744713923688e+00,6.650536208119222081e+00,5.337350994000467530e+00
2.264361182141652495e+00,1.625268132464050996e+00,3.819343939122430420e+00,4.638746421874167858e+00,3.648358072064674218e+00,2.013259270043549876e+00
1.917128865985756381e+00,2.342851009347021840e+00,3.946826186775310941e+00,5.151635427396047184e+00,1.410673226728844432e+00,3.034651592637220396e+00
1.521204331913929231e+00,5.187862526970118182e+00,3.240164893902503174e+00,3.613781178774837954e+00,2.516438186008700839e+00,6.101068082816870408e+00
3.480985202915181098e+00,3.219024886720637024e+00,3.437365685605822563e+00,4.547118656030096240e+00,2.680262166484516761e+00,2.217386283470598407e+00
5.015177279424472001e-01,3.769397083460381825e+00,3.956199420232207054e+00,1.910260627956038348e+00,5.578955714688008882e+00,3.605207283921200823e+00
2.837857860790412801e+00,3.815495853131751325e+00,3.796879927930623566e+00,4.056742505549371103e+00,2.901971620486932579e+00,5.372444820205945604e+00
8.996871104127515117e-01,1.789587509870397275e+00,5.563181262863960974e+00,5.153765585488997658e+00,4.710271866590274747e+00,3.729806756879432861e+00
2.668013588604042141e+00,5.806385589081022758e+00,4.517638188132736765e+00,2.832661441577427830e+00,3.146786516494579189e+00,4.231954491748383340e+00
1.766683433722317620e+00,5.294959145549942292e+00,4.037628267447366248e+00,4.043727837116696477e+00,1.962301903355984090e+00,1.579096840147642844e+00
3.138863128956904447e+00,4.149000228351230390e+00,4.078331779667668577e+00,5.936797457022367830e+00,1.678542053546994595e+00,3.181383794028886491e+00
1.821005255945299162e+00,5.455585605868368049e+00,6.220693193172944113e+00,6.442810322421305358e+00,1.916059256699582214e+00,2.599267704289140113e+00
2.673368388215360270e-01,5.271362690553630159e+00,2.016976127189916923e+00,6.302104716697811249e+00,1.333726554420321397e+00,2.530723165414899611e+00
0.000000000000000000e+00,0.000000000000000000e+00,0.000000000000000000e+00,0.000000000000000000e+00,0.000000000000000000e+00,0.000000000000000000e+00
1.507767690941316463e+00,2.272022120715862403e+00,1.390410083221693682e+00,6.299379890047299924e+00,1.183218626786150640e+00,4.816578311122281519e+00
5.679371849945686890e-01,3.142059761727553191e+00,2.050778238029489220e+00,3.246333164307221075e+00,3.129465713694279394e+00,3.120642038289021425e+00
8.170077211512198900e-01,5.434717879286674602e+00,3.046687224563723095e+00,4.329246601448119236e+00,2.376261239661485725e+00,5.527985213834828215e+00
9.428935147207435641e-01,3.471502626428095262e+00,2.751610761532128802e+00,4.411510857708958788e+00,2.292365138932254354e+00,2.775579372951061607e+00
9.544769627145919255e-01,3.182023170988638405e+00,6.466528681269576140e+00,4.468953114566153850e+00,4.266221984812812451e+00,3.454337124227882416e+00
0.000000000000000000e+00,0.000000000000000000e+00,0.000000000000000000e+00,0.000000000000000000e+00,0.000000000000000000e+00,0.000000000000000000e+00
5.353524250396352713e+00,3.500209141360089315e+00,6.253966848221834240e+00,3.972631271899152328e+00,4.439354456814633032e+00,2.874571186915482190e+00
2.086740773615660682e+00,5.881406221187036820e+00,4.137952381087115050e+00,3.636542245639089899e+00,4.253888664709730705e+00,3.200664286078542808e+00
1.395135961734815577e+00,4.652909114669762758e+00,2.279221709129641837e+00,4.989729256670674573e+00,3.390969414114354041e+00,3.627229358032681095e+00
1.127186727890393758e+00,5.337906041349550712e+00,6.885397329794776589e+00,5.048136664049698297e+00,2.248782238511916720e+00,2.441887752679969381e+00
3.146158395338018998e+00,4.074913172130752770e+00,5.239102743791743677e+00,5.972122975611004136e+00,2.822735852423292613e-01,3.337094107286662670e+00
0.000000000000000000e+00,0.000000000000000000e+00,0.000000000000000000e+00,0.000000000000000000e+00,0.000000000000000000e+00,0.000000000000000000e+00
3.437327273771771274e+00,3.539184723495227836e+00,2.763645354651777630e+00,2.816491746071219993e+00,2.277484963004543062e+00,3.310832236973914711e+00
2.080913166326538999e-01,1.749591605374559045e+00,2.876238946032682708e+00,1.877488357365933336e+00,3.956567963484319606e+00,3.539747504252445331e+00
3.875357690177621439e+00,2.036093276149314235e+00,5.114666344805806730e+00,1.860559118309653925e+00,4.831306041209448843e+00,6.100217477329468174e+00
3.545613671853542037e+00,1.519742628832157827e+00,5.592241118624922791e+00,3.429187563186253396e+00,4.320324566712775649e+00,2.267861439788166678e+00
2.096564051357606484e+00,6.886001684251199961e+00,5.645293199073438295e+00,4.134210917912358951e+00,2.994934836009966350e+00,4.052025178500125335e+00
2.897044583897208980e+00,5.615765163984400843e+00,3.423434588406221390e+00,1.833557496034075029e+00,7.783379559769398881e-01,3.219121703642362942e+00
1.650989577033403100e+00,1.620704699103614477e+00,2.537519294515742985e+00,1.425423597072826176e+00,2.758628881061704341e+00,4.027035615010361447e+00
2.060945086027314410e+00,1.211084860717035250e+00,2.960438401454002388e+00,3.424585550705704584e+00,1.317469248247715274e+00,4.154923194551875198e+00
0.000000000000000000e+00,0.000000000000000000e+00,0.000000000000000000e+00,0.000000000000000000e+00,0.000000000000000000e+00,0.000000000000000000e+00
1.773467144490236347e+00,6.996632599332693658e+00,4.245468906481899118e+00,3.397786520914465758e+00,2.893452954297452528e+00,2.900989185453964669e+00
1.867232091097221547e+00,1.738000869724980912e+00,5.129617468810301339e+00,5.224216766565544567e+00,3.694239596798067460e+00,7.567004626601026018e-01
2.971209968815796465e+00,3.759541021780135495e+00,8.186663512073209858e+00,5.750092604294843035e+00,4.430057292137270508e+00,4.799396453083480729e+00
2.255920942546977059e+00,2.874556953830717188e+00,9.652484062046184476e+00,5.139058783020140631e+00,4.239188854546746654e+00,4.179769193332702137e+00
5.339524500544426289e+00,5.055949146971499886e+00,6.519845257656212034e+00,5.857324756728509385e+00,1.741489849062927142e+00,5.823630651415755644e+00
1.916962408211284163e+00,4.287896226352061468e+00,6.984418370714923441e+00,5.185056786676779161e+00,1.406187389051805514e+00,3.308409990494566966e+00
1.701767326740433628e+00,7.069138433556888756e+00,4.334653791166724446e+00,6.470839326067570951e+00,6.592745573363014699e-01,5.850778836562341212e+00
3.097662989067463624e+00,3.073531668644004622e+00,5.453932104580098361e+00,4.350812090872720361e+00,1.904199972804567764e+00,1.670420076835256395e+00
1.226596143669052896e+00,3.822636785189475361e+00,6.836597893980046692e+00,2.656236854802886072e+00,4.308840986516228710e+00,3.427737633116563210e+00
2.451473264406706321e+00,1.377776043571126152e+00,5.443000074822172962e+00,1.528844338116724266e+00,4.517619703578416690e+00,5.651245052130358104e+00
2.375209876786871899e+00,2.820133065274954554e+00,6.630559385358180791e+00,2.567438940612428055e+00,3.060955516549093591e+00,6.107121890663741226e+00
0.000000000000000000e+00,0.000000000000000000e+00,0.000000000000000000e+00,0.000000000000000000e+00,0.000000000000000000e+00,0.000000000000000000e+00
1.555650531808394188e+00,1.691185775986841389e+00,2.076029178222840166e+00,1.536944117761436246e-01,3.245444342766550694e+00,3.119133179510778398e+00
4.726571658909421991e-01,1.037291680742463917e+00,3.310771089763099084e+00,3.056357508713721138e+00,4.515385967654047761e+00,5.202720008353157510e+00
1.395562478910463033e+00,3.888889805447561354e+00,4.466967117146188215e+00,4.013748543590430984e+00,5.984630451520263961e+00,3.936402523172992218e+00
3.196164360902840951e+00,2.482374990053119124e+00,5.715674094478040423e+00,4.113226592893620470e+00,5.010029438371534027e+00,3.606195615107802510e+00
4.134194804586474703e+00,3.802250225121857952e+00,7.440961620561735046e+00,5.849513857738973144e+00,4.591346125074875495e+00,5.667568130781048374e+00
1.093599665835916390e+00,1.206703975134566731e+00,7.518679545751026261e+00,6.673933311371195387e+00,5.908058520258976820e+00,6.693770461635525137e+00
3.573565915419522732e+00,1.496488357585019635e+00,9.261745074830741942e+00,3.951560098347525418e+00,7.083754371669262362e+00,6.719561608206483960e+00
1.140821767305393308e+00,2.257752709343400443e+00,7.677941941344577970e+00,5.359591532649246481e+00,5.096832333531907011e+00,5.783090632472971393e+00
0.000000000000000000e+00,0.000000000000000000e+00,0.000000000000000000e+00,0.000000000000000000e+00,0.000000000000000000e+00,0.000000000000000000e+00
0.000000000000000000e+00,0.000000000000000000e+00,0.000000000000000000e+00,0.000000000000000000e+00,0.000000000000000000e+00,0.000000000000000000e+00
1.419436002922557449e+00,5.077951359682803201e+00,6.997525199659206052e+00,4.262423858300569357e+00,4.619002479276050011e+00,7.844296645228835629e+00
3.281786796323054034e+00,6.198348669840791914e-01,7.108578111458929705e+00,3.964049710804254278e+00,5.257101547789626572e+00,3.148002568802292345e+00
3.942285636534965221e+00,4.667761695010224088e+00,8.378056849254384986e+00,3.757767023669239315e+00,4.391986691351664085e+00,5.173561206250241185e+00
3.672970752857740884e+00,3.951665516181441795e+00,6.712921246320243895e+00,5.374518223051282462e+00,4.537057099082703715e+00,7.277284697959918169e+00
9.627504141782772251e-02,9.485947267782268710e-02,4.162762419296684335e+00,4.908095562835228520e+00,5.046100677342964858e+00,4.566206029212874107e+00
5.935801767738733137e-01,1.281095839618082932e+00,3.356409178244696534e+00,4.673279511550668452e+00,3.423773402778778063e+00,3.858337389603712975e+00
2.675798160172355278e+00,2.939183809641248146e+00,5.048702475932697276e+00,4.209408107826589251e+00,4.000630634085561965e+00,5.219377162709598394e+00
2.982745375884734429e+00,3.808882986630377498e+00,5.025179316134176233e+00,4.131836216127472206e+00,3.673668287086129247e+00,2.396454752558537571e+00
2.838594959713914179e+00,2.206473073303507171e+00,6.855814504440609802e+00,4.184412254420657007e+00,4.093893761946038268e+00,3.278170521734240062e+00
2.431373811054462486e+00,3.100733551998758220e+00,6.702826670677419330e+00,3.409313749472135502e+00,3.755063269773845747e+00,5.062092775308355108e+00
3.263329244413754271e+00,2.362853112653794163e+00,6.667973953320750269e+00,3.295250401262650009e+00,3.712551481111407981e+00,4.173667248087577164e+00
3.321312605625829750e+00,3.101150993808658995e+00,8.176112145282786514e+00,3.495467454260063001e+00,4.908555766835489109e+00,4.923008022728880384e+00
2.170897695024915031e+00,4.148400177098437780e+00,6.187405751056069825e+00,4.006578046173037144e+00,4.178962043669117499e+00,5.293846708075192531e+00
1.575618655945745239e-01,1.520701062998688791e+00,4.122725913420663524e+00,2.752733797546530248e+00,5.471357343308255849e+00,3.007572548906239707e+00
2.774318896818956048e+00,3.821644196249472714e+00,5.163819635985148260e+00,4.710992867924936434e+00,3.392722200750085904e+00,5.428831472584541018e+00
6.571209745367798671e-01,2.992566337958456835e+00,6.259375977055286810e+00,3.388706037920861114e+00,5.911807706726888156e+00,5.311219036339128508e+00
3.235880591220029245e+00,3.250410156684277574e+00,5.111575377840675394e+00,2.505520580625572258e+00,4.551768601376664947e+00,3.858542328551898493e+00
9.728212566154357255e-01,1.322872239641365466e+00,3.925066827023814042e+00,5.247673245295009004e+00,5.421214920411765448e+00,4.084711148219352772e+00
7.146339423357024323e-01,3.129116374594522298e+00,6.424580819539396970e+00,4.689714376624458225e+00,5.968054153715550925e+00,4.424944474428063046e+00
2.852865128232063618e+00,3.288980059956645885e+00,3.390310114555614263e+00,5.173757008978463467e+00,4.112486212830193999e+00,5.272694864812752513e+00
1.780577868622557736e+00,9.574086486875885704e-01,4.550867730212947215e+00,5.254669486461409633e+00,5.256094482174084703e+00,4.094738993578084241e+00
2.244354994517569590e+00,3.874340586232098538e+00,5.383453264333100563e+00,4.641428433964230216e+00,5.151751425399191398e+00,7.393025211590098067e+00
1.998490005546111670e+00,1.993323400216731933e+00,4.176290787613057276e+00,3.594933988664614333e+00,3.475560319011418819e+00,3.519030968877190357e+00
2.217974078558322848e+00,3.940234950546011916e+00,4.231530481950906086e+00,4.049749709587820767e+00,4.041488974569110049e+00,5.339586884795897603e+00
0.000000000000000000e+00,0.000000000000000000e+00,0.000000000000000000e+00,0.000000000000000000e+00,0.000000000000000000e+00,0.000000000000000000e+00
5.051662465832693627e-01,1.012724703268987003e+00,3.817958863142114190e+00,2.240516000626148418e+00,2.889609195627053317e+00,5.081095563650707803e+00
0.000000000000000000e+00,0.000000000000000000e+00,0.000000000000000000e+00,0.000000000000000000e+00,0.000000000000000000e+00,0.000000000000000000e+00
1.335092423529212091e+00,2.360791742363579360e+00,1.538781216577126632e+00,5.669451824165025577e+00,2.865158292774079740e+00,2.632911473112639289e+00
9.948463273289132047e-02,3.146587906523006239e+00,3.059286475938872929e+00,3.327130331186876955e+00,2.882438516020442876e+00,2.239836010930547072e+00
1.711840728802559441e+00,4.141804506534175978e+00,1.089226694109626692e+00,3.083143705439327587e+00,1.230018710715558683e+00,1.703806626291992643e+00
0.000000000000000000e+00,0.000000000000000000e+00,0.000000000000000000e+00,0.000000000000000000e+00,0.000000000000000000e+00,0.000000000000000000e+00
3.442372819876046819e+00,5.550774247634054248e+00,3.248191776364637740e+00,4.024376339459023733e+00,1.334122412056005125e+00,1.327293704182999079e-01
0.000000000000000000e+00,0.000000000000000000e+00,0.000000000000000000e+00,0.000000000000000000e+00,0.000000000000000000e+00,0.000000000000000000e+00
