VR1,VR2,VR3,VR4,VR5,VR6
1.165752927770595804e+00,1.608553715349700486e+00,5.550412996265524868e+00,4.548348120190907728e+00,3.491074452907778181e+00,4.161765066323455109e+00
3.403268551310578260e+00,3.471516519265844369e+00,5.850272340496943890e+00,4.709848546376384171e+00,2.169715382298216255e+00,4.511262851930208484e+00
2.503855161470676105e+00,2.132095870983927277e+00,6.094685896163874794e+00,4.862717701397158976e+00,4.979943160748852016e+00,5.687135569821418102e+00
2.113995862656719016e+00,1.314829354975803222e+00,6.281671650100280502e+00,5.427520726774659465e+00,4.496804695655983508e+00,6.292711862990524097e+00
1.419770713924216388e+00,2.321439120145262880e+00,6.683928283953777694e+00,4.773542864360141635e+00,1.267357125915260951e+00,4.117055334605130845e+00
2.241987313383451585e+00,3.824080541036802394e+00,3.940259080968322003e+00,4.084270217118055157e+00,1.932984634290312975e+00,4.197068760966209844e+00
3.693046139013643536e+00,1.518126005681059487e+00,3.197390436796450963e+00,7.855472676383317143e-01,2.266136868912931757e+00,3.111554609588961018e+00
0.000000000000000000e+00,0.000000000000000000e+00,0.000000000000000000e+00,0.000000000000000000e+00,0.000000000000000000e+00,0.000000000000000000e+00
5.214640433114107410e+00,5.506975620702636576e+00,1.630886933908410885e+00,2.480421701569564874e+00,3.818780946010740251e+00,3.405582741285523518e+00
2.807957673473632898e+00,3.658551735769423274e+00,2.596077738298699700e+00,4.088454432060648180e+00,3.697858604472544997e+00,3.380952974037508163e+00
2.903089293604236953e+00,3.587858580837504086e+00,5.464048901027886984e+00,6.032558447972263593e+00,4.137152975443457059e+00,6.827976326516871808e+00
2.296962847639418825e+00,3.220963954085951819e+00,5.782923026105711628e+00,6.534029871622220043e+00,3.451409960462611171e+00,5.565027760407341262e+00
2.494114194748032087e+00,4.471012257083594399e+00,6.120672717986794353e+00,6.304696809253306000e+00,1.497650425693768605e+00,6.841250573665785595e+00
4.504162483241669790e+00,3.721975272694006520e+00,2.071730707058526910e+00,3.634730029457637457e+00,2.130423188329230832e+00,3.411182794488355707e+00
2.908234340549091801e+00,3.863309701781468597e+00,3.671956186232608221e+00,6.094794639656289092e+00,1.994453342666131945e+00,2.816261625028126492e+00
3.841164213814105999e+00,4.123489963397974023e+00,5.423488925941462924e+00,4.929138578960534645e+00,5.882416607173572842e-01,4.691877173617921670e+00
1.553891658592196912e-01,3.795702213659489566e+00,5.635956969865710597e+00,7.023254238735072263e+00,2.625607739473678759e+00,3.528122548998724461e+00
2.306606162339657207e+00,2.710994969362531037e+00,5.234673031917418839e+00,6.218629417579806251e+00,2.750901302693814721e+00,4.403005652669186532e+00
9.756484378333116769e-01,2.606872985223942951e+00,4.963200212168791481e+00,6.592941043527265954e+00,2.975266244121776094e+00,3.851098633510179337e+00
2.702046215297570608e+00,2.858984407075323642e+00,6.164193674782936228e+00,5.090136073830294983e+00,3.648794942567442412e+00,6.540837553640893809e+00
2.653550544075656603e+00,2.338861068289022072e+00,6.340537495134529244e+00,6.054825600757601123e+00,1.489287617978740652e+00,4.200714311263622491e+00
2.927092067437689238e+00,1.955486657513820781e+00,4.481650506221869890e+00,3.099874182960213886e+00,3.421281925184794126e+00,2.582861710637147645e+00
2.918718509378999570e+00,3.310848621858304419e+00,7.328811574463582446e+00,6.088334361565597597e+00,3.738333560694933055e+00,3.850793197975976412e+00
2.681331538829492267e+00,2.160724281372481403e+00,6.467121539919871154e+00,5.571161614847049748e+00,3.283063537963838652e+00,3.059006063646942941e+00
1.105528110119902152e-02,4.288002676241736921e+00,7.914296436242539201e+00,5.249326544806150352e+00,4.070903329139967219e+00,4.348724407340669451e+00
3.165782621305381905e+00,4.299742643499504524e+00,8.335057422443632902e+00,3.488657026176705145e+00,3.737468360532659517e+00,4.278081827452684394e+00
2.407030529714874412e+00,1.012985177573128226e+00,4.678371188699429695e+00,4.315611555274903921e+00,4.393913851719442931e+00,5.088707018045075081e+00
3.501394440459288493e+00,2.269131557389735043e+00,4.671098385982046963e+00,5.397149223332334600e+00,4.633163579268203769e+00,5.665203130445281232e+00
1.585002182474935406e+00,2.319691604328351975e+00,3.529772986281402680e+00,6.118668652323467683e+00,3.071657457488885079e+00,5.128378641988544651e+00
3.477092564691181220e+00,2.082259725896615343e+00,2.801008943793828365e+00,3.676194972533524563e+00,2.437684203289662843e+00,3.424603151839905824e+00
2.997873188814180523e+00,2.983463961828174416e+00,3.148716594427146465e+00,4.912563390894692184e+00,3.215636211759075991e+00,3.883364458690473864e+00
2.684796817857439510e+00,3.758497906580637427e+00,4.899499468550639669e+00,4.237073092683472986e+00,2.392353551123559185e+00,2.797549054634284715e+00
3.319906802125715650e+00,2.904657870785266383e+00,6.077433906419592802e+00,5.296466889397238198e+00,4.373267887909152662e+00,4.152716978940821591e+00
3.119390392423343705e+00,3.421519533298305493e+00,7.452533018011144428e+00,3.298337841224092237e+00,2.987135722192717502e+00,6.249838685745800149e+00
1.296940462558154206e+00,3.607646179390169738e+00,6.421630467758179250e+00,3.939349311960048450e+00,3.132377584059769848e+00,5.714869956440843168e+00
1.533656966883583772e+00,2.078190261286207097e+00,5.438060324990816596e+00,2.026092328886076377e+00,3.541696559212037521e+00,6.286379802326731436e+00
5.424832316198233695e-01,2.934523389803842086e+00,4.153485231634127750e+00,2.658800284058271846e+00,4.120213556456515214e+00,4.089705672094544830e+00
1.844527210668995387e+00,9.693665687627186500e-01,2.801568561705480409e+00,2.529725896088800496e+00,2.257335281223285861e+00,2.336959717344034182e+00
5.617379583466579618e+00,2.148348505794642982e+00,5.521571226529862209e+00,3.650766186170250727e+00,4.231015899701681349e+00,2.870816889001475136e+00
1.131864351354203269e+00,4.516945717220822942e+00,5.830032696417687177e+00,5.445407473913573604e+00,4.535112253344636635e+00,4.709170322111809526e+00
3.290403831356215392e+00,3.161642370314341921e+00,7.426192723902682147e+00,5.686698209732704790e+00,4.358267009299543915e+00,2.782475339686603100e+00
2.921871502026769818e+00,6.587897553490842384e+00,4.976284880633766505e+00,4.091281445266179873e+00,3.896925703998058044e+00,2.392779074283580609e+00
1.929946742265820081e+00,6.902533476279124613e-01,5.104370169566998072e+00,3.641308470303674216e+00,4.320365803601556642e+00,9.301779588778651409e-01
5.004806306545485306e+00,4.699024172295924728e+00,4.174307004973193180e+00,3.852279780024637557e+00,2.917902743946569899e+00,5.653614489892458295e+00
0.000000000000000000e+00,0.000000000000000000e+00,0.000000000000000000e+00,0.000000000000000000e+00,0.000000000000000000e+00,0.000000000000000000e+00
2.250759002956813859e+00,2.166830470342481885e+00,3.534729173900094779e+00,3.050713820908490526e+00,4.576500637944830530e+00,3.633452991614710914e+00
3.327338646014459833e+00,4.762533709871219934e+00,3.326493649284561371e+00,2.088663001992109081e+00,2.566328545070896361e+00,4.907187400221041607e+00
3.579133326310083518e+00,1.853449853352221233e+00,3.562169115883349946e+00,3.894919534441726672e+00,4.281033215277559201e+00,2.402555411917660866e+00
1.970285996514642424e+00,2.970598142352222748e+00,3.144023463206334412e+00,2.513493264039847741e+00,4.941442845517920901e+00,3.190362349073103676e+00
7.938187558990656978e-01,3.536290476981417630e+00,6.631807298364268632e+00,5.549322782805210963e+00,4.228355208477128535e+00,3.495422099102149183e+00
1.906591062277217974e+00,3.498735165025415927e+00,3.975369950538236719e+00,4.895665720930304943e+00,3.331750799566298049e+00,5.168051133607379555e+00
4.807729449357507789e+00,4.075613372890920516e+00,4.878745669555520692e+00,4.313184778724305168e+00,1.215175502676412611e+00,2.742171874441593271e+00
1.338131255201207015e+00,3.527833494339772002e+00,3.075521507420249101e+00,4.784973261447685644e+00,3.268862567926906770e+00,5.037067461954095826e+00
4.424921860047067668e+00,3.633536400240307884e+00,5.418378522257003560e+00,4.804897078422348144e+00,3.434323263032193374e+00,3.944730160746126479e+00
4.580647737774449446e+00,1.800172507036619685e+00,2.837826660970005577e+00,4.711786619690412792e+00,3.686566181897391825e+00,2.035606397631177344e+00
1.654986452900595095e+00,6.481246620084833765e+00,9.073781177368713813e-01,4.563523713397985127e+00,2.681951368368368893e+00,3.401424410293229172e+00
6.569358525095396750e-01,4.044956327974426280e+00,4.564095606425192742e+00,4.844405000921383042e+00,2.594489010634245307e+00,1.276581119270528752e+00
2.538909806192195973e+00,3.477186403816484805e+00,5.500853796362175530e+00,3.506786165807051603e+00,6.115109640283137082e+00,5.137063552007735900e+00
2.663635319301623561e+00,3.982487299401459513e+00,7.830850855773542563e+00,4.359499370140048846e+00,2.044098334237304471e+00,4.838677833087273505e+00
3.124528691473720698e+00,4.545072166234790600e+00,6.953813013101182605e+00,5.226570792795246945e+00,2.415821548502723459e-01,6.557454719828612610e+00
0.000000000000000000e+00,0.000000000000000000e+00,0.000000000000000000e+00,0.000000000000000000e+00,0.000000000000000000e+00,0.000000000000000000e+00
3.374848024684597991e+00,1.101355925601669616e+00,7.355726633852744278e+00,4.610279327602563093e+00,1.453944843197448433e+00,4.866410056479708146e+00
6.784541935573416005e-01,3.194022519143528971e+00,5.241974976058045854e+00,3.898135094624470387e+00,7.043619761888724184e-01,5.515172966738827398e+00
3.689556452952835297e+00,3.913978018514114865e+00,6.856116344548571107e+00,5.258904463665671436e+00,2.058162387252814973e+00,3.715315599851992445e+00
1.453875969139728941e+00,4.554800316105109381e+00,7.972540799297846981e+00,4.858544479179052189e+00,1.823180457077063998e+00,4.298706376709915844e+00
0.000000000000000000e+00,0.000000000000000000e+00,0.000000000000000000e+00,0.000000000000000000e+00,0.000000000000000000e+00,0.000000000000000000e+00
2.706939224843430303e+00,1.882990609858900211e+00,5.058701312175167608e+00,1.634920970372905735e+00,7.123886822037666100e-01,3.546773981277184795e+00
8.850430130377782145e-01,4.493420044101450017e+00,7.211660592982553908e-01,6.957017708851029880e-01,1.962682419144330837e+00,4.790789352723702876e+00
3.447861560143949511e+00,2.308691875257499415e+00,8.928348444806610829e-01,2.265948282109062628e+00,1.892195332099719796e+00,2.262023541957388861e+00
4.413083654109816401e+00,3.942115291253239562e+00,1.051549414376828917e+00,2.909499640193536685e+00,2.487450444103840752e+00,4.509738076355900738e+00
1.063505994477182304e+00,3.293050294253637933e+00,3.784482107795882566e+00,5.729119908325123411e+00,2.400223589322380668e+00,2.469357483992979496e+00
1.696564642066106021e+00,4.012334794577093078e+00,3.498258973013529616e+00,4.858013449105789583e+00,1.496378306070596409e+00,5.142149059096325914e+00
4.002201697497669741e+00,2.183013892878611362e+00,4.460367410525372556e+00,6.864808771957289224e+00,2.274478288606622822e+00,4.790544712441901609e+00
2.694486571809688424e+00,4.343684389924773903e+00,6.986617363516691270e+00,6.247274350344442340e+00,1.153351757793393606e+00,5.205226189729808439e+00
0.000000000000000000e+00,0.000000000000000000e+00,0.000000000000000000e+00,0.000000000000000000e+00,0.000000000000000000e+00,0.000000000000000000e+00
1.440409944115533580e+00,2.997046313982601795e+00,7.431595026275463312e+00,4.171431719901793400e+00,3.167962891789530389e+00,3.038734902711442309e+00
1.331946508663859108e+00,8.579207594644011614e-01,5.528874585581546874e+00,4.671576118791986865e+00,3.803376254461519501e+00,2.834417971512665613e+00
4.359259461035859040e+00,4.956319545520095460e+00,3.008471748506525323e+00,4.695051065539738389e+00,2.900624694586550589e+00,5.587485790382913819e+00
3.052133113801863473e+00,3.567328354754800479e+00,4.912484004282591243e+00,3.519018912828336454e+00,2.293013111496606804e+00,3.266068834702205326e+00
2.063736129947051801e+00,2.519041700814410589e+00,4.018490253802733392e+00,4.277840941685407294e+00,2.809967180453043500e+00,4.266618269293632082e+00
4.817660928015770061e+00,2.313205452452657518e+00,5.889853337545240208e+00,5.895450826324596605e+00,1.873227032753924437e+00,3.369962536109417428e+00
2.785623364366545562e+00,2.846042000833239882e+00,6.772964569206890495e+00,4.564770408363551191e+00,3.603976989199832559e+00,4.487585792348145475e+00
2.186787998278258982e-01,3.027934687189398844e+00,4.183420336973398435e+00,2.022839055108046402e+00,5.477921277906448339e+00,3.630986215648750459e+00
3.231523978784607287e-01,2.827576736665113444e+00,3.283453206316516493e+00,2.331655127404501648e+00,5.379764512045351665e+00,3.268037517348460597e+00
4.304520811496665544e+00,5.189017324053029512e+00,5.153363750192784032e+00,1.763730398669715260e+00,3.767316737239678748e+00,2.071190354122359079e+00
2.388017233797019134e+00,2.055662805541942362e+00,2.531428496732386346e+00,5.081484275156319619e+00,4.112972515294064380e+00,3.031977392040339225e+00
2.352695024271509894e+00,4.071322680268360195e+00,2.587183817513319273e+00,2.600418119254788607e+00,4.612085621915132272e+00,2.195866293718693907e+00
3.541752873295118675e+00,2.711637425975657933e+00,4.750010335786541305e+00,1.417315826495310738e+00,5.952298016743948317e+00,2.264974400579735203e+00
3.517433991512240787e+00,9.552589859362101699e-01,5.171320627238078949e+00,2.903163956827736758e+00,5.559651407839686144e+00,4.923189083101976671e+00
2.884645477385558543e+00,5.234923509966320943e+00,5.267840230920228350e+00,3.053043889838634062e+00,1.956036103690194983e+00,4.114051608506179569e+00
2.026347643894769401e+00,3.742909486402257180e+00,3.019592823077660970e+00,2.326455063254037281e+00,2.318006841555491526e+00,2.462423238726089814e+00
1.749248142609603818e+00,2.774677306110221231e+00,4.372474252570055064e+00,5.410184165943933365e+00,2.690324636758331334e+00,2.857396290472324019e+00
2.804591725398995372e+00,3.488886812133666471e+00,8.260027593313468586e+00,6.198853048114855824e+00,2.639312084497865030e+00,3.057793331313791718e+00
1.239495734590464693e+00,1.613762342067168509e+00,7.792791154800543296e+00,5.740276935528959790e+00,3.146495725640777952e+00,3.391170715670794422e+00
2.050664045360254484e+00,3.364499950440211773e+00,7.482201802288913406e+00,6.970630194320781570e+00,2.620023497834741644e+00,7.462498853753821493e+00
2.772981953740106587e+00,4.878111571615439956e+00,5.605294135152382395e+00,5.531928562478953815e+00,1.237851418416324956e+00,6.053026720741531364e+00
1.947835853390881056e+00,3.879364278204518790e+00,5.924008428603537268e+00,4.507723445350407587e+00,2.334509794495920776e+00,3.131364326301453449e+00
0.000000000000000000e+00,0.000000000000000000e+00,0.000000000000000000e+00,0.000000000000000000e+00,0.000000000000000000e+00,0.000000000000000000e+00
1.300213921732146449e+00,3.412795419995363844e+00,6.533770705917352650e+00,4.717254872169430513e+00,2.703719848393959069e+00,4.474681727787801044e+00
1.545230158107349983e+00,3.815766934305920621e+00,4.821802795531977104e+00,4.695470153574381023e+00,2.765583507878738523e+00,5.158945967962923262e+00
1.338579823351422338e+00,3.311329584277025617e+00,4.979492187602947872e+00,5.768463273978451156e+00,1.562438183579227591e+00,3.753437424954542578e+00
1.961652193953000722e+00,2.229316643242779339e+00,5.411206385505071381e+00,5.014006935800560782e+00,3.734704904780963730e+00,4.954383448268367296e+00
1.229019352026527123e+00,2.187417665979459969e+00,5.603992403852789295e+00,3.444469015687418256e+00,3.739845188700805068e+00,4.010470434776756576e+00
2.857950808890408645e+00,4.424828357983667360e+00,3.473441753216142125e+00,5.150902243801549041e+00,3.635642311004407823e+00,5.180811215766715883e+00
1.437334932298298007e+00,3.342188687097555011e+00,2.769267980042500632e+00,3.260687660635694929e+00,2.382205595206143833e+00,3.378580333952356796e+00
4.416475875150830177e+00,3.839065872711829197e+00,1.319057245321582528e+00,2.902708498694996919e+00,3.014758243971850771e+00,4.558184662303033541e+00
3.915170319147896372e+00,3.414220617703765281e+00,3.225728841928792612e+00,2.623872947533724354e+00,3.980037946112554792e+00,2.778686750756254042e-01
2.882358257747529517e+00,4.463023530338848133e+00,1.729190196688993097e+00,2.579826908139174702e+00,5.565869683519250266e+00,4.574960610574522413e+00
1.812399657413263698e+00,3.830509942052954031e+00,3.166792908437285003e+00,3.951552869681571156e+00,3.973104402282544356e+00,3.677161043189070000e+00
4.813230920597589169e+00,1.226994090254417857e+00,1.922478615891507925e+00,2.362899976353554088e+00,2.406601585523476139e+00,4.181572559632951602e+00
3.191152736798941625e+00,6.762944754962467719e-01,3.586675093326477270e+00,4.579154973988971200e+00,4.185940614386398195e+00,4.271478235280532054e+00
3.959273692247245791e+00,3.996266049623299565e+00,7.537718491727360970e+00,5.687534547619808478e+00,3.647574417675333081e+00,4.244270323704618875e+00
3.122683338782634710e+00,4.264516066207225897e+00,7.463109372080938719e+00,6.715286105969331842e+00,2.168244613238603957e+00,4.829441445535538335e+00
2.696823205530925360e+00,3.638822785245376945e+00,6.739891251247517090e+00,5.092304014849919902e+00,1.111372622470860883e+00,5.831817171327621452e+00
1.969364140934515950e+00,3.097962542691497845e+00,5.634942053840931386e+00,3.542372428754685387e+00,1.897403592487102886e+00,4.661189682516914345e+00
1.363337306024014151e+00,5.357718785722116017e+00,3.030416885693946405e+00,3.269850584450416875e+00,2.827567913115261788e+00,4.915569138547627226e+00
2.534112856238239786e+00,3.921117082346990301e+00,3.896511881510186015e+00,4.230708218489363404e+00,2.926683086423451208e+00,2.260042175108683882e+00
3.996097624716830055e-01,2.544261601665136485e+00,2.962883855200580729e+00,2.739303405510497669e+00,3.450130038538387289e+00,2.625473755698903844e+00
1.210783760617389682e+00,2.626163554706604231e+00,5.636741845311540544e+00,2.596654803162572467e+00,3.783027373339848065e+00,3.848097095450023097e+00
1.654005292408200045e+00,2.768794289567459543e+00,2.826801514080744759e+00,4.843312098075738703e+00,1.396396916048233905e+00,4.121022139316028898e+00
3.484804088760052654e+00,2.969241393285457775e+00,4.246219434022175498e+00,5.980872546984440596e+00,2.231090855281941288e+00,4.399578998911707117e+00
4.338639868746394512e+00,1.947729139165529366e+00,3.844488369031425989e+00,2.571651666309191064e+00,2.299059138167119709e+00,4.193435349796503786e+00
1.040144544679986627e+00,4.774285947592118440e+00,3.667403264083564096e+00,2.249393853018672562e+00,3.473809976752928463e+00,4.864795021413052645e+00
1.693069337494404358e+00,2.570724224338745145e+00,3.344650953555312611e+00,2.530168423045564108e+00,5.421780584616261223e+00,2.466618628215116793e+00
2.634753924168060202e+00,1.741861222883000160e+00,1.926958331584455841e+00,1.184463008992560518e+00,5.047312671096604753e+00,3.747348409584692952e+00
1.970876755237209288e+00,2.231820443719487290e+00,2.756044974353330623e+00,2.208221864024087822e+00,5.734895720429758370e+00,2.649512201474554018e+00
0.000000000000000000e+00,0.000000000000000000e+00,0.000000000000000000e+00,0.000000000000000000e+00,0.000000000000000000e+00,0.000000000000000000e+00
3.780883604098862705e+00,3.098298344022399231e+00,5.010693186142253452e+00,4.161620908280154296e+00,4.273428867262738962e+00,3.997482176378766017e+00
2.359080549101244539e+00,5.563077778996539102e+00,5.694958066732390023e+00,4.889244117701506021e+00,3.342532866421132454e+00,2.176957801588529584e+00
1.628508264106719672e+00,1.968683959810205497e+00,7.226120788389220451e+00,4.854928889798344471e+00,2.739977705948372311e+00,4.537700213178146313e+00
5.465993459960938328e-01,4.428783424213232678e+00,7.300225136879287646e+00,5.501911717899579557e+00,2.001076675613874922e+00,5.476106059536310688e+00
1.479852310625954903e+00,4.009633273910750972e+00,6.453853263700764842e+00,5.680480348959238590e+00,2.373769829000431208e+00,4.686513328267824186e+00
1.870384466973072257e+00,2.471103242182719040e+00,1.004431108951227714e+01,4.181183289902350886e+00,3.988627479200864467e+00,3.714536732908303218e+00
3.957876340761754541e-01,1.894843818580643324e+00,8.436815332458296623e+00,5.998649519899418081e+00,4.998049537487996297e+00,6.649017522346420961e+00
3.581584973755791435e+00,3.178771426690476076e+00,6.529292949492322862e+00,5.202553795916021073e+00,2.486016147115188701e+00,5.387218876535625256e+00
2.345960087144853379e+00,3.462139902111567302e+00,7.600606952608183420e+00,6.019922516455372019e+00,2.346483082770022488e+00,4.200072104548216778e+00
2.028867465365661982e+00,4.300028504244173710e+00,7.505314433638993421e+00,5.203375918512101350e+00,2.169865868431166245e+00,6.732754598837859206e+00
0.000000000000000000e+00,0.000000000000000000e+00,0.000000000000000000e+00,0.000000000000000000e+00,0.000000000000000000e+00,0.000000000000000000e+00
6.151519953723378897e-01,3.588953192793456815e+00,4.442731523125192261e+00,5.382440991491506566e+00,4.680249375901165187e+00,2.730655050327818412e+00
4.657573215620475438e+00,3.040490369495503220e+00,5.107761167955196413e+00,3.899871496408202187e+00,4.788072482256207962e+00,3.554465767061674608e+00
6.462911174647891777e-01,2.120412959086680260e+00,4.140771325151298754e+00,5.755813550371359000e+00,5.178046552052869345e+00,6.020903399726961425e+00
7.411956037134468378e-01,5.266989254480372473e+00,4.701739149102697191e+00,4.397605255644693401e+00,3.876859042694356106e+00,3.964270911340439074e+00
4.925862108716426491e+00,4.786791486888034797e+00,3.588363688066479984e+00,4.556969508860413853e+00,2.714852468096637050e+00,3.857269368026613243e+00
3.793488464740053967e+00,1.110406213989606927e+00,5.029842637061561206e+00,4.348804776217757961e+00,3.399450539547422601e+00,1.287940419208842613e+00
1.901678605257293153e+00,7.362514999806260008e-01,3.172614552101860497e+00,4.058797989267130646e+00,5.840492374818140320e+00,3.225012383847999597e+00
3.274798666699392680e+00,3.461331195862337839e+00,2.801648787747205382e+00,3.113235305544356901e+00,4.251783072255802765e+00,4.505881113134815763e+00
6.069701365825489248e+00,6.040701065114859603e-01,3.023870617044896569e+00,3.933890604704611160e+00,3.306678114419513648e+00,1.299889947171413151e+00
2.187206480911545903e+00,4.634782769461477159e+00,6.888260008306268389e+00,4.243881532390900269e+00,3.702724803684107613e+00,3.210624225392680664e+00
2.514942564834923289e+00,2.928219316969804531e+00,6.186326895895143174e+00,5.090752163834564747e+00,4.549866771303624269e+00,4.509941447103507528e+00
0.000000000000000000e+00,0.000000000000000000e+00,0.000000000000000000e+00,0.000000000000000000e+00,0.000000000000000000e+00,0.000000000000000000e+00
