VR1,VR2,VR3,VR4,VR5,VR6
4.196277472684539767e+00,2.787157368638733423e+00,3.996998803437251446e+00,3.713460065097382135e+00,2.676603382359915795e+00,4.633052635831106159e+00
4.346578522944718692e+00,5.923269428287875726e+00,2.283088498807723798e+00,6.066189844018188282e+00,2.802250057860815602e+00,4.759015163972570406e+00
4.147430892674693226e+00,6.406652626952258345e+00,4.403690384573820005e+00,4.057670622299808016e+00,3.022767568139496763e+00,3.524128657510484874e+00
2.269667966336781806e+00,4.970377567211355263e+00,2.931954587961561831e+00,3.478607008863085603e+00,2.546806814266024510e+00,5.092138204823450032e+00
3.556063299844335113e+00,6.117676673742535876e+00,4.492419467994629656e+00,3.212271363470184493e+00,3.232103771335358200e+00,2.887084510967311779e+00
3.392489312975928151e+00,5.491994177168862734e+00,5.110434112775545046e+00,4.580224084053413414e+00,3.477067627503100944e+00,3.941773069196108814e+00
4.765020684023240083e-01,4.445367537418421833e+00,6.594794542019023709e+00,4.330865847693066151e+00,2.407151459586301279e+00,3.679085627708709172e+00
8.519416531338024345e-01,4.742023783199891263e-01,4.345509878425215078e+00,2.916053675855558414e+00,7.436601066202865873e-01,5.414950844776828198e+00
1.985879055863535303e+00,6.002152217708700555e-01,4.203670776277239618e+00,3.565660701744941985e+00,3.306375012199113783e+00,4.362287802530587122e+00
4.392085648720676083e-01,1.687448655423178234e+00,4.162238671544813862e+00,5.183274346304333591e+00,3.741617232385452407e+00,3.648163473058609441e+00
3.332847056851974799e+00,6.930697450920129121e-01,3.782356407484734007e+00,3.302038363572302959e+00,1.237324794248454873e+00,3.013000655119175253e+00
4.587686332397096223e+00,6.158499850721267599e+00,1.081818541159401903e+00,2.791740215391319779e+00,5.453956724801236611e-01,5.590128290570048009e+00
3.591320061568543665e+00,9.969154403579910451e+00,1.527634547809930687e+00,1.761698986026498215e+00,2.830319181010509944e+00,4.567659256993104044e+00
6.496777614599634987e+00,6.087953561652232892e+00,9.505685008329516350e-01,2.253939283493417989e+00,3.250617764170967927e+00,2.198969623252822192e+00
3.996491604880838544e+00,3.608351000419792509e+00,2.872867093840139496e+00,1.804509172384818783e+00,2.337378414777265156e+00,4.410590339316600605e+00
3.162949285591725612e+00,4.262682351927076674e+00,9.825457226725671234e-01,3.697897184586516062e+00,3.443627273630195162e+00,5.305118899531555243e+00
3.158477244493234526e+00,2.819383314224594095e+00,2.750616543244058576e+00,2.846900245202589108e+00,3.098492332084320733e+00,5.136718880223054562e+00
2.889034391446617889e+00,2.535602661551410009e+00,4.788607512608930250e+00,4.170475203498314798e+00,2.977870354533775465e+00,4.111677331737398688e+00
1.996264928923902282e+00,2.495855045088320789e+00,5.370245555284302696e+00,4.989314739662514597e+00,4.343438804704401690e+00,3.918890982880723683e+00
1.823895274063421557e+00,1.309046637904808463e+00,4.251196263116975516e+00,4.339201452002209081e+00,4.402106406225870572e+00,3.914915250573582917e+00
5.101111344411519699e-01,4.831234710031844237e+00,3.450922203152456458e+00,6.018318944773461965e+00,3.275106060853568035e+00,5.171161759102963273e+00
1.966799564085170982e+00,2.087917609435225863e+00,2.504399692764784913e+00,4.264237129858703845e+00,3.755220006571294622e+00,3.467606067836145556e+00
9.927381870542137943e-01,3.687474994641068093e+00,4.551454911045764717e+00,3.870937090788650448e+00,3.491063848644089251e+00,3.401227284598510980e+00
2.134254980727002593e+00,1.983906153842783127e+00,7.182116229885017411e+00,1.297367097861062746e+00,2.658989395926393939e+00,2.563695277304312903e+00
0.000000000000000000e+00,0.000000000000000000e+00,0.000000000000000000e+00,0.000000000000000000e+00,0.000000000000000000e+00,0.000000000000000000e+00
0.000000000000000000e+00,0.000000000000000000e+00,0.000000000000000000e+00,0.000000000000000000e+00,0.000000000000000000e+00,0.000000000000000000e+00
0.000000000000000000e+00,0.000000000000000000e+00,0.000000000000000000e+00,0.000000000000000000e+00,0.000000000000000000e+00,0.000000000000000000e+00
0.000000000000000000e+00,0.000000000000000000e+00,0.000000000000000000e+00,0.000000000000000000e+00,0.000000000000000000e+00,0.000000000000000000e+00
0.000000000000000000e+00,0.000000000000000000e+00,0.000000000000000000e+00,0.000000000000000000e+00,0.000000000000000000e+00,0.000000000000000000e+00
7.237623464535014151e+00,4.843479777676510167e+00,3.955835077928659960e+00,4.273796002554714590e+00,4.634736141475113591e+00,3.244946725512437791e+00
2.814013480675403134e+00,3.755011006711216126e+00,1.578407398987367927e+00,3.775426228741320500e+00,3.027916475498331206e+00,5.298993202064744779e+00
5.841798840288854322e+00,3.207142251310425518e+00,2.471408173983843604e+00,2.881114730662802881e+00,2.540573841669313104e+00,4.089157262670384263e+00
4.443484104478502061e+00,3.516990453013180584e+00,2.160458137454432048e+00,3.953353448260587211e+00,3.701213439395452109e+00,3.307907331055074174e+00
3.820036758112064224e+00,3.968618699707965103e+00,7.437956697165351017e-01,3.221952449883895842e+00,3.403447173844004414e+00,5.657644379897641684e+00
4.586103124003549247e+00,5.654174324182381639e+00,2.820001394439344722e+00,2.221507267700594479e+00,2.553160054292938685e+00,4.819935423342804448e+00
4.643636018146994004e+00,6.645836769187326354e+00,4.183198099585601959e+00,2.970979191289140342e+00,1.493806026112006524e+00,2.863350370716400750e+00
4.100689663989248501e+00,4.949942581540963005e+00,6.563844237981594887e+00,5.124190284480218516e+00,2.386580166526498736e+00,5.276969969211181777e+00
2.789719331367262800e+00,2.600636196666448186e+00,5.702248999645831873e+00,3.475161967072173397e+00,4.760549475405904118e+00,3.638067918014312951e+00
1.959942094665700241e+00,3.312468671065342818e-01,3.823124428781804696e+00,3.245599240855816969e+00,1.691466786974158865e+00,5.901614722579589412e+00
5.382480228848475434e+00,4.647296107922221253e+00,5.009115492749549148e+00,1.578379019785668191e+00,4.111042222061017881e+00,5.441701837187542523e+00
5.133561754789814913e+00,5.332330044129503399e+00,3.627968394241344985e+00,3.300862061394034264e+00,3.984500058393455113e+00,3.352301725428794565e+00
6.490008785498712740e+00,9.287484426839753837e+00,3.181815023726206615e+00,1.174128798785394778e+00,4.032481466174708373e+00,4.674718509211588824e+00
6.408111212373182042e+00,8.261103715423448790e+00,3.036852508617753799e+00,4.370332260410455305e+00,1.599716938047409887e+00,4.167215305569134109e+00
2.935695829289258540e+00,6.788084925610458953e+00,4.862297679197427946e+00,6.829992125400762504e+00,3.806753438998453198e+00,2.298983965563670129e+00
4.341440165978229793e-01,4.348563877691671742e+00,5.157164091638505532e+00,4.875988913260687951e+00,3.965508845962424811e+00,4.474369026924406079e+00
3.637436320057672035e+00,3.692214479789326376e+00,4.355888733414232661e+00,2.995838654285722491e+00,2.679546194002581316e+00,2.579978892658936207e+00
2.381027259484465919e+00,2.492788696450981334e+00,1.372255281285484685e+00,3.961101081708350069e+00,2.093030063356358550e+00,4.865380044519183933e+00
1.274397372342294110e+00,2.244430873412285976e+00,3.318321133959107438e+00,4.493154594757220011e+00,3.772510666197607776e+00,2.941826591649890688e+00
0.000000000000000000e+00,0.000000000000000000e+00,0.000000000000000000e+00,0.000000000000000000e+00,0.000000000000000000e+00,0.000000000000000000e+00
1.658253086702153434e+00,5.038748582701528811e-01,4.801361214938905775e+00,3.095768721447527572e+00,3.744351384751492429e+00,6.288169147280244786e+00
1.910835012219618267e+00,6.686122846939812625e-01,4.332783931346367190e+00,6.275678186021384164e+00,5.937244598480040381e+00,3.205091349278064605e+00
0.000000000000000000e+00,0.000000000000000000e+00,0.000000000000000000e+00,0.000000000000000000e+00,0.000000000000000000e+00,0.000000000000000000e+00
2.088153540830849586e+00,2.806197150226772408e+00,6.141969021649337002e+00,3.166440519559521327e+00,2.149857177037506339e+00,4.113494067514070096e+00
2.389082624527544052e+00,3.000795283758836973e+00,6.784080850003981311e+00,4.829142459257756315e+00,3.366471899499599907e+00,4.015202647482347231e+00
1.068969584028086839e+00,1.063558624326421453e+00,5.115090426613831731e+00,6.118170836906518417e+00,3.351017828070989690e+00,3.694435099753636820e+00
0.000000000000000000e+00,0.000000000000000000e+00,0.000000000000000000e+00,0.000000000000000000e+00,0.000000000000000000e+00,0.000000000000000000e+00
0.000000000000000000e+00,0.000000000000000000e+00,0.000000000000000000e+00,0.000000000000000000e+00,0.000000000000000000e+00,0.000000000000000000e+00
2.081014801349512666e+00,2.656640083789884699e+00,7.189600749371384936e+00,4.311748489315768040e+00,2.765014812624853491e+00,5.826057132750242396e+00
2.152775550191428522e+00,4.180163370891673225e+00,4.520139192918421145e+00,4.294125162687011610e+00,2.080343316273063792e+00,4.934350089826262220e+00
4.305752019029168487e+00,5.219920507835128731e+00,5.390658667249092595e+00,4.860234455272173903e+00,4.142839566208836644e+00,3.388695582987573118e+00
2.222341443378530901e+00,2.262743068692382842e+00,5.389558323406043350e+00,5.154331424125544459e+00,4.947687495338546348e+00,4.776036998857811966e+00
4.613390744263935694e+00,5.447780121859581826e+00,5.527256740170237492e+00,3.085127208058655590e+00,4.020839770130756996e+00,4.691025197410628067e+00
4.487613200123900192e+00,5.814534200732877522e+00,6.516755933801108291e+00,1.644903798669312245e+00,7.363026493235036440e-01,3.189554856341850986e+00
4.901374052691082284e+00,7.186727606377575128e+00,6.298545104393211247e+00,7.359053869741639886e+00,4.227971885831957266e+00,2.437666987176759115e+00
3.363967489595893312e+00,5.153491616672045694e+00,6.695974837468279262e+00,2.786899427614306646e+00,1.531785015376363912e+00,3.526945843491155586e+00
1.621787768387384698e+00,4.547741839039193934e+00,6.391030198934641859e+00,4.109435304583299420e+00,3.466924368431151482e+00,4.607728702353957040e+00
4.042758565384043656e-01,3.598010947624465494e+00,5.593689894034787002e+00,4.993299967943320539e+00,4.740257587311706544e+00,3.260066190916347750e+00
0.000000000000000000e+00,0.000000000000000000e+00,0.000000000000000000e+00,0.000000000000000000e+00,0.000000000000000000e+00,0.000000000000000000e+00
0.000000000000000000e+00,0.000000000000000000e+00,0.000000000000000000e+00,0.000000000000000000e+00,0.000000000000000000e+00,0.000000000000000000e+00
0.000000000000000000e+00,0.000000000000000000e+00,0.000000000000000000e+00,0.000000000000000000e+00,0.000000000000000000e+00,0.000000000000000000e+00
0.000000000000000000e+00,0.000000000000000000e+00,0.000000000000000000e+00,0.000000000000000000e+00,0.000000000000000000e+00,0.000000000000000000e+00
0.000000000000000000e+00,0.000000000000000000e+00,0.000000000000000000e+00,0.000000000000000000e+00,0.000000000000000000e+00,0.000000000000000000e+00
0.000000000000000000e+00,0.000000000000000000e+00,0.000000000000000000e+00,0.000000000000000000e+00,0.000000000000000000e+00,0.000000000000000000e+00
0.000000000000000000e+00,0.000000000000000000e+00,0.000000000000000000e+00,0.000000000000000000e+00,0.000000000000000000e+00,0.000000000000000000e+00
0.000000000000000000e+00,0.000000000000000000e+00,0.000000000000000000e+00,0.000000000000000000e+00,0.000000000000000000e+00,0.000000000000000000e+00
0.000000000000000000e+00,0.000000000000000000e+00,0.000000000000000000e+00,0.000000000000000000e+00,0.000000000000000000e+00,0.000000000000000000e+00
0.000000000000000000e+00,0.000000000000000000e+00,0.000000000000000000e+00,0.000000000000000000e+00,0.000000000000000000e+00,0.000000000000000000e+00
2.490080601858562837e+00,1.303595419851494519e+00,3.339203102373959453e+00,3.383352633584763236e+00,4.428662610493050877e+00,3.704903723110263059e+00
0.000000000000000000e+00,0.000000000000000000e+00,0.000000000000000000e+00,0.000000000000000000e+00,0.000000000000000000e+00,0.000000000000000000e+00
3.394916637437036311e+00,6.030084572870957338e-01,2.703462502814045543e+00,2.701469945269026063e+00,2.819947654619647359e+00,7.839571279200313825e+00
3.763390092495398243e+00,2.384086775209914855e+00,4.207413224259763496e+00,2.610229839130168372e+00,3.161332239515963316e+00,3.669473029244619156e+00
2.449732417076087465e+00,3.809350266681724939e+00,3.954779826812758969e+00,4.044116214976617663e+00,4.997376935591151259e-01,3.955559095385805968e+00
3.446386720991676977e+00,7.320784443157423382e+00,5.731632341166593925e+00,4.391830142372310064e+00,3.362631331291888959e+00,6.435546713827875465e+00
4.869291903982320591e+00,8.144068728600355911e+00,3.962256860430525052e+00,4.885568418407332025e+00,2.480870684129675485e+00,6.378860254575528188e+00
3.693894632858976124e+00,3.449542861882577416e+00,4.928044623744586517e+00,3.585899066294188309e+00,3.566990155568741550e+00,2.679484487741364163e+00
3.395321481816088394e+00,4.402419181672073023e+00,5.439304167648028709e+00,7.615126760375710901e+00,2.344777731488706607e+00,2.614804195767545636e+00
2.621705648694568236e+00,3.809849142097229358e+00,4.458641699860149465e+00,2.158248405227986666e+00,2.246448124974100846e+00,4.463916024912017555e+00
2.730652539548076074e+00,4.382615883623431685e+00,5.450683597381561718e+00,4.170831149517829850e+00,2.968529778447787759e+00,2.180884818082645893e+00
1.076073339113841065e+00,3.111051517706574732e+00,5.695533586933017034e+00,4.058066446507950786e+00,1.719998847543157794e+00,4.567692376846019364e+00
3.953601508548747923e+00,6.094683390432287240e+00,6.654816736432490387e+00,3.163309551770534966e+00,5.403455312004250999e+00,5.529244531074892777e+00
3.773301064929731830e+00,4.511448827533332206e+00,5.714220003526192748e+00,5.751116451108027050e+00,2.996148600642349891e+00,3.515888625886129937e+00
3.346695258274091866e+00,5.474956628619235488e+00,3.537089051071921730e+00,5.261333721323010693e+00,3.162525763030120451e+00,5.622848596605009242e+00
3.093193712378540461e+00,6.496549794672784373e+00,5.977166753624001849e+00,3.943672995601875453e+00,4.022996322117566415e+00,5.090317231278866927e+00
2.749932188788204890e+00,3.233222757799165237e+00,7.637250571041107605e+00,5.282516343049683094e+00,4.662287668035792088e+00,3.668200448488679211e+00
1.127585946709386278e+00,1.907109952314057555e+00,5.751480661070891287e+00,5.575264270104547393e+00,4.350487731331080354e+00,4.145647786532148160e+00
1.540339114830040490e+00,8.899426448605924911e-01,4.704235775532972674e+00,3.261002634376968690e+00,2.523641819930410701e+00,4.758240072549964950e+00
3.104123734965365422e+00,3.073003146635141736e+00,4.346472505458385704e+00,4.788543276829579476e+00,2.034740326205058736e+00,3.361456524809910640e+00
2.492140381044481767e+00,6.925536033718109330e-01,3.087454640117016869e+00,1.894765940134206517e+00,2.135765895221402033e+00,4.524634642718339705e+00
2.807206752234231661e+00,3.096762691517492172e+00,3.179023908451994451e+00,4.042320327445537487e+00,1.173934284028774311e+00,2.550672574216261701e+00
0.000000000000000000e+00,0.000000000000000000e+00,0.000000000000000000e+00,0.000000000000000000e+00,0.000000000000000000e+00,0.000000000000000000e+00
3.813755714796016605e-01,1.467959394179079835e+00,4.085065630261039971e+00,4.626839392085821956e+00,2.510972844881788735e+00,4.049964290955127666e+00
7.024568936181330159e-01,3.062478786297191391e+00,4.792362535192630446e+00,4.562702156265743270e+00,2.402732047730903986e+00,3.354647392738059342e+00
1.974610797712026855e+00,3.274381803878731123e+00,4.487831579612805655e+00,4.642748990141501331e+00,1.681612430031930172e+00,3.547496622611769901e+00
1.151312301284450612e+00,2.604145655906565437e+00,6.985975776008380045e+00,2.737722939094857644e+00,1.609336997815040471e+00,2.608619737811820549e+00
2.411381289714134901e+00,4.667601499252369557e+00,6.112273702017974486e+00,4.560575312540001036e+00,2.239235795063224899e+00,4.494680100992319183e+00
2.225445113507790396e+00,3.809652886313412701e+00,3.667038842497013285e+00,4.814705514848563794e+00,2.451975079538120106e+00,3.577404623549059526e+00
1.537615080930493372e+00,4.963562277404767187e+00,4.440519764605742381e+00,4.895588942636703855e+00,2.496988281600040160e+00,6.316782485489278898e+00
2.925880229393576393e+00,3.839685448894635922e+00,4.846779650785070004e+00,3.224685382179460991e+00,3.126028070855731755e+00,5.997313256076981958e+00
3.770079249540665867e+00,4.850217263717293115e+00,4.993448921288689668e+00,1.435222004633258663e+00,2.001816060430354760e+00,2.183630064309929786e+00
3.808573340680101449e+00,5.576656084898660382e+00,6.738918928388530460e+00,5.346996320653497392e+00,5.490778314547728911e+00,2.065248297148302825e+00
2.663793429607774765e+00,2.571594087722987698e+00,7.258367561790124434e+00,4.804145819935127903e+00,4.202955767342755777e+00,2.764658201815918481e+00
1.160008450615086062e+00,1.209593900979332393e+00,5.906090334648986584e+00,5.529005869511198767e+00,5.197875932698960533e+00,6.323742750506230692e+00
1.899598012528963764e+00,9.551781576106823657e-01,5.602946574028946358e+00,4.113307463871432645e+00,3.433308879928816726e+00,4.073424318225018936e+00
2.240389249643961023e+00,3.938779650017326883e+00,5.072362398775637438e+00,4.027243356471394975e+00,2.074832480487995845e+00,4.625787410050312687e+00
1.284471981854883094e+00,3.441226278510045145e+00,5.875192432342664972e+00,3.961147965876224752e+00,4.126149273706682052e+00,4.562325712272947698e+00
2.616403765914975921e+00,2.596760371544120982e+00,2.900131029492684309e+00,3.507977225536933474e+00,2.152807833694863504e+00,2.782438528591734794e+00
3.108534293996386033e+00,4.857517776775373441e+00,5.507007861864925857e+00,4.693434438759178207e+00,1.268573886851608323e+00,2.820150475907632348e+00
1.586793623673017350e-01,6.019221534149055586e+00,5.254748719379293220e+00,3.614332908713383752e+00,3.666082416509188313e+00,5.957958817512469807e+00
4.893811680211865855e-01,2.901862242593518104e+00,5.443488299552298848e+00,3.244527203698427620e+00,1.520373039156675432e+00,2.213279908537442164e+00
1.709053717220388569e+00,3.462505508938003018e+00,6.121304099386374098e+00,4.343402210716195810e+00,1.556684719558086627e+00,3.610552710700635881e+00
1.818419529239266419e+00,3.236442393415596364e+00,8.383870266975939956e+00,3.168529401979222726e+00,4.284027050277880555e+00,4.097332404973965225e+00
3.657315237367126493e+00,3.381780896637270217e+00,5.324213524060802172e+00,3.499826456162281385e+00,2.718051417580628737e+00,3.167920030642275453e+00
2.534742482028470967e+00,4.064026125153800351e+00,2.366943006700181318e+00,5.705148564456379745e+00,3.398572913052260169e+00,3.966912207486863018e+00
1.987094924262305273e+00,3.240617815397391688e+00,1.743815937575252661e-01,3.752157246556943271e+00,1.626639524159872119e+00,3.576362178985942109e+00
0.000000000000000000e+00,0.000000000000000000e+00,0.000000000000000000e+00,0.000000000000000000e+00,0.000000000000000000e+00,0.000000000000000000e+00
4.643363290179289393e+00,6.753398894733971147e+00,1.068751514027970639e+00,1.801866223200373263e+00,2.169965366907810722e+00,4.380024824544105577e+00
4.760083110591061484e+00,7.029267384202267266e+00,1.051234702705115431e+00,2.865354862184421592e+00,2.676601137598896063e+00,4.294644019132600299e+00
5.924039459434876420e+00,8.562105002092840422e+00,1.503282814239896847e+00,4.723936269186762793e+00,2.406390801141646829e+00,3.541946729017397377e+00
4.362126457293863169e+00,7.181912653879138020e+00,4.361774837359226886e+00,2.310928893157734976e+00,2.867359052439144573e+00,4.440916825472335461e+00
3.759456659884325092e+00,2.420603649318769257e+00,5.124610055671477760e+00,1.867375975231321039e+00,1.950721988701229925e+00,2.561122817828545006e+00
3.011731956222619910e+00,1.461121072275980648e+00,4.242247108212479745e+00,2.569316467396471459e+00,3.534667282253452392e+00,2.674794734413806552e+00
1.358492589268245787e+00,1.261675124347120258e+00,6.493123238499862282e+00,4.304870788621077971e+00,3.546794079938677235e+00,2.990265228436348011e+00
0.000000000000000000e+00,0.000000000000000000e+00,0.000000000000000000e+00,0.000000000000000000e+00,0.000000000000000000e+00,0.000000000000000000e+00
0.000000000000000000e+00,0.000000000000000000e+00,0.000000000000000000e+00,0.000000000000000000e+00,0.000000000000000000e+00,0.000000000000000000e+00
0.000000000000000000e+00,0.000000000000000000e+00,0.000000000000000000e+00,0.000000000000000000e+00,0.000000000000000000e+00,0.000000000000000000e+00
3.244424614164895360e+00,5.902654042140951240e-01,2.452818610700187474e+00,3.422066895838095313e+00,2.999939998823720977e+00,5.118274941554613378e+00
5.703476377527620045e+00,4.890864276308844794e+00,1.864409023973549573e+00,4.285664735300803052e+00,2.244653923866501977e+00,4.179023880350171360e+00
2.666708905787479544e+00,4.305345619930529111e+00,4.023493352127829326e+00,4.280783765019227083e+00,4.380148240920031633e+00,4.691212139884714638e+00
3.386494156683234280e+00,2.094296521659964938e+00,6.548691646415689682e+00,2.614077664872255902e+00,3.246751588621789253e+00,4.554454907638760375e+00
4.209857295218297324e+00,2.335949755216677470e+00,9.635306429006149642e+00,3.646583931999690886e+00,2.931396551420724528e+00,1.390286622199878419e+00
3.107602615971143400e+00,2.831036189778028067e+00,6.715028370156269411e+00,2.436883104963738056e+00,3.834715211124474443e+00,3.639340457269252038e+00
2.022786487295529678e+00,3.099770292757780155e+00,6.895364370942737686e+00,6.208716218935149911e+00,1.899854474089178069e+00,3.406135364681307731e+00
1.480879370072252454e+00,3.046768452983465547e+00,5.288771806652525775e+00,4.730300537947416117e+00,3.573001890037313277e+00,7.151341836234893279e+00
2.028853380858025357e+00,3.086636902545115024e+00,4.071999351060086703e+00,2.379406359529712134e+00,3.911403847558818647e+00,3.806198872976061409e+00
3.601659543740018066e+00,3.219360078292358374e+00,4.584400563485012015e+00,4.772919937256379974e+00,2.133928703962185036e+00,4.292773752058015369e+00
5.110044781280496107e-01,1.500128410308538829e+00,5.722628028151580004e+00,2.238213299893778263e+00,1.310499280053430082e+00,2.156948247909861394e+00
1.146105696748204616e+00,3.249711660414325465e+00,4.624089208294487108e+00,3.625452632146494825e+00,1.995861595663991794e+00,4.727879948460528503e+00
8.447347807130083375e-01,1.857306841644048578e+00,4.820789114615159576e+00,5.409470911116036618e+00,4.160701447953766952e+00,3.367545733426536181e+00
0.000000000000000000e+00,0.000000000000000000e+00,0.000000000000000000e+00,0.000000000000000000e+00,0.000000000000000000e+00,0.000000000000000000e+00
2.959764586155499977e+00,1.303715260794591657e+00,7.234939570818018417e+00,4.609823652780741021e+00,3.617154427201529909e+00,4.101179264391823232e+00
