VR1,VR2,VR3,VR4,VR5,VR6
2.803707377214582408e+00,4.149380196984481906e+00,3.383881572301558727e+00,5.234237370376034093e+00,3.439565667617677569e+00,5.288476109766940603e+00
2.727600953500907810e+00,5.896785552982180434e+00,4.321230067995787572e+00,3.299872787230335724e+00,5.252365789912309069e+00,3.801679872696390738e-01
3.577383424708842519e+00,6.165240575905215792e+00,4.464951468750570918e+00,2.992319807508128093e+00,2.527300429928451386e+00,2.697645349982377816e+00
1.569978200005346380e-01,6.240645923879386103e+00,5.509350257520561733e+00,3.557243570804308419e+00,3.126927634579750315e+00,5.142000419035558600e+00
5.333546194485654368e-01,6.413767436319832704e-01,4.525644831811777458e+00,9.164414732892122828e+00,5.953743943789341131e+00,4.927132685581234739e+00
3.276540173593160965e-01,2.540939843572931789e+00,6.497731012822987928e+00,1.389237916902763104e+00,2.175562080664697362e+00,4.222733883633851271e+00
3.225400482709415595e+00,4.207676604354937844e+00,5.950698672049223426e+00,3.761102391001491796e+00,2.578287231160382831e+00,4.380388721237217453e+00
1.285789687314721652e+00,2.970882563998063830e+00,6.382846116019992522e+00,4.638714725581997378e+00,4.474904669164450510e+00,4.665552849340204311e+00
1.575862341127866717e+00,2.109641078016717852e+00,6.227043998740760422e+00,4.473852391175215715e+00,2.206348366347174572e+00,4.525704130418217730e+00
1.461956550550104206e+00,3.914980264458338688e+00,5.504407899285054029e+00,3.509143602767960335e+00,8.137818632516431450e-01,2.786845338369658531e+00
2.185956046167285560e+00,3.791446137319607335e+00,7.343621130518671158e+00,1.672307510044032774e+00,3.305967014100638313e+00,3.278648808749370147e+00
2.168882958751142453e+00,3.597657362607539877e+00,6.302492400693110675e+00,3.654736860784640662e+00,1.325988121783614915e+00,1.166938087399107093e+00
2.828199449172343893e+00,3.579854461827073564e+00,5.326916252929454032e+00,4.113740325434442013e+00,2.001956675919236872e+00,3.356020252339627419e+00
1.630131920880566909e+00,1.498245269894330711e+00,4.582716945390041374e+00,6.315159616256099007e+00,2.707983326994760631e+00,4.282744668143018352e+00
1.002843419574503514e+00,2.674113457749507372e+00,5.642924359112956090e+00,4.682129900054723848e+00,3.932950854961351439e+00,6.107501964483192936e+00
1.660435399716768679e-01,1.288610078491581046e+00,7.100782123166864857e+00,4.653190389668850457e+00,5.075622530668755239e+00,5.180664901797439548e+00
6.100230723307766834e-01,6.772438388287356226e-01,3.488861044354728325e+00,3.428705617243738679e+00,1.866279254166125057e+00,6.464916222560940007e+00
7.173202744225903871e-01,3.054437669514617149e+00,4.775829633881736314e+00,3.679899410643608704e+00,2.364524029210349099e+00,4.481591002934961487e+00
4.311407919080652462e+00,3.487978618736063297e+00,4.033073970056213930e+00,5.726426050667479117e+00,5.035865035575993076e+00,3.969251337985497230e+00
1.477811641832020406e+00,2.561165828568216174e+00,3.302326118012711031e+00,4.182186308539517228e+00,4.691185335371436338e+00,5.336729793158980328e+00
2.900740828611533484e+00,2.447748287132881728e+00,1.836312697365130475e+00,2.922081091172812783e+00,5.275935978836698403e+00,4.151423855067623236e+00
3.628608691496286731e+00,1.432978774426315605e+00,2.628269897448532788e+00,3.658797870778134342e+00,2.434541595072825526e+00,2.935229069192721418e+00
5.705790924877272019e+00,4.771891745352871084e+00,2.503032603301768688e+00,3.339808560281482652e+00,2.076909805478749149e+00,3.242364535597492825e+00
4.057487258281970988e+00,3.635395083045219966e+00,3.082277469583170948e+00,5.767015783434255027e+00,4.567636685461485158e+00,4.444215869667549335e+00
1.983358672216285923e+00,9.058026021648268866e-01,3.092139406731727824e+00,7.383950990506841450e+00,6.402881793039320257e+00,3.494490829575310542e+00
9.295098447535827813e-01,1.898985239729722663e+00,2.670285701769686604e+00,4.669258556174512798e+00,5.746889717597772673e+00,6.177863389498959634e+00
2.710891177926273876e+00,1.744713889688346731e+00,3.475287886351155819e+00,4.648599557369959001e+00,4.949673317385853366e+00,4.693118329323528570e+00
0.000000000000000000e+00,0.000000000000000000e+00,0.000000000000000000e+00,0.000000000000000000e+00,0.000000000000000000e+00,0.000000000000000000e+00
3.157759170776113677e+00,2.346052005324207546e+00,3.816801098348572729e+00,5.334334723038763215e+00,3.188435214943053708e+00,4.579051387854523369e+00
8.436548513705270924e-01,1.433559027715682888e+00,2.236448903994736170e+00,4.519792016811808644e+00,3.671561745330875759e+00,6.748390012813478833e+00
1.522166338199362867e+00,2.678571273003759856e+00,2.849710196083941049e+00,3.816969379028654075e+00,4.777258305081375056e+00,3.651881864702755998e+00
1.765910261798087744e+00,2.555911900942207549e+00,4.386045008467712059e+00,5.115672426194844746e+00,3.875964422737964377e+00,3.877836144892179426e+00
2.172769409122199402e+00,2.310375712858614872e+00,7.156007399476218112e+00,4.153063176260178402e+00,3.786126113988177000e+00,5.598786097859008493e+00
1.719200529770998465e+00,3.423660324258812171e+00,6.338009861380384358e+00,2.450573405965087215e+00,1.706351674418416398e+00,2.132498128270822413e+00
3.104278780148159722e+00,5.456424813287705788e-01,6.760978535263679312e+00,5.344484470346126059e+00,3.380757516756607739e+00,6.130568597210037218e+00
2.534173677260285640e+00,1.075896672279108568e+00,6.964414679338374548e+00,3.857326066191816949e+00,2.783442654084454571e+00,5.335504060282131533e+00
4.938520387152709468e+00,1.665344941543568158e+00,7.213481910903899674e+00,5.204677275171526674e+00,2.599406561360303236e+00,6.835082587481466021e+00
1.485620614100694237e+00,3.178772950966609834e+00,7.533410036741038596e+00,2.846318383435376909e+00,1.482744437114141167e+00,4.266902271903695976e+00
2.116005601800365010e+00,6.102176312485364740e+00,5.395262687482102137e+00,2.447033626982355159e+00,1.901753809537632955e+00,4.710347635516961340e+00
2.633603635709965474e+00,4.325529827308816522e+00,5.435474077358986023e+00,4.694254543335456553e+00,5.438954030044319765e+00,4.616848054633686083e+00
1.512028774382059737e+00,3.490923064926217734e+00,6.971483550978858190e+00,3.414414653508628383e+00,4.433109003426690897e+00,3.754688472335240945e+00
3.213435208626367334e-01,9.644808719733064528e-01,5.405590401692341729e+00,4.493198518227933036e+00,3.102504141132584436e+00,5.019617962799829414e+00
5.548756410098418801e-01,3.197044330775019816e+00,6.135792941199871287e+00,4.610755027226312919e+00,2.652483798402527793e+00,6.797461213835566340e+00
0.000000000000000000e+00,0.000000000000000000e+00,0.000000000000000000e+00,0.000000000000000000e+00,0.000000000000000000e+00,0.000000000000000000e+00
1.620233172193198401e+00,2.158934047249376320e+00,4.714846025959588793e+00,6.380889952149427558e+00,5.871254584958146339e+00,4.445672498137203554e+00
5.136120455029902221e-01,2.666606104276856737e+00,6.421938083142217479e+00,2.513795364527831477e+00,2.059226903034652167e-01,4.275911308911862996e+00
1.316679282941165319e+00,4.018289921458282343e-01,4.142894576754971858e+00,4.937091528281890795e+00,1.022332851953589916e+00,5.339950023041503790e+00
1.758410537842003407e+00,1.234753777976370204e+00,5.215233735839913898e+00,4.625323785550956579e+00,5.193753767112863962e+00,5.030048186966777024e+00
0.000000000000000000e+00,0.000000000000000000e+00,0.000000000000000000e+00,0.000000000000000000e+00,0.000000000000000000e+00,0.000000000000000000e+00
1.505946632285371400e+00,2.555866954592295848e+00,6.448893453438980572e+00,5.435993632369100936e+00,5.191614519651143844e+00,2.041489937506526076e+00
2.882301488308104176e+00,1.611512809937418744e+00,3.709153364004694975e+00,4.043999820068632012e+00,5.436526774503581017e+00,3.822399792311446998e+00
3.115020775997424440e+00,7.457119306497355105e-01,2.992337239716553299e+00,5.271395856188753726e+00,3.101207067490558522e+00,2.387299186962443809e+00
4.710843245310244676e+00,3.651767968690529109e+00,4.551550787963173583e+00,2.870167709462003724e+00,3.689775437129532154e+00,4.738109775622475262e+00
3.627913077769634675e+00,4.706201095492872355e-01,6.329851095485540924e+00,4.854692111797431764e+00,2.770114601533525622e+00,4.330703430283525002e+00
3.292107218639360955e+00,1.156066733265292745e+00,5.792929693649313094e+00,1.843062089826449590e+00,2.425555109019542854e+00,2.376419719452667501e+00
6.449379151480657768e+00,1.189968089548873342e+00,5.825295890494874840e+00,3.761865237205903156e+00,2.876176009154529645e+00,4.834288825264047240e+00
2.925094884306382426e+00,1.979861435618442744e+00,7.830353499591399924e+00,2.803475266371906471e+00,1.570023210534251534e+00,4.505010692344715295e+00
2.243603212594282859e+00,4.041135109931652813e+00,7.410154785861825744e+00,2.462185512000925058e+00,2.686164555152791955e+00,3.222783789061910209e+00
5.262153162486728597e+00,4.931098129207886593e+00,7.283101990115307345e+00,2.405995303452934664e+00,1.506781597426707586e+00,1.917184792367321755e+00
4.673242488169407238e+00,5.279524749131542904e+00,7.497605726588739472e+00,3.491631449994946124e+00,1.533839921167380549e+00,3.506556517302190201e+00
3.230619019377081624e+00,5.592389572979505452e+00,5.401964475183256731e+00,2.850490383265922745e+00,2.565330417080502912e+00,3.458587115976109683e+00
3.477508959452723314e+00,4.811310889981045058e+00,5.960365294939359515e+00,3.746768331614593883e+00,3.129287325914771767e+00,3.848318225032453022e+00
2.036236956809738707e+00,3.134425829071849190e+00,6.854070803045125615e+00,4.545956178284816573e+00,4.688749175564958627e+00,2.719457600920093032e+00
0.000000000000000000e+00,0.000000000000000000e+00,0.000000000000000000e+00,0.000000000000000000e+00,0.000000000000000000e+00,0.000000000000000000e+00
0.000000000000000000e+00,0.000000000000000000e+00,0.000000000000000000e+00,0.000000000000000000e+00,0.000000000000000000e+00,0.000000000000000000e+00
5.535377893574739971e-01,1.555745634632859753e+00,3.937935316232952232e+00,4.405763083682817438e+00,4.420764107581670821e+00,3.872602051162886472e+00
1.627129236703900084e+00,3.687249617700358417e+00,4.658410989770892741e+00,2.750008445901863219e+00,4.606148972915621087e+00,4.831791847985419608e+00
3.457712737890828336e+00,3.482660999997035489e+00,4.502847830626919290e+00,3.245916849737298548e+00,3.112241277061129185e+00,2.802398945291187715e+00
3.190342692433198568e+00,3.080956640933699475e+00,5.365017778083934097e+00,4.313268939229038423e+00,3.641361665540551851e+00,6.077305992916746114e+00
1.767439182285253096e+00,4.952881250138402969e+00,4.263036610079849353e+00,5.634308655219207651e+00,5.037241923453067649e+00,5.042121033432862554e+00
3.707346665495858673e-01,1.967236538727921591e+00,6.960035403165156787e+00,4.130175535924983876e+00,2.701674312100510456e+00,6.001634641994314734e+00
2.305441814345512430e+00,3.484367795521528421e+00,5.490236591568143254e+00,3.060636299202100119e+00,5.881696269024732082e-01,1.710528953344709002e+00
2.855663436620596407e+00,3.967472294481626971e+00,6.228761888732426755e+00,2.978633217017661039e+00,3.471923475702123341e+00,5.771571157560334342e+00
5.113445778474398296e+00,3.327750898833277571e+00,6.308146711982867139e+00,3.406340003793806304e+00,3.794422775168626583e+00,2.728840306820533357e+00
3.632210045034064194e+00,1.796176819133691538e+00,3.214544137504413701e+00,4.200894223296924856e+00,7.708364845924897679e-01,5.532985316740568038e+00
4.031108798776365632e+00,2.597895271695348729e+00,3.504259140043301191e+00,4.402068507301847511e+00,3.924798839499049841e+00,5.723487304973487788e+00
3.481660929944062843e+00,4.101913791013658717e+00,6.400448577267296102e+00,3.260727789758155470e+00,1.759898782867870937e+00,5.239988980059456125e+00
3.747985162546165316e+00,6.076667382994557443e+00,5.478333018590658021e+00,4.327625526508275478e+00,3.834320092318952433e-01,4.394997031539493726e+00
1.473751961553155798e+00,3.417196173138537851e+00,5.524695752341685306e+00,3.878916739190861218e+00,2.873656065919689251e+00,3.362910690730775531e+00
1.993164683807902904e+00,5.332000843478503782e+00,3.319449992856281728e+00,4.380363324312208206e+00,4.795179155319553743e+00,2.971546649593952871e+00
1.961088558105743562e+00,4.476512338177046857e+00,4.177337110586910818e+00,2.797117911436858506e+00,4.569567284799836315e+00,4.440723286875241982e+00
3.164661597233499268e+00,1.674100206136464042e+00,1.894882477376600871e+00,4.921795933803974066e+00,3.662226201106815182e+00,5.932430336351311340e+00
0.000000000000000000e+00,0.000000000000000000e+00,0.000000000000000000e+00,0.000000000000000000e+00,0.000000000000000000e+00,0.000000000000000000e+00
0.000000000000000000e+00,0.000000000000000000e+00,0.000000000000000000e+00,0.000000000000000000e+00,0.000000000000000000e+00,0.000000000000000000e+00
4.027763869144526332e+00,2.820985158263847659e+00,6.135228698833157246e+00,4.124316420802803584e+00,2.031497201225878069e+00,4.491650408526896676e+00
2.764686139116425689e+00,1.601449616677865118e+00,4.289387127971889591e+00,5.176308800328691895e+00,1.875134825593733234e+00,6.326501295185442686e+00
7.621730763860710134e-01,1.904687566291814349e+00,4.724029076388041481e+00,2.732314446857059487e+00,2.297988298438755628e+00,2.540502744596826901e+00
9.893084426445863944e-01,2.156749162288928989e+00,4.969879841324795322e+00,1.802631462080684699e+00,7.197197803156538676e-01,5.695461054882836827e+00
2.112865267908083045e+00,4.300832821353393953e+00,5.283052489990790690e+00,3.183163343539250789e+00,1.647336877376540665e+00,5.256297413499160243e+00
4.874899243798003212e-02,2.167290598508607058e+00,4.153324929264824661e+00,4.416863487019806911e+00,5.736073967800848550e+00,4.832389920226865421e+00
0.000000000000000000e+00,0.000000000000000000e+00,0.000000000000000000e+00,0.000000000000000000e+00,0.000000000000000000e+00,0.000000000000000000e+00
2.109737535019666765e+00,2.480384444225652629e+00,5.280344156700286895e+00,4.200876515049435156e+00,1.913467141460087007e+00,2.114213015794005113e+00
2.548245848123723345e+00,2.758452782379843704e+00,6.086346653450565469e+00,5.903177818869557392e+00,2.966147281689301973e+00,5.244147527317361224e+00
3.274286745231681728e+00,4.440196702267164675e+00,6.261445087301552803e+00,3.230812956185930673e+00,3.968377564235312072e+00,2.367936756983222146e+00
3.546569584551624743e+00,3.912077391758458145e+00,6.424275867188340428e+00,5.011016389065282794e+00,3.137952898080694997e+00,4.376838853981735333e+00
1.514397831518872639e+00,1.389916290493041329e+00,7.804583166162246677e+00,3.845213783290278187e+00,3.457657943870610762e+00,5.722067855432226402e+00
2.847680436106565516e-01,1.171680316723219262e+00,6.981711142298747674e+00,6.820019557215462491e+00,2.987944051429539005e+00,4.253180050927340972e+00
0.000000000000000000e+00,0.000000000000000000e+00,0.000000000000000000e+00,0.000000000000000000e+00,0.000000000000000000e+00,0.000000000000000000e+00
0.000000000000000000e+00,0.000000000000000000e+00,0.000000000000000000e+00,0.000000000000000000e+00,0.000000000000000000e+00,0.000000000000000000e+00
1.082074252846286999e+00,5.088942093328108207e-01,5.747353461717962908e+00,3.604456630600997080e+00,4.013446868669290346e+00,4.833642296272734562e+00
2.033037131687899457e+00,3.278674499684737675e+00,8.272420943676330296e+00,5.030719200543281033e+00,3.426545324173689178e+00,4.203745787376004017e+00
1.348815532846697973e+00,2.703437647906276720e+00,7.124801019254964451e+00,3.563283796680123405e+00,1.286189719273094667e+00,5.103998836051471422e+00
1.785114655223716928e+00,3.810955793499563704e+00,6.928905355270715383e+00,3.697772911146860242e+00,3.592063916854252081e+00,4.460211736033569352e+00
3.266630029719968853e+00,4.960201402018227235e+00,7.277722464343868936e+00,2.011556497053656134e+00,8.541534877017804561e-01,2.478164560965341767e+00
4.528431653025030812e+00,3.259918222110647967e+00,5.289892016564013311e+00,4.677173795610221063e+00,4.958208654494287160e-01,4.366507675408561440e+00
2.840158839241001765e+00,2.799437539277620512e+00,6.834411840668590088e+00,3.005884766672473951e+00,3.213848341693713362e+00,4.826081783323834529e+00
0.000000000000000000e+00,0.000000000000000000e+00,0.000000000000000000e+00,0.000000000000000000e+00,0.000000000000000000e+00,0.000000000000000000e+00
4.926906678722225763e+00,1.931476551089225557e+00,5.601555192697357022e+00,4.546118537553779149e+00,5.312874460047950720e+00,5.709412159835338230e+00
4.573661073004119615e+00,4.031408217969612906e+00,2.876443242855389659e+00,3.716276836354163837e+00,3.410007456813623161e+00,4.480605533620908965e+00
2.241933671598866695e+00,1.914106163090477208e+00,3.032189178854261868e+00,4.024373612715338666e+00,1.409000532052507193e+00,4.884288240967841865e+00
2.450017653667364570e+00,3.121365983246981113e+00,4.295879859720932892e+00,4.214818580299887429e+00,5.718185830096323308e+00,2.302550095038932376e+00
3.993796952233231501e+00,4.233655819398469689e+00,6.443243427558632774e+00,2.846550823114014861e+00,5.330091780700243476e+00,3.925699792815346090e+00
3.641729084467311139e+00,2.023070122320365094e+00,5.715526969246063516e+00,3.028212872135084055e+00,2.483416145560136901e+00,4.271725937970884956e+00
2.260651470323443490e+00,3.540809498357294860e+00,4.426455756960995913e+00,3.427140512115106397e+00,2.107495980340961417e+00,3.780381758450645613e+00
1.244467525081838222e+00,3.596394212695460446e+00,5.608740679970127374e+00,3.673445357756606633e+00,1.158070496957771756e+00,3.558293547810840174e+00
1.386200114325644384e+00,4.873740869549327392e+00,3.464073363862427701e+00,4.020511713826878442e+00,2.235194918076736315e+00,3.052351782251737866e+00
2.660172718940197356e+00,5.252073471209044442e+00,2.922973556696741415e+00,3.785683861800238859e+00,3.480308373493568919e+00,3.400376068143836417e+00
1.754376396605739963e+00,3.555650371084305483e+00,2.681890235904966335e+00,5.057848203874706350e+00,2.601380528496286537e+00,1.734330669484323906e+00
3.336845152161748373e+00,4.874982913349080960e+00,5.596266023923685218e+00,3.944564707294301087e+00,5.294351226818982958e+00,3.784279823237463702e+00
4.304797880355203610e+00,4.212104395480098518e+00,6.349302733951804889e+00,2.673656746409097451e+00,4.259515262270266334e+00,3.814112097971777970e+00
4.878356629383281629e+00,5.989701852906533119e+00,6.783019294195806737e+00,4.614230166381421583e+00,3.780537005626443570e+00,3.070125674035935504e+00
2.379523215186710061e+00,2.998659342334599742e+00,5.313786722591237854e+00,5.605156884088700053e+00,4.620812339005452074e+00,2.593032770073989468e+00
3.424514970037832118e+00,1.637973713744706128e+00,1.045194393733804361e+01,4.656656197460640634e+00,4.005718861171635226e+00,4.344131125876031341e+00
1.754347095952476732e+00,1.842266589620926043e+00,5.930732213683127085e+00,3.261806422760728630e+00,2.862244473547015389e-01,3.910085269169775390e+00
2.392404912936058281e+00,5.085087823688724029e+00,4.333780730406475712e+00,3.954285792102857133e+00,4.158266148930398920e+00,1.481302316744197434e+00
1.307743943673360221e+00,2.090459917473593165e+00,4.205134426935550174e+00,3.060198330147443357e+00,3.365997172599959786e+00,3.259262774811301444e+00
3.152291242792900849e+00,4.656457498788940441e+00,2.480999356143110735e+00,4.952161110055691928e+00,3.483038682358045257e+00,4.487810992617070838e+00
2.644512165939060022e+00,1.973547320677865091e+00,1.901692102255432282e+00,4.490272076499236320e+00,7.131172422532468858e+00,5.104004845607624574e+00
1.579244660127237410e+00,6.388554535589974215e-01,5.157241566357812168e+00,5.376111844715627086e+00,6.411466249104980086e+00,2.878777103810667093e+00
0.000000000000000000e+00,0.000000000000000000e+00,0.000000000000000000e+00,0.000000000000000000e+00,0.000000000000000000e+00,0.000000000000000000e+00
0.000000000000000000e+00,0.000000000000000000e+00,0.000000000000000000e+00,0.000000000000000000e+00,0.000000000000000000e+00,0.000000000000000000e+00
2.510472168791537229e+00,3.741068718494945600e+00,2.532367164925970027e+00,2.509424066420656629e+00,7.748398791045221223e+00,3.089285643219938482e+00
2.557971534572165861e+00,1.894283793118265447e+00,2.981191632268956226e+00,5.337145929338573680e+00,4.926353624783135210e+00,2.174268481467777736e+00
0.000000000000000000e+00,0.000000000000000000e+00,0.000000000000000000e+00,0.000000000000000000e+00,0.000000000000000000e+00,0.000000000000000000e+00
0.000000000000000000e+00,0.000000000000000000e+00,0.000000000000000000e+00,0.000000000000000000e+00,0.000000000000000000e+00,0.000000000000000000e+00
1.915274957754210750e+00,3.441287098110734632e-02,4.294939060119538965e+00,4.540228664807766101e+00,3.885437336572787004e+00,6.121024001297642236e+00
2.749188544317792804e+00,4.576770808465542295e-01,4.974211761430329837e+00,1.941941855616669432e+00,2.518323936690734399e+00,3.992931473310835422e+00
3.619390883120300995e+00,2.603183510382156562e+00,5.685662237982308298e+00,2.332530848269463331e+00,3.702535219897113983e+00,2.943282248550424640e+00
3.402961307966925197e+00,3.852780502050953348e+00,6.632169716998419062e+00,2.176857434249578116e+00,3.151496028847784459e+00,5.285361156554412077e+00
2.273633580656143849e+00,1.131825707966882977e+00,6.206357177430343874e+00,4.263166380058626359e+00,4.658879549413230237e+00,4.499507990432959126e+00
2.829310632454629992e+00,1.430908026108928865e+00,3.197225874324201911e+00,3.979235441585920796e+00,2.054808465077079038e+00,5.748767306723471471e+00
1.899679485656539990e+00,2.806176271076288309e+00,5.124563992576796956e+00,2.495923676307075123e+00,3.328968233670153598e+00,3.744975204036736116e+00
3.154753525223931820e+00,4.096587094084060077e+00,6.416546328153469148e+00,3.731339960205517503e+00,1.306284829462110331e+00,4.856530830618487116e+00
2.165763027419408182e+00,3.437052479236619718e+00,4.866814994414741413e+00,3.505902770768738019e+00,6.158600379477965348e-01,3.261216205649239086e+00
2.767678749394558491e+00,4.167881768796283914e+00,3.975585870596859639e+00,4.278981017378163720e+00,4.543480181470791912e+00,2.863541641917326963e+00
2.739674494363817825e+00,1.749451542120006309e+00,2.715702058169414457e+00,5.374389632868971312e+00,5.710260287276980762e+00,4.674458165553934563e+00
1.669579604492602565e+00,2.207886931433783673e+00,4.297049938670739699e+00,3.987704380671206028e+00,4.466102072216823871e+00,6.369384190571274473e+00
2.170757969574411028e+00,3.902964301827250182e+00,7.202017986596810140e+00,3.299964663339390203e+00,1.513588946668176227e+00,3.946585098014700144e+00
7.707689738894198950e-01,4.336270971387371276e+00,6.070766336679790598e+00,4.678424346106581311e+00,3.056002711659157267e+00,2.417004755136726413e+00
3.134734293433629304e+00,2.524605501330576374e+00,4.792265590146644882e+00,4.910910738035843437e+00,2.010850924678866836e+00,5.918877859295663235e+00
