VR1,VR2,VR3,VR4,VR5,VR6
2.927919377658051658e+00,4.548512249057830914e+00,4.687173048829097688e+00,3.539413687834315425e+00,4.123790152651421792e+00,5.199917341873490528e+00
2.797967265508832568e+00,2.871569816388754859e+00,5.342520763255350857e+00,4.145982388030044596e+00,1.724356248700481320e+00,5.026830796468940932e+00
3.568440329161668867e+00,5.056897776692742319e+00,3.135885193818325867e+00,4.242033243137742993e+00,4.059675754158195815e+00,3.774833772258076703e+00
2.087684094122915557e+00,2.686678618937345497e+00,7.878498706108681304e+00,5.863710902640384859e+00,3.803305865530456131e+00,7.563745201855022415e+00
3.962231311047192506e+00,3.481188979349722157e+00,6.915541806118880253e+00,3.010830462514453743e+00,1.865346469528293527e+00,4.156831000746201710e+00
6.270029785168713232e+00,5.188199645238528390e+00,5.337735214238756853e+00,2.820816660185915037e+00,2.082249648521264263e+00,2.434869518663022703e+00
4.323579953795301911e+00,3.454268812279006173e+00,7.404385500539412135e+00,4.731952843093132799e+00,2.665652566890589270e+00,6.072836592049087656e+00
3.384151024641805172e+00,4.928029091642923021e+00,4.955160808478351164e+00,3.672633160473556035e+00,3.278703789752536846e+00,3.478238010913958789e+00
9.921971194851630926e-01,5.670105848463590448e+00,7.204543457692080821e+00,4.825500917842208359e+00,4.148537308705192217e+00,5.229652039151333476e+00
1.400142300893006286e+00,5.047654703540342958e+00,6.496256454523205548e+00,6.175886970372069129e+00,3.565830485272109218e+00,7.602050769352370452e+00
2.447828999876292322e+00,3.448647734077149973e+00,5.955094141711758660e+00,7.267637723279717576e+00,2.741212921823410920e+00,3.940215362621985129e+00
1.410792224483849999e+00,2.753338502379652386e+00,5.048425405469707528e+00,4.566774469553938509e+00,4.519932483537637324e+00,3.313675340632185495e+00
7.154139721487444703e-01,1.111826780118720714e+00,4.510784887279720046e+00,4.882363342490945612e+00,4.127831637081275318e+00,5.120745469756947443e+00
0.000000000000000000e+00,0.000000000000000000e+00,0.000000000000000000e+00,0.000000000000000000e+00,0.000000000000000000e+00,0.000000000000000000e+00
3.688970847632414340e+00,1.990434612350958421e+00,6.276317968251252211e+00,5.433033895347215037e+00,2.669280452723837627e+00,4.560280723659326796e+00
4.372696575794385865e+00,3.504892835877331692e+00,7.605450512994899270e+00,4.301135074094870170e+00,3.348759537537332687e+00,6.447879810987025451e+00
5.451226414245610385e+00,4.266623775038148381e+00,8.225804124978097320e+00,5.307267345574102180e+00,2.436267553714930756e+00,4.497658434723362575e+00
3.506040591812007445e+00,3.447767602055166414e+00,5.298468675619831814e+00,4.255518618046665758e+00,5.140566923674910527e+00,2.080779204345633016e+00
4.617570378398562880e+00,2.262385249300161050e+00,3.250566737106792559e+00,4.345781162403863362e+00,2.542147315760095339e+00,2.365101503423606477e+00
3.198244833251383756e+00,4.099713987968112150e+00,3.801344629430913002e+00,3.551425495518911291e+00,3.617114919555238117e+00,4.684173673966747664e+00
4.627666342526217669e+00,4.556853413583697332e+00,5.887017629905190397e+00,4.643651786889566146e+00,4.953223999942123257e+00,1.505351846491991719e+00
2.491413530747470517e+00,3.013624250025795703e+00,4.338492375223133024e+00,3.264433004998297250e+00,3.907350337011403330e+00,3.024600280188857848e+00
4.058049863099630450e+00,6.887813005887464257e-01,5.194887309991663926e+00,3.049632986829561965e+00,3.378207751358668354e+00,3.057742639874987400e+00
3.184372445811857411e+00,3.399686960003154290e+00,5.693243042744408733e+00,4.123272655942763265e+00,3.865267082425822842e+00,7.685343055147459523e+00
5.762939767624448706e+00,3.296284387105813174e+00,4.576407422136486325e+00,4.319633026190751401e+00,1.761252710612531747e+00,4.739279050071650623e+00
4.658027254166503539e+00,4.733411676945374680e+00,4.963826121957865212e+00,5.264208042429551426e+00,4.072772641770428415e+00,5.399080714505160472e+00
3.094897809022590263e+00,7.390971252183094364e+00,6.622056695636628909e+00,4.207899050004549224e+00,4.724721440059835409e+00,4.819561064160707176e+00
1.457021518332799026e+00,5.390401913058923355e+00,5.643275484503946338e+00,3.086244476047914187e+00,2.911649053921996799e+00,2.621829915817777135e-01
2.344779612508474109e-01,5.041197716749747926e+00,8.522705866130820596e+00,3.903083267426092018e+00,2.246772711230248465e+00,6.085522488858835288e+00
2.307224607844811093e+00,4.312180593815307716e+00,7.646173061817338024e+00,3.972873574801420560e+00,3.100005295734277411e+00,5.019612102652073915e+00
3.140533909009624924e+00,4.432727264661472155e+00,6.357715166345833779e+00,3.664304892330275454e+00,2.529438777195569976e+00,3.207455088309575597e+00
5.121449162440557146e+00,3.845460592991083448e+00,6.637335420555779741e+00,3.161851026621355754e+00,3.690725193830993955e+00,3.882748744488293102e+00
4.374399754656312922e+00,1.725431953977002442e+00,9.664098650197722407e+00,3.792124784782834990e+00,4.480621549921433910e+00,4.417435527547476148e+00
5.299083917962951418e+00,3.284202282411428975e+00,1.036581473921701857e+01,5.589700116556789666e+00,2.789576280207894499e+00,7.380857890635918572e+00
6.094922240329076146e+00,3.487086727181772261e+00,6.490891854223445279e+00,3.462938769926338978e+00,9.682569800031766150e-01,4.988169587151606521e+00
5.281131964923000410e+00,4.482646776150394530e+00,4.183330887306063062e+00,3.757488755626700261e+00,3.079133130275630847e+00,2.894341822561718125e+00
3.884695569302200724e+00,6.382397354097154363e+00,2.568990483340103825e+00,2.081873798400567743e+00,3.769522139596877430e+00,2.615820294198818452e+00
3.792235303220979681e+00,8.676653314318869548e+00,1.820638657812392758e+00,1.764728415024882313e+00,3.086702031652364564e+00,2.164606710308561333e+00
3.213501925265589865e+00,5.339819344302002335e+00,1.895533886915585775e+00,4.142586870209040484e+00,4.332117324914945833e+00,5.669009002217149984e+00
1.924364858318975413e+00,6.217562897039876191e+00,3.093451675695839675e+00,4.418032828540052748e+00,2.890109422221079249e+00,3.805339086575275864e+00
3.287048760962215876e+00,3.462715414745654030e+00,4.063162455662010508e+00,4.072084448838103832e+00,3.031662761127261518e+00,4.268710058708618860e+00
1.623125392915039100e+00,3.840786946830348825e+00,2.276205760992213722e+00,5.961199515247586511e+00,3.644644306653809451e+00,4.906883270036908939e+00
1.525584894978501360e+00,1.679411859180759414e+00,6.320549621449578659e+00,4.195388114336133789e+00,4.203798661345130583e+00,6.199257010545491831e+00
2.010939188627014929e+00,4.087203582322255002e+00,7.363240487316340399e+00,4.788009781334848114e+00,5.200362052682930170e+00,6.161410416777732380e+00
2.333839680687384011e+00,3.674324350786656979e+00,4.052384684836877859e+00,5.868626625805694275e+00,5.411824732052103570e+00,3.776664149879268351e+00
3.199451129787187931e+00,1.378531619869487912e+00,3.303923499223568427e+00,2.041686733229856721e+00,1.383366267669972061e+00,3.708041564999170703e+00
2.316875005858237913e+00,3.378176772495470104e+00,2.524662890571399476e+00,2.941600732877772018e+00,3.678768130205654074e+00,1.516031855635064929e+00
2.873916324326515337e-01,4.009160924865285303e+00,2.612769302579183606e+00,3.454554251531489761e+00,5.036983074714329156e+00,3.380895111609707016e+00
9.820668448894511737e-01,8.201443541843635998e-01,3.156107752233236585e+00,2.137148259474763279e+00,2.103291707121471177e+00,4.009492615626388812e+00
5.647293488826292673e-01,2.219313296016434123e+00,4.037909905926615473e+00,2.912862101039705998e+00,3.375437462634184982e+00,3.500928519035906739e+00
2.721583978366485468e+00,4.385176336637815808e+00,5.164067701624734497e+00,3.147642743812893329e+00,2.296667632481477650e+00,3.609375694688305103e+00
2.778183762777446386e+00,2.909304715408703057e+00,5.182660964946694371e+00,4.043684368807036300e+00,2.722945251415848311e+00,3.112129201175372284e+00
4.256289108185315584e+00,3.053825467399119198e+00,4.709646980645686654e+00,4.348278522771233945e+00,3.309297004401147824e+00,3.633394135590771512e+00
3.262187946349744294e+00,4.270235304034368795e+00,4.289178329623353214e+00,3.850969362042404587e+00,3.815336976436382699e+00,2.616038266401105261e+00
3.613510779490410663e+00,2.161928002212933464e+00,8.360085571814678929e+00,3.450522225906266449e+00,4.243127107775207740e+00,4.787825190959883237e+00
4.637941549909420758e+00,3.288726746801711620e+00,4.951944995149102802e+00,2.832549632716272470e+00,4.451818346279865501e+00,2.838253958409454825e+00
4.580091185480780425e+00,4.606201256851075954e+00,5.645381936978162152e+00,5.324462799743485242e+00,2.559160572514839860e+00,5.405731331284590269e+00
4.343591455635590570e+00,4.759045351365735144e+00,5.020069143117748212e+00,4.190062292628745411e+00,5.097864882574844714e+00,4.698482156540709553e+00
4.746052119951260195e+00,2.809581016810482001e+00,4.764994726481063481e+00,4.838161823353882340e+00,1.555884383114768177e+00,4.834979086692837491e+00
4.060020856690691460e+00,4.068761166641445826e+00,4.350283160503545687e+00,3.885346144596064200e+00,2.920623506874990838e+00,4.194364115348221844e+00
2.629211743502382070e+00,5.842100896375757912e+00,1.928005476246526850e+00,2.751103841959770868e+00,2.032764638863262086e+00,1.365016430133512593e+00
7.524290682033907274e-01,6.103263103477758023e+00,4.698186174354189504e+00,5.727228872440625729e+00,3.601108309200471869e+00,4.232147438720846644e+00
2.855328665358713103e+00,3.625900877046688286e+00,5.802381751610377059e+00,2.295507681817456458e+00,2.106331254045326951e+00,4.145782183828366385e+00
2.978588217781017011e+00,4.221970809887308995e+00,5.807381637911846362e+00,3.991460637251147414e+00,2.085281005115072084e+00,4.204405426190810147e+00
3.337890183119931464e+00,7.515629096630046746e+00,5.763577791569971964e+00,1.795319769304755120e+00,2.720522294782077299e+00,3.927261314705963180e+00
3.885099604970532639e+00,4.535907559039529247e+00,3.475691387682359412e+00,3.777218148471883197e+00,3.763066071411881541e+00,4.187425821422169570e+00
2.050623679509858910e+00,3.155045966434368410e+00,3.074649296811951871e+00,4.724368447788339864e+00,2.679271647477982299e+00,4.651326027644260286e+00
0.000000000000000000e+00,0.000000000000000000e+00,0.000000000000000000e+00,0.000000000000000000e+00,0.000000000000000000e+00,0.000000000000000000e+00
0.000000000000000000e+00,0.000000000000000000e+00,0.000000000000000000e+00,0.000000000000000000e+00,0.000000000000000000e+00,0.000000000000000000e+00
0.000000000000000000e+00,0.000000000000000000e+00,0.000000000000000000e+00,0.000000000000000000e+00,0.000000000000000000e+00,0.000000000000000000e+00
1.215690095359178269e+00,6.348225677699703695e-02,4.261549124717601167e+00,3.970633561676874201e+00,2.765023385695802194e+00,3.555363275070066109e+00
0.000000000000000000e+00,0.000000000000000000e+00,0.000000000000000000e+00,0.000000000000000000e+00,0.000000000000000000e+00,0.000000000000000000e+00
8.241058995929990694e-01,1.099133601268985849e+00,4.937355073799249539e+00,3.087563273055606849e+00,1.708593746466714247e+00,1.806854257001313968e+00
1.636739396326261531e+00,1.689532073471681217e+00,5.337083818755758990e+00,3.766841689632535406e+00,2.245051142340954708e+00,6.105720485012374965e+00
0.000000000000000000e+00,0.000000000000000000e+00,0.000000000000000000e+00,0.000000000000000000e+00,0.000000000000000000e+00,0.000000000000000000e+00
1.129334694800078642e+00,1.127928860579061610e+00,4.227496304890511425e+00,5.691843920069299401e+00,2.266163124186459044e+00,3.886271014429478754e+00
0.000000000000000000e+00,0.000000000000000000e+00,0.000000000000000000e+00,0.000000000000000000e+00,0.000000000000000000e+00,0.000000000000000000e+00
2.695306926986944518e+00,8.777415889125972370e-01,5.068505894199097916e+00,3.776771781511214510e+00,3.271343910863524496e+00,2.062981440025669411e+00
0.000000000000000000e+00,0.000000000000000000e+00,0.000000000000000000e+00,0.000000000000000000e+00,0.000000000000000000e+00,0.000000000000000000e+00
2.974491889348396700e+00,6.639033965604022036e-01,5.602806454793546997e+00,3.243868844186779565e+00,3.436214981022312376e+00,3.304249649154876955e+00
4.036757840814875209e+00,2.865321678309331155e+00,6.766420323020806649e+00,5.634703571572591052e+00,4.476871130323500481e+00,4.352678737396533215e+00
1.292301019354508806e+00,2.433936640554648534e+00,7.712193773921614870e+00,4.678681753639110319e+00,2.496338841672314679e+00,6.269474571292317222e+00
2.313319283885399980e+00,2.539197200311774427e+00,7.237405964203468933e+00,4.261574893967172706e+00,4.017360882331219685e+00,2.890261715273573451e+00
1.599337828812150475e+00,3.654556664011829881e+00,7.442811715269272099e+00,3.821985650723922046e+00,4.608268751204692926e+00,3.318931661618595541e+00
4.533183767884885640e+00,4.033329762947494679e+00,6.699377046567080107e+00,4.654383370418581300e+00,3.735083878203877106e+00,3.601941397952564738e+00
2.188446453204464959e+00,4.851864244985891084e+00,4.968020809930529857e+00,2.407207238609726740e+00,2.152898678526649956e+00,4.851995034299522835e+00
2.299287744091900620e+00,4.643888661919294947e+00,7.436403272425653910e+00,2.007432629816309877e+00,2.305185013617156109e+00,4.329172104981637403e+00
2.557391144788537574e+00,3.723177042008203763e+00,5.489334494539117593e+00,1.971471447389360421e+00,2.398382446209289753e+00,3.581734457619188738e+00
3.156933661853739359e+00,4.089977419089161792e+00,4.108820575369327877e+00,3.727778698610592745e+00,2.612567159100029013e+00,4.139343152051955244e+00
2.253031683101872407e+00,3.040130517089357554e+00,3.748441866385887167e+00,4.847121363268461103e+00,3.621852520304522649e+00,3.367256064945284066e+00
1.446550516326913893e+00,1.899799677863575953e+00,5.726637468486623916e+00,1.360894855534007686e+00,2.650987341179400048e+00,4.221683579177552659e+00
2.319000311853162355e+00,1.990207123302150549e+00,5.637286490116121485e+00,2.512310678515063955e+00,3.325777467123897768e+00,4.334198188098768334e+00
2.931305553900755534e+00,1.659447976429927696e+00,7.303472714505494956e+00,6.421323354722026977e+00,3.841448653781554867e+00,7.394650282088619520e+00
3.354479073789349730e+00,2.472719270360812960e+00,3.923597773018444812e+00,6.559711642888245819e+00,5.641029165120935218e+00,3.913432680638845085e+00
1.991588900339342771e+00,2.223418094887921193e+00,2.991066655297468735e+00,2.737866255408031524e+00,3.455391185273324783e+00,4.198950447189052859e+00
2.974763725920171353e+00,2.690110889870304334e+00,7.978032896127142948e-01,3.230112869116843921e+00,2.637609230225373302e+00,1.760846748233040771e+00
2.255678441893435693e+00,1.905910664360317419e-01,3.439605124057933949e-01,2.050802166960973949e+00,1.644890969037795081e+00,4.863771558723448685e-01
1.843414685679741538e+00,2.245898004648658297e+00,1.853388448278037615e+00,4.405685487731148875e+00,3.787336805965867192e+00,1.318765639459483996e+00
1.742898795407052503e+00,2.713791907139251336e-01,9.679687470600377708e-01,9.661289940532609144e-01,1.213006289875727006e+00,2.434830121447111750e+00
0.000000000000000000e+00,0.000000000000000000e+00,0.000000000000000000e+00,0.000000000000000000e+00,0.000000000000000000e+00,0.000000000000000000e+00
4.775654600172498654e-01,1.948251750873965182e+00,5.709934271881074608e+00,3.615396718070031046e+00,2.734899792946051900e+00,3.447980630025918813e+00
1.597890027521229994e+00,2.443663856706133064e+00,6.628988100495907254e+00,4.061629438957533367e+00,3.341443339971812865e+00,4.494391713987157644e+00
3.550013292391860364e+00,1.838459860684000358e+00,5.069476362081021925e+00,2.953608711996569713e+00,2.129362200735136490e+00,4.403161483565119383e+00
3.589865054245952258e+00,2.093090523131894365e+00,6.007948515239879939e+00,4.662896871835220836e+00,3.917905095993588382e+00,3.476718025865516815e+00
2.169400623727660182e+00,2.906149672783683524e+00,6.324717147515714899e+00,2.515457068281308661e+00,3.436991988766548989e+00,3.024583413265537146e+00
4.177790490964560455e+00,3.630235956701253208e+00,3.350430149373901045e+00,3.856867433929588529e+00,1.469634415904614633e+00,4.448617046142570253e+00
4.184473484131649101e+00,3.457483928796690087e+00,3.961143807850543652e+00,4.244701527940284436e+00,4.762082280926334121e+00,5.696654380917996363e+00
2.677131295536638422e+00,2.969592484692401335e+00,3.314057959933347952e+00,4.859854746506218959e+00,3.558050764376426311e+00,4.553848109866735605e+00
5.009194177682954052e-01,5.275999956337096286e-01,4.853534784116551037e+00,4.045779139363408383e+00,4.099760321328278501e+00,6.841888785838092346e+00
2.056407242193726503e+00,8.056525515540529092e-01,6.292928761676254368e+00,3.236507311047513102e+00,2.322552080818274245e+00,3.201540627183093513e+00
4.027392541951828164e+00,9.453863662349637487e-01,6.417534991936584277e+00,4.804524026383366397e+00,4.534289777079655970e+00,4.858529683828126444e+00
7.655222915244690451e-01,5.094377843269718653e+00,8.448033522340733015e+00,5.367472517334988424e+00,1.660979454018785884e+00,6.379464050368616412e+00
3.676464008056181676e-01,6.548683336351639461e-01,8.668941890366818726e+00,5.758525761193902248e+00,4.675917088312621317e+00,6.872845588419960627e+00
1.224320867759300491e+00,4.525941261477246513e-01,6.124522159273144695e+00,3.552237641263963575e+00,4.229707212421626394e+00,3.474443962372078865e+00
0.000000000000000000e+00,0.000000000000000000e+00,0.000000000000000000e+00,0.000000000000000000e+00,0.000000000000000000e+00,0.000000000000000000e+00
0.000000000000000000e+00,0.000000000000000000e+00,0.000000000000000000e+00,0.000000000000000000e+00,0.000000000000000000e+00,0.000000000000000000e+00
0.000000000000000000e+00,0.000000000000000000e+00,0.000000000000000000e+00,0.000000000000000000e+00,0.000000000000000000e+00,0.000000000000000000e+00
1.419829101182790598e+00,1.319698338785645575e+00,2.067234240359404840e+00,4.716003092896045246e+00,3.665717084841988438e+00,3.029988670502916648e+00
1.093280735673123338e-01,9.187889385464189651e-01,5.045172244018322871e+00,5.274700896384105775e+00,1.680844446870974451e+00,3.944256544908037565e+00
1.091367996535317797e+00,2.256946409497459616e+00,3.676550818389060282e+00,2.078567056561194448e+00,5.447156334806816602e+00,3.961062982958232670e+00
3.570691588348460233e+00,1.511149949699492900e+00,6.764880967855740224e+00,4.249656343886650589e+00,4.353167435578305877e+00,3.305078497349253297e+00
1.745359373596165886e+00,1.823644701147601799e+00,5.509670963998696713e+00,3.437649880179065587e+00,3.281497765162544766e+00,3.867703620752982463e+00
9.204585600653329980e-01,1.105923992801792988e+00,7.009505581922578443e+00,4.637172746480375807e+00,3.558520549890793028e+00,4.711385727995744510e+00
5.072178998802520766e+00,2.774490742658615172e+00,9.080820721060055334e+00,4.120427362390650217e+00,2.151391898192410501e+00,5.911293148828979049e+00
6.318188045315879187e+00,4.860570177177866213e+00,6.543842776115333493e+00,3.425729105515077588e+00,2.144781405574277322e+00,4.809180859110089301e+00
7.196892743782024482e+00,6.343995735706204897e+00,8.582852044435748340e+00,4.549501410611519248e+00,3.160496595026908828e+00,7.487918417022600970e+00
3.775089418265102026e+00,7.428028375236694458e+00,7.539171201524924371e+00,3.592512624926725184e+00,1.293589417167506639e+00,2.424360176988656246e+00
4.399223887468432181e+00,4.692097377556169846e+00,6.622791705933124717e+00,4.887026570889632104e+00,4.041708416245191948e+00,5.179764078955051865e+00
4.441111089850307891e+00,3.964796846935619623e+00,8.168890679462847970e+00,5.074459267943894680e+00,3.079322116786334274e+00,6.358975714613792185e+00
4.549646752961615803e+00,4.723308764405562243e+00,6.941181840763590571e+00,3.308943074695886111e+00,1.441629603150451633e+00,4.470472538385567240e+00
2.623763679485096922e+00,4.953370836857900805e+00,5.407000626206380112e+00,4.192263384514138380e+00,2.072348373124419219e+00,4.659771547989602247e+00
1.169495677600632888e+00,4.033314357512326254e+00,8.016643212845567135e+00,3.558606485429003818e+00,2.313489359551861746e+00,4.574652912729765042e+00
3.830540919707775771e+00,3.717871776768479464e+00,7.744337982834058387e+00,3.746501922325362166e+00,3.027853447825634259e+00,4.451254931612868226e+00
5.647180704582981825e+00,5.596004325799897927e+00,8.423676402135917840e+00,5.523728443724960968e+00,2.008717908270306829e+00,5.922372746747687877e+00
7.320874783956909937e+00,6.547636704692188836e+00,6.921549843039162653e+00,3.135396755477262598e+00,3.669699347422479718e+00,4.500338010591962146e+00
7.250731437643361588e+00,7.447163920356970834e+00,6.468841369289030752e+00,6.923681415728964339e+00,4.901486481304234921e+00,6.941807394538945353e+00
7.231499634705386370e+00,6.897792093000848723e+00,5.798646797544516396e+00,4.991373328527697772e+00,4.047920190000685814e+00,6.522061303692169076e+00
4.647557707064542853e+00,5.249393061352821022e+00,4.339332609369737526e+00,3.668199144687665392e+00,3.088408805081741093e+00,5.228433103640038659e+00
3.944753940938352521e+00,4.614141168907208268e+00,3.354990583652343261e+00,2.876660841642444844e+00,4.579761049113010962e+00,5.916006047231539888e+00
3.434993297147914681e+00,3.869921866910507990e+00,5.480202751285170315e+00,3.638046458870476396e+00,1.839851230130865600e+00,4.446026907719788035e+00
2.244436079959144070e+00,5.323319715942631092e+00,3.445787241729162176e+00,3.468003501084363727e+00,1.215132495606465080e+00,3.555641596370075597e+00
3.102555354145107636e+00,6.964424003662868401e+00,4.534470210001268597e+00,2.184264463992711569e+00,4.330117835599460285e+00,3.077045704980182705e+00
2.949121195826972297e+00,4.160002347927487243e+00,3.228264685282868918e+00,2.245203110047420125e+00,2.259611190923890511e+00,2.494113541763019359e+00
1.968573967069100927e+00,4.243966920858873060e+00,4.687145585621689037e+00,3.307546340426438025e+00,4.276069155550112022e+00,3.953082348441347538e+00
1.373640355226282139e+00,2.302562113831336355e+00,4.118890928897109838e+00,3.508191101040941007e+00,3.000796280716703013e+00,4.893889283591089878e+00
3.476871103730050372e-01,1.888957779263650938e+00,5.374884798621884840e+00,4.702887169174079673e+00,2.679999729903356442e+00,5.206019822691167143e+00
0.000000000000000000e+00,0.000000000000000000e+00,0.000000000000000000e+00,0.000000000000000000e+00,0.000000000000000000e+00,0.000000000000000000e+00
0.000000000000000000e+00,0.000000000000000000e+00,0.000000000000000000e+00,0.000000000000000000e+00,0.000000000000000000e+00,0.000000000000000000e+00
1.563327818620385834e+00,3.229938808289523067e+00,5.277971036594666820e+00,5.851301009851554547e+00,3.392787945819688566e+00,5.603895832195780358e+00
2.785007958459638555e+00,2.295192886392383613e+00,4.771591171241891693e+00,4.675795237754416078e+00,3.953395758693427187e+00,4.329261364615771157e+00
