VR1,VR2,VR3,VR4,VR5,VR6
2.338754289946541665e+00,2.607323756276248350e+00,3.732956497530212303e+00,4.096972400621963217e+00,3.720372575085357791e+00,5.404325622992434575e+00
6.369237089292996146e-01,4.046065693100561411e+00,2.784263398655361765e+00,4.517842133004300820e+00,4.855453714630385775e+00,4.083999531434485242e+00
2.982705095333201495e+00,2.071906702361511421e+00,7.732308059958201696e+00,4.386548723652714976e+00,2.334680028501378235e+00,3.743912555631545569e+00
2.767747542568423924e+00,2.551226708274830113e+00,7.192094626496849941e+00,3.416731825033719083e+00,3.923749798800988842e+00,5.636261569988874065e+00
1.695703711279353598e+00,1.997001230223434343e+00,2.528560374262620147e+00,5.639459559089235796e+00,4.702852869015019088e+00,5.415372321729870819e+00
1.509360349945171098e+00,3.669163500206674922e+00,5.984068143643844984e+00,4.161575596964953050e+00,4.888990618653960674e+00,4.729348665335864510e+00
2.446428801589890956e+00,2.984779856036694490e+00,6.508444717298731419e+00,3.476199755443051487e+00,5.152555301968114954e+00,2.713310441360372138e+00
4.077044792420529085e+00,3.459212683459478743e+00,3.343234038223556137e+00,2.934074261189780763e+00,5.348802832005590702e+00,2.982848788249808258e+00
3.424248221224584832e+00,1.664400214209487583e+00,1.870720998316420136e+00,4.757424425691989534e+00,4.896771996197251120e+00,3.327111054748667751e+00
3.423060778075198485e+00,2.637685564242893133e+00,3.682424688149375402e+00,5.579335901083190663e+00,3.494832985030233097e+00,4.049672753247830492e+00
1.990872140945753710e+00,1.896946339256529113e+00,3.896392135202702001e+00,3.716936603661554095e+00,4.198379259011185027e+00,6.705636337460468610e+00
2.764394430421434734e+00,4.075195674327126483e+00,2.875084086620086854e+00,6.567272860822472857e+00,5.579812135631844860e+00,5.522369665775766379e+00
4.723107481022037035e+00,3.347366203905585813e+00,6.094695306981732230e+00,3.151803119759510441e+00,2.068956288438805302e+00,4.247965708355933678e+00
4.220022013026168750e+00,3.571596711232785548e+00,2.524219857844094417e+00,5.956984581732360340e+00,3.566890387668648632e+00,2.854769408683366372e+00
2.670129425344185403e+00,9.635233733569026349e-01,3.193888028131052437e+00,4.533543694352136555e+00,4.224397355289905676e+00,2.265858177805488261e+00
2.008468363247481570e+00,3.178656793411542392e+00,6.271773509401746161e+00,2.746374870167282545e+00,2.704796764447933821e+00,3.234224411162021973e+00
2.999248482045195452e+00,2.983417400719128754e+00,2.970607295429473549e+00,7.059787060423920124e+00,3.770949148256629968e+00,2.389358250946265194e+00
0.000000000000000000e+00,0.000000000000000000e+00,0.000000000000000000e+00,0.000000000000000000e+00,0.000000000000000000e+00,0.000000000000000000e+00
2.018810903705903215e+00,2.356694029486312569e+00,6.215431212950862871e+00,3.366527327160107497e+00,2.687645218479524090e+00,3.109984265602538489e+00
1.804695593661383768e+00,1.631422133394645479e+00,4.791278106124845948e+00,3.729067417092519321e+00,4.069275359964199090e+00,2.389110455684637202e+00
0.000000000000000000e+00,0.000000000000000000e+00,0.000000000000000000e+00,0.000000000000000000e+00,0.000000000000000000e+00,0.000000000000000000e+00
8.155406727715381887e-01,4.457493765797059915e+00,5.991913198121489259e+00,4.611362373282562821e+00,3.433774711511883293e+00,4.474223353105829304e+00
2.031934112890538824e+00,2.719722414140941957e+00,8.192982901035648524e+00,2.101145245511319537e+00,2.192597962447792703e+00,5.812133412217082906e+00
1.464748139520576586e+00,2.603011108373918692e+00,3.798218923287429938e+00,3.287266680654882478e+00,4.440219648767303795e+00,4.533956082954416544e+00
9.135135666132758736e-01,3.271036346104617465e+00,6.388662979825931565e+00,4.566043666286542013e+00,3.712736868071792706e+00,4.456193209002071498e+00
1.081363470586653719e+00,1.486509278100730302e+00,7.704799599909921248e+00,3.403244672635877599e+00,1.827238710844798941e+00,5.148585293488958214e+00
3.645827483461903107e+00,4.427363093917945136e+00,8.850723970609561064e+00,2.100312779767157245e+00,2.423975557508684098e+00,3.523350338505808033e+00
4.876930288136401614e+00,2.129583125407848776e+00,2.807094058744894038e+00,4.468070970426060384e+00,3.471484463162814116e+00,3.258684552685055191e+00
5.930706972922260789e+00,3.725088673016681007e+00,1.532195305984328737e+00,5.894005847190153524e+00,4.839419891976794119e+00,1.260265305338770681e+00
2.060959519430888953e+00,2.977359349512443742e+00,2.410602009560087744e+00,4.509585745746229613e+00,1.428966175715348230e+00,1.786871861609272472e+00
1.877365324681456116e+00,2.902492960342227590e+00,6.607409394318537466e+00,3.488245758669545893e+00,6.231198455877251519e-02,2.433208395968625926e+00
4.300463557727834285e+00,1.209772243503327349e+00,8.186739149671288018e+00,1.778960694309662749e+00,1.940621613293632697e+00,4.603597849640586048e+00
6.481801649773819562e+00,2.350594313840803640e+00,2.002943460972661072e+00,5.057333722706964352e+00,4.514092098678625042e+00,2.814929603733872021e+00
4.977078973948380280e+00,3.984997267888963357e+00,9.489740388328051779e-01,6.714904423490156482e+00,3.581137477734137597e+00,2.100709653354624784e+00
3.584914156628825399e+00,2.315319434479455207e+00,4.101591977809638578e+00,3.023596125001260848e+00,1.899798322671479855e+00,4.231810559562852347e+00
3.879591961324067029e+00,3.862598536253988968e+00,1.920962286156618681e+00,5.200150469136101350e+00,4.477996711500399130e+00,3.734453749259264654e+00
4.023708766045382745e+00,3.987290850482001048e+00,3.924740855954704344e+00,5.960837928289743459e+00,2.149430626179037240e+00,3.632707082701571721e+00
5.633421005066019838e+00,3.753454873415830839e+00,5.464557825063833363e+00,5.447941826325925163e+00,3.004189621182917769e-01,4.018310808589069083e+00
4.296352725404208428e+00,2.874910473378286646e+00,9.461384262861670891e+00,1.649200636778927809e+00,1.473602205061318227e+00,5.819516218557112097e+00
3.379527084567075512e+00,3.806863186268054200e+00,4.735305906308800772e+00,6.335233389155763284e+00,5.296450611861931002e+00,5.494089412256638383e+00
3.351078442056742990e+00,2.326322946585667850e+00,5.612014134953605904e+00,3.086627763037973260e+00,2.081925520087005932e+00,7.013099031679829842e+00
4.959151000947070287e+00,4.404746041090215058e+00,4.854701269945006281e+00,4.294572607112450591e+00,4.566458745382595552e+00,4.694027266126671982e+00
6.870942752274926235e+00,2.754065168730148727e+00,4.587199946835324837e+00,3.932584482033012030e+00,3.370672067392164184e+00,6.777107059758924024e+00
5.484292425789208281e+00,3.859023487813129094e+00,2.228534854211191796e+00,5.863869249871666689e+00,2.243824100681466316e+00,5.709084219425466955e+00
3.321296090562605663e+00,3.250544132195183789e+00,5.698308798929159202e+00,6.018704749531131881e+00,1.787716678845939544e+00,4.316012925403802214e+00
4.132970894365788794e+00,2.819850490586357061e+00,4.722715814295701975e+00,5.591756090307308469e+00,1.338021387521046934e+00,3.076908271932728312e+00
3.089789262450645779e+00,2.845951001836969141e+00,4.631130374070862921e+00,4.757655044615911599e+00,4.548361049476126183e-01,5.522560936740710247e+00
1.965362171709421624e+00,1.421583484815109655e+00,9.246037623863159638e+00,2.700622896225712388e+00,9.687230595635654140e-01,7.037533514450637462e+00
2.829649086964471927e+00,5.998834072365566428e-01,5.656332968782682435e+00,3.941198150773246756e+00,5.336303762828844555e+00,5.188424368360351480e+00
3.687830469810287504e+00,2.850174465430299620e+00,6.518035641406650704e+00,4.102004826974356533e+00,2.822557747962044505e+00,4.135779778490253022e+00
4.229208258322920688e-01,2.150636326145726862e+00,4.409265860789963298e+00,3.846172160725902955e+00,4.081951868413363549e+00,3.873115038384947528e+00
1.773426300284766111e+00,1.597704172490697072e+00,5.249315203252723272e+00,5.696958638689597620e+00,3.347121769065350527e+00,1.992164318948653978e+00
8.326260810632717391e-01,1.866194260604106647e+00,2.921242696177052345e+00,4.788037038682830371e+00,1.348162422233496471e+00,2.251008969421923300e+00
1.337073650025432769e+00,5.431715206145239172e+00,8.580990900365328855e+00,3.620074761492773963e+00,1.488862994916149152e+00,3.229190934741634766e+00
2.372811372385355888e+00,3.462724513846458407e+00,8.009146357456081944e+00,4.381883651204364405e+00,8.099132967038586983e-01,3.241142040240069910e+00
1.299193924304808734e+00,3.722836213282341156e+00,6.917479784683974842e+00,4.802147284800536653e+00,2.372194729137764302e+00,5.519238253457947607e+00
3.322864115459474021e+00,6.081981779697995805e-01,3.896004968135653002e+00,5.180214863459259966e+00,1.211695445121460324e+00,4.960861618076227053e+00
0.000000000000000000e+00,0.000000000000000000e+00,0.000000000000000000e+00,0.000000000000000000e+00,0.000000000000000000e+00,0.000000000000000000e+00
2.747484932279260494e+00,3.161126991083255344e+00,3.567464909450421828e+00,5.559101925732271354e+00,2.376297630354577972e+00,4.399905903614748759e+00
0.000000000000000000e+00,0.000000000000000000e+00,0.000000000000000000e+00,0.000000000000000000e+00,0.000000000000000000e+00,0.000000000000000000e+00
6.642699225712771494e-01,3.765361261621120725e-01,8.533942513422967835e+00,1.341266719179690536e+00,1.580410334586917598e+00,6.063955351242760194e+00
1.615349706674458208e+00,3.060269932333926857e+00,6.155338874683025097e+00,4.335185920288190609e+00,3.896653042638499542e+00,4.798102204419653738e+00
2.125433939881917755e+00,2.789506005559985180e+00,3.532561591384843602e+00,2.219472696311257653e+00,4.424991265541697416e+00,5.132550688601442701e+00
2.003787320419115225e+00,2.848377159825419280e+00,6.320901556301126156e+00,5.009604585845233160e+00,3.756570344258466143e+00,6.112118462504411376e+00
1.616042454961608144e+00,3.551262210925571594e+00,4.060352924556561049e+00,3.931761870888872412e+00,3.251099441941794677e+00,6.016537912597697435e+00
0.000000000000000000e+00,0.000000000000000000e+00,0.000000000000000000e+00,0.000000000000000000e+00,0.000000000000000000e+00,0.000000000000000000e+00
1.053640800738167460e+00,2.491713335645770577e+00,4.340008542464055985e+00,5.181071017394349276e+00,2.466856331756890786e+00,3.938060446652433377e+00
2.598593719729548113e+00,4.373987728190352087e+00,6.195477054380535087e+00,1.896619691195206681e+00,3.059540786831532078e+00,3.536515073759604277e+00
2.257006677609586731e+00,3.697023482460163546e+00,4.730661795008287207e+00,5.304003980457384415e+00,5.693696400015471504e+00,3.722851506575752367e+00
2.749656743339029319e+00,2.578788148741441244e+00,4.414305971844759924e+00,2.881673023465727290e+00,3.432628564533124482e+00,4.070560664621581282e+00
2.273371349416082765e+00,2.299451627353278571e+00,8.511887170600688890e+00,2.371286257441049816e+00,2.437987634508253620e+00,5.988686446398412855e+00
4.559261905284778038e+00,1.778347184931432734e+00,3.911832047027422821e+00,2.792269000899353593e+00,4.097955299553770026e+00,4.845891237218049596e+00
3.890087403433397650e+00,2.184513727329676414e+00,5.330196580731591638e+00,3.864639721072687717e+00,4.283686864869514110e+00,5.409417514128810112e+00
4.192345552233986083e+00,3.896315068686796668e+00,4.558307093754456751e+00,6.310068499333882031e+00,3.145953873547872259e+00,3.409366208590718816e+00
2.996971128549487773e+00,2.832181890523186585e+00,3.921310123323412000e+00,4.767243392348728293e+00,3.229124260190394224e+00,3.783264569112104514e+00
2.814397391790266489e+00,3.854866821737328308e+00,2.955671405734006552e+00,5.284011582514813732e+00,3.462988246717249030e+00,2.732266025793723685e+00
3.051096987283560935e+00,1.818337869241844595e+00,2.733567418030971918e+00,3.996008169860757686e+00,5.977295041767149542e+00,2.276808787373872267e+00
5.184209569114743843e-01,2.726898341380289637e+00,1.865677270210569727e+00,6.838351098181902898e+00,2.198733569591162507e+00,3.846290851360850915e+00
0.000000000000000000e+00,0.000000000000000000e+00,0.000000000000000000e+00,0.000000000000000000e+00,0.000000000000000000e+00,0.000000000000000000e+00
1.010564980709626637e+00,1.591213931972538465e+00,7.886845726462063944e+00,1.083124215046908922e-01,4.559930585921185831e+00,3.850160254862708520e+00
8.472277445964593312e-01,3.497817812622748157e+00,4.911233532407171865e+00,3.802895066067452312e+00,7.179159583666507416e+00,2.522009015691985656e+00
2.226519405432705767e+00,3.618269662084295568e+00,2.886311436120193807e+00,5.082404640491898107e+00,3.716659795261001875e+00,4.504529159209281097e+00
1.869484379716823907e+00,3.138755380206014856e+00,5.962360352332756186e+00,4.977358203546248028e+00,1.880743429311242609e+00,4.857882246574976470e+00
1.514645977895352047e+00,3.469265518576505336e-01,6.343581931091059722e+00,2.307547761868549152e+00,2.544339606677018750e+00,3.305755935365187970e+00
1.045519783328257013e+00,6.111617611488973978e+00,4.633618537537205206e+00,3.559206641717776787e+00,1.747003511261276065e+00,2.591683512922213328e+00
2.445420025152593269e+00,2.572524732975887130e+00,6.423159814623660147e+00,4.228623219030520630e+00,3.193526496759467204e+00,3.598075115261175849e+00
4.059678036720917760e+00,3.533268270600834704e+00,2.714229027402930150e+00,5.513733593038534053e+00,4.077483463410509934e+00,3.135439574093954906e+00
1.846018447765938486e+00,3.008457139272177283e+00,1.504608597114896806e+00,3.345768861648035220e+00,2.936061389734949678e+00,2.067637958488780292e+00
3.725322854524145910e+00,4.666640369210765193e+00,5.874516954549449110e+00,2.208448395961406518e+00,3.734543226585867348e+00,1.799824896647502559e+00
3.490294703996085879e+00,1.686006089634206173e+00,6.018402236025570673e-01,5.038185222622756143e+00,4.635375950772438358e+00,1.176172486832983921e+00
3.848123094518824061e+00,1.816862025067998321e+00,4.546707383922315771e+00,2.882356773686259199e+00,3.178899212585712064e+00,2.571433495502021493e+00
3.277911510069207779e+00,1.505914920919779743e+00,4.049895669049671909e+00,3.225586987334490896e+00,1.563312518504628823e+00,3.179793858489876612e+00
4.253586139197259364e+00,2.575982534428354231e+00,3.065278496221061744e+00,5.807066492139418834e+00,2.573898983874415958e+00,2.514147297987354701e+00
2.997703876471803586e+00,3.000128782038256947e+00,6.952710635535011008e-01,4.671866748580010054e+00,3.396795367137644739e+00,3.173813972093629587e+00
3.771433440966588169e+00,2.560683349321807967e+00,2.978903826838077862e+00,4.697922557424419665e+00,3.321639483373133306e+00,2.313215088869258640e+00
3.584235873112935344e+00,3.314228693811248405e+00,2.542410246725426148e+00,4.781061732240370787e+00,3.181383410566598346e+00,3.959026526444047178e-01
1.313494256165524732e+00,2.272529206414523717e+00,4.946147540311661928e+00,2.169624131051426374e+00,2.656028366462970247e-01,3.023216369060230946e-01
1.099261890602130975e+00,2.060448766934912079e+00,5.738423699398610189e+00,3.735037246110274101e+00,3.159650572198881679e+00,6.187460875117842818e-01
1.789517373128574285e+00,1.083053522103395228e+00,3.356409057307248478e+00,3.884115188077545522e+00,5.370681150918612978e+00,8.299281129757285491e-01
5.854363459796991798e-01,1.312153972011516512e+00,4.643344675630098450e+00,3.791252218437493049e+00,6.019514698223327187e+00,2.990635136968825769e+00
2.432706770007133645e+00,2.818936547691641703e+00,6.294176926827477203e-01,4.708626721305083862e+00,4.708892107647399072e+00,3.269469134571569402e+00
2.620850240626483529e+00,2.542135106403494493e+00,4.305968634165916242e+00,4.096538596991618597e+00,5.054688053229032363e+00,2.743674481984445190e+00
3.138332859489166182e+00,3.793521969341280276e+00,3.709932550384174021e+00,5.753403905333485113e+00,3.193711334635497057e+00,3.072093372911655074e+00
2.951287588918629190e+00,1.097324921091301420e+00,4.210513587904649135e+00,4.581586136687756827e+00,3.559180215988603013e+00,4.889259902771780020e+00
1.372197946810340463e+00,1.968374866833122461e-01,2.500347413484420578e+00,3.873290407582160366e+00,1.804246077348039989e+00,2.234360387474202625e+00
2.925813025659119049e+00,3.639324774183361644e+00,4.873930284808769997e+00,3.516934333763921394e+00,1.541634919188841657e+00,3.527112148357749444e+00
0.000000000000000000e+00,0.000000000000000000e+00,0.000000000000000000e+00,0.000000000000000000e+00,0.000000000000000000e+00,0.000000000000000000e+00
1.563234638563097967e+00,2.028367572736486490e+00,7.382729899394675499e+00,3.306719319628309339e+00,1.976946381186395651e+00,5.205206880939019953e+00
2.438597394585511502e+00,1.491009534842801409e+00,7.110983757201854161e+00,2.932510817314331053e+00,2.474071510894586545e+00,3.025139187630770721e+00
2.893273740733716792e+00,1.089415819730057411e+00,5.348291144540029407e+00,2.329306603856608149e+00,2.813358121958440705e+00,5.259243055241395126e+00
5.877205628372728086e-01,3.670394494551296738e+00,6.172942804848096543e+00,5.078916662196683696e+00,2.961862712346770454e+00,3.589751168092629730e+00
3.937780603524885681e+00,2.372105718815491926e+00,5.340985506555950835e+00,3.379603562018270502e+00,2.797561478782482958e+00,3.804510219025868611e+00
2.856267233926257365e+00,3.307378464809741292e+00,7.059759930049674281e+00,4.842479336330083761e+00,2.681318711666411669e+00,3.385792693292223099e+00
3.073827715739148481e+00,2.183075191192215936e+00,4.857450064130637735e+00,6.025407928724589190e+00,2.101049580513993931e+00,4.314188156266363983e+00
3.167952080578537277e+00,1.013861813205604534e+00,5.554097285090100478e+00,2.350640580335456420e+00,1.331794521047398927e+00,3.442085009284965746e+00
1.929797897268376028e+00,8.349077594141762759e-02,4.191755846572918998e+00,4.571839122453822846e+00,2.454550196354426284e+00,2.292555478836939997e+00
8.651646090381261978e-01,3.366849213949996145e+00,6.722431209910417316e+00,2.183154253419683943e+00,3.066129818654859118e+00,3.094967445055382349e+00
1.598334789312017001e+00,3.930375541165599174e+00,4.963594821988804640e+00,5.389276070236247662e+00,2.285543216398679967e+00,5.191993110017677715e+00
2.644284214754860862e+00,3.544811362886646666e+00,7.435103289040075225e+00,3.187569928382637308e+00,3.821146178051562536e+00,6.448479934470491060e+00
3.570337702263473467e+00,4.698259980524787771e+00,7.556364628374584669e+00,3.536778168925959864e+00,3.675822442398610779e+00,5.556043545514961046e+00
3.374453314371137047e+00,3.081405091007674013e+00,3.929047187851351097e+00,5.290840595241751210e+00,5.116844635774874916e+00,5.771415304386554368e+00
3.280876409648191050e+00,2.582065377958997932e+00,6.609461522459479710e+00,5.267199375306209852e+00,1.553310561188764538e+00,5.342991155107277734e+00
2.552998669975940160e+00,2.382179760191864837e+00,5.448251486935505206e+00,3.761626444080069742e+00,2.070637791332226918e+00,4.384374432138021582e+00
2.964027187743957459e+00,4.435074510922761171e+00,3.166537065465187872e+00,3.943332607490484865e+00,3.010524805915300917e+00,3.352884709325712365e+00
2.622742363359399143e+00,2.214112098482603486e+00,6.326441294927466430e+00,1.378440489471239427e+00,4.249426473650936842e+00,4.284947110119585290e+00
1.048964805551021229e+00,1.584052415592446028e+00,5.850242835208422143e+00,3.142024377814008229e+00,4.042344345681042839e+00,4.837704834771280105e+00
2.022381640011165160e+00,3.352404035722785558e+00,6.085506913212279656e+00,2.882986252413257677e+00,3.598423864909990666e+00,5.761730056075030859e+00
2.102164618805787200e+00,2.210703959116562700e+00,4.635029831339834594e+00,3.073068899001945908e+00,5.377368819535097266e+00,3.800844040210688668e+00
9.532519716775713636e-01,1.363288278064226366e+00,2.418086579141879078e+00,4.116025659099459943e+00,3.776853315065518135e+00,3.198934840978198135e+00
0.000000000000000000e+00,0.000000000000000000e+00,0.000000000000000000e+00,0.000000000000000000e+00,0.000000000000000000e+00,0.000000000000000000e+00
9.698422548670231347e-01,2.301058451509208069e+00,6.392412447651590668e+00,3.329146705045010091e+00,3.987068504277476499e+00,3.316787041459718921e+00
3.681782473040599246e+00,4.060528831837622477e+00,3.702108310751699882e+00,4.125746540042468880e+00,2.441413544810038694e+00,2.568616487957385175e+00
2.697312537814803068e+00,2.119690946123045983e+00,3.260673613017719408e+00,4.797130786860619445e+00,2.282075689945406882e+00,4.438405040958660841e+00
0.000000000000000000e+00,0.000000000000000000e+00,0.000000000000000000e+00,0.000000000000000000e+00,0.000000000000000000e+00,0.000000000000000000e+00
3.110561405001660784e+00,2.896355836099891778e+00,7.265948299190073456e+00,3.166762817402751118e+00,3.650475394515273919e+00,6.819993756640758242e+00
2.861962468148812277e+00,2.064829747028197104e+00,2.800308455021019327e+00,3.906417833555710928e+00,4.861552390126577805e+00,5.299922297901137114e+00
2.450037368009968297e+00,3.772250668086697178e+00,3.097613010078867024e+00,4.992887657276513735e+00,2.984934482225188646e+00,3.269082572133108044e+00
2.008117538986221806e+00,2.314949113560744287e+00,3.857486202234468031e+00,4.554906187171519960e+00,4.428642685881564844e+00,2.852712032955548871e+00
0.000000000000000000e+00,0.000000000000000000e+00,0.000000000000000000e+00,0.000000000000000000e+00,0.000000000000000000e+00,0.000000000000000000e+00
1.518621593653150414e+00,1.554852220252502137e+00,4.929038187277805960e+00,3.684572673299070011e+00,3.785996724008086289e+00,2.778102087251964392e+00
1.113042829650953358e+00,2.012125441208325594e+00,4.223001337052498805e+00,5.254317446241807410e+00,3.327054849708959150e+00,4.700485172937245437e+00
1.706651126742396940e+00,2.084492252863579864e+00,4.602053726673811518e+00,3.470506235169003251e+00,1.781194410941971951e+00,3.018780896345240716e+00
2.131430923318687221e+00,2.950736564360449954e+00,4.888125602897470223e+00,4.157780726487277256e+00,4.256352660093963181e+00,2.992388850248391741e+00
2.218369899650839194e+00,4.692435738933335543e+00,4.876712764161960756e+00,4.519509253899491874e+00,4.176072292246945317e+00,4.049626310064917689e+00
9.192414541843918485e-01,1.813187577062160827e+00,4.869899792398118876e+00,2.915253201834518748e+00,3.399867366926738299e+00,3.389911455529580842e+00
6.167716265304861167e-01,5.086022079566770770e+00,1.511576339212798104e+00,6.090209529813632727e+00,4.675676398483256335e+00,1.870444875115434336e+00
3.238317981182988969e+00,4.360127440775041663e+00,3.775294401734551997e+00,6.282869987534223100e+00,7.412268710575924402e-01,2.717073859271085468e+00
5.313964909287575367e+00,1.319161728434210534e+00,3.245725922618987624e+00,4.190051818080628543e+00,1.397179195771862448e+00,1.215622831211383925e+00
3.986238673333520666e+00,3.597560858445048915e+00,2.573216488395596357e+00,7.578494074243079304e+00,1.783480945930983719e+00,2.279074902250957102e+00
4.296620533022179167e+00,1.786350136605141525e+00,4.373677980430747070e+00,5.446168053118197960e+00,1.188784482997315983e+00,4.095712797393533222e+00
