VR1,VR2,VR3,VR4,VR5,VR6
2.415701666032736394e+00,3.004646308871423699e+00,5.015602485556363455e+00,4.081216522653805079e+00,3.190510948863818363e+00,4.222387934760856609e+00
2.409365193507632341e+00,3.009261448591205923e+00,4.997390320162612198e+00,4.035699357476503657e+00,3.190870294261366702e+00,4.229939755974831073e+00
2.406902397493203338e+00,3.038733065636592290e+00,5.025496653260600688e+00,4.085158131673566118e+00,3.201897090407860524e+00,4.262210995436023886e+00
2.395758582527090841e+00,3.005965084339328630e+00,5.039875427595439383e+00,4.060414458096977874e+00,3.221423374647803151e+00,4.232614911662451185e+00
2.414127923389908226e+00,3.018142541811514423e+00,5.017034522196271773e+00,4.043231794297598825e+00,3.194572469321682373e+00,4.208300748072924868e+00
2.400351090815671107e+00,3.009124331566466637e+00,5.024109825781994942e+00,4.043927943750404985e+00,3.211213741061651916e+00,4.218649641785169102e+00
2.409797965256413654e+00,3.043262345499409438e+00,4.995996598196914995e+00,4.045596583704141658e+00,3.189290237377812698e+00,4.220685513068278105e+00
2.425778871215775290e+00,3.036673913801914981e+00,5.013705358172536819e+00,4.073179734076293634e+00,3.224207715310483113e+00,4.217012858008785336e+00
2.437544249972068311e+00,3.028365723883675642e+00,5.023327181061360669e+00,4.052090523805384592e+00,3.234583756253301079e+00,4.224692482572655727e+00
2.415477816944623157e+00,3.027799456649919119e+00,5.006644566760400927e+00,4.071461755128690463e+00,3.236800862287879887e+00,4.216071955790308579e+00
2.415749546884983889e+00,3.018360782971089673e+00,5.004423753654826612e+00,4.060956408717246724e+00,3.226350000039742927e+00,4.230544492920576438e+00
2.394521533633137800e+00,3.027142382369261142e+00,4.999127336420045253e+00,4.048870973976297805e+00,3.222361095814493481e+00,4.229114777756927346e+00
2.387856661284831983e+00,3.020820895790245153e+00,5.016070399479494846e+00,4.073392887198518331e+00,3.204980347538179952e+00,4.226596794958419778e+00
2.380452641119917612e+00,3.016511372470880747e+00,4.966442533014514993e+00,4.042314261075042658e+00,3.197349318302408427e+00,4.216735440201496488e+00
2.392859586070504196e+00,3.010737914972710261e+00,5.003542675418732877e+00,4.047320021098032683e+00,3.197984282125818201e+00,4.246501591815575516e+00
2.396600426559862829e+00,3.033352915864003130e+00,4.999022066072055459e+00,4.053523097397592423e+00,3.223601110964463334e+00,4.242166682881967077e+00
2.403752368321973698e+00,3.011253098733244649e+00,5.032480820330892612e+00,4.020662310218602542e+00,3.213303494999723675e+00,4.243021516430891538e+00
2.404775279882974903e+00,3.041275065694027280e+00,5.008363142432924242e+00,4.046277442524358392e+00,3.206113040820514293e+00,4.230922759387554244e+00
2.387106270243133377e+00,3.024044066948085696e+00,5.056557492653248609e+00,4.060484760932983939e+00,3.207673292909969387e+00,4.244163593776829835e+00
2.385784663701478348e+00,3.006258650171532043e+00,5.004820936379639207e+00,4.042844307237597690e+00,3.217718668403454885e+00,4.211610254780953078e+00
2.386723557503531712e+00,3.010429993803693360e+00,4.973300747587862780e+00,4.058607500131646617e+00,3.214589995022795854e+00,4.221156725125349674e+00
2.378823560268199078e+00,3.027534489369383408e+00,5.000285304460730273e+00,4.048122539394266362e+00,3.220704059308995504e+00,4.251717456209234136e+00
2.402067222968720994e+00,3.016636339855910176e+00,5.013888165168250310e+00,4.053870609649442791e+00,3.230107366323864415e+00,4.241690416302024147e+00
2.393147912608398542e+00,3.031205502796788132e+00,5.012968560837653520e+00,4.038983885442810617e+00,3.198395916416270524e+00,4.229067453553655653e+00
2.399295866927080745e+00,3.023787896928255670e+00,5.017976005059122890e+00,4.046397231089782665e+00,3.208254911704015111e+00,4.232975344104742632e+00
2.390015200747008794e+00,3.010123838508122596e+00,5.008433780674564240e+00,4.052364261900871512e+00,3.218508559886507303e+00,4.233365945653018159e+00
2.388654019897010983e+00,3.013280885884125571e+00,5.023110201673275377e+00,4.050606219159146981e+00,3.200764514401483574e+00,4.245248512588120526e+00
2.389116505814893543e+00,3.023574238833953487e+00,5.002320859862576796e+00,4.052904996247158387e+00,3.208265179038940929e+00,4.247322384712774124e+00
2.381126417657434491e+00,3.007701235050604271e+00,5.047190731146835141e+00,4.038890999556052464e+00,3.218970146487305506e+00,4.236733230188675314e+00
2.380305515198665400e+00,3.017654217997798316e+00,5.023182308112027705e+00,4.048116084779803892e+00,3.206407057685896067e+00,4.241568493331138612e+00
2.401822571376907245e+00,3.028645277477553854e+00,4.978883624154010867e+00,4.051458479004772073e+00,3.204194435002233554e+00,4.236347212015750152e+00
2.388713555832866042e+00,3.024471580985812924e+00,4.996938351784415921e+00,4.048748594946872892e+00,3.201319184458489620e+00,4.244599593104696034e+00
2.387025913563641133e+00,3.025368599595617436e+00,5.003289234802959839e+00,4.058101954644347309e+00,3.208183223681035923e+00,4.249121966521979488e+00
2.400708301578930559e+00,3.011266425483936526e+00,5.032255348161381647e+00,4.046242644226342833e+00,3.197329480101916754e+00,4.246908103988744188e+00
2.409196289147213399e+00,3.042158209072755692e+00,5.009686583231418133e+00,4.056672365889141929e+00,3.192428102262950151e+00,4.216482453970334277e+00
2.409774169509021569e+00,3.029490770943002342e+00,5.033543363709805263e+00,4.069716073822926106e+00,3.221778690542409063e+00,4.234795938027970053e+00
2.414148304734177852e+00,2.992134066350130350e+00,5.006785373352820478e+00,4.035168630123057376e+00,3.210881899244003357e+00,4.224715900742284092e+00
2.394087318875944614e+00,3.017783033294076489e+00,5.035261694891208784e+00,4.075188421933281901e+00,3.231813882663907567e+00,4.241160660636490221e+00
2.387717626821328487e+00,2.991423569558973483e+00,4.998582723646239678e+00,4.017041926756620640e+00,3.204875509266127853e+00,4.209402317324709486e+00
2.381357443538541396e+00,3.024054134178940423e+00,4.979472226209442631e+00,4.039863516452362191e+00,3.200552944641656072e+00,4.207661853227969928e+00
2.393384597916071055e+00,3.035793970505200168e+00,5.029762849368717426e+00,4.038795017734583936e+00,3.196460053688406688e+00,4.215345480088584118e+00
2.410095435037173051e+00,3.020265668884144272e+00,5.021904073499321441e+00,4.060359996183414921e+00,3.209227834488760145e+00,4.217729251394441548e+00
2.418328798962258830e+00,3.039756369624229126e+00,5.011719246028625285e+00,4.082080051451295155e+00,3.244607865750082087e+00,4.221488522410924205e+00
2.407375435388267260e+00,2.992192783173949433e+00,5.010141017275650199e+00,4.066548846149985685e+00,3.216634608921647320e+00,4.219082676281205480e+00
2.413632541908599993e+00,3.001364714373225606e+00,5.041655031893828465e+00,4.043308827656219684e+00,3.192321549832979333e+00,4.248282298959603409e+00
2.441476921637527386e+00,3.042006627453329948e+00,4.987276200270103210e+00,4.078923647582030299e+00,3.220348124238435528e+00,4.230062239770307819e+00
2.391415638011020306e+00,3.014271181737554706e+00,5.030611324953161656e+00,4.067065368662955649e+00,3.234712211032704232e+00,4.231130780191986851e+00
2.382732856310271874e+00,2.996857032883377681e+00,4.968813861900465589e+00,4.043143588046701709e+00,3.230113578684701281e+00,4.208422491417096900e+00
2.401875193317873247e+00,3.024819135110068391e+00,4.991759083589248469e+00,4.046443206879997589e+00,3.209419597741994590e+00,4.228531443385163513e+00
2.402162520277659752e+00,2.989257107907168365e+00,5.002685607182884908e+00,4.060259804525560234e+00,3.213479060355313166e+00,4.223416911786038064e+00
2.394713461702100421e+00,3.030753729300274202e+00,5.001014278750446351e+00,4.059702963841120393e+00,3.226104449059822965e+00,4.241583098690921538e+00
2.407353975681028491e+00,3.011332309493308212e+00,5.029036920697262936e+00,4.053983137536843806e+00,3.218687101157111652e+00,4.245750867461049793e+00
2.406336454637554301e+00,3.018500620024152870e+00,4.998315770272205860e+00,4.065062029789140219e+00,3.222884760044332442e+00,4.238452854211959497e+00
2.384931995611546451e+00,3.011048612054699980e+00,4.992198216281000356e+00,4.047939634929206498e+00,3.221843032076437741e+00,4.236053260202250037e+00
2.387839720947230404e+00,3.027032676801246769e+00,4.979139707906563572e+00,4.038964808468262113e+00,3.225349791275491373e+00,4.206682276177499347e+00
2.389914386581548200e+00,3.020784892363507002e+00,5.022439193509549149e+00,4.042030162392677539e+00,3.195161164870627957e+00,4.231923073379151745e+00
2.428614617677054444e+00,3.046994061647097851e+00,5.005740554301502776e+00,4.051862930591481948e+00,3.174796199864403867e+00,4.220531650811846447e+00
2.413532972899446349e+00,3.021685938363015911e+00,5.015872452102637880e+00,4.036360286642342921e+00,3.180468572390338977e+00,4.234337358146993857e+00
2.393911334303308713e+00,3.001968938803875719e+00,5.002342336546298007e+00,4.039166446602432181e+00,3.194073815475777955e+00,4.213004579028915231e+00
2.390669938359972324e+00,3.017375435821657792e+00,5.027784132206241097e+00,4.053030127792776049e+00,3.203937036386036219e+00,4.225936503830826751e+00
2.411750817522125612e+00,3.016802309353394218e+00,5.037131559415624515e+00,4.054331449375262686e+00,3.229031929907545617e+00,4.230288392615987547e+00
2.411000064191847869e+00,3.024479615565398127e+00,4.991961821259251586e+00,4.055752991040055377e+00,3.220495206892268758e+00,4.227214623147779626e+00
2.415591242714944631e+00,3.014177124622076764e+00,4.995660006238674455e+00,4.067745217948266045e+00,3.229711643223184048e+00,4.228391257111556278e+00
2.402513800068845740e+00,3.027015407803978597e+00,4.992019283850596345e+00,4.021779401293060552e+00,3.229888705349335698e+00,4.222115596245138214e+00
2.396587622585877764e+00,3.020739199816427689e+00,5.005859623227103761e+00,4.053395758443096852e+00,3.244082240355148805e+00,4.224401546961186860e+00
2.396936122225371335e+00,3.014774700394208917e+00,5.003766811632154088e+00,4.048408117427971575e+00,3.227300603428812309e+00,4.221891335024832159e+00
2.394385623252762940e+00,3.009521287598433847e+00,5.009221775992578785e+00,4.059452695812427514e+00,3.208748871642043365e+00,4.235182051685613125e+00
2.411642755535078120e+00,3.050369671737962918e+00,4.984747388877458718e+00,4.037287868847371008e+00,3.203122972071831942e+00,4.237581410124128034e+00
2.418149722015583869e+00,3.029347444022979730e+00,5.018887369741790394e+00,4.056164933474851075e+00,3.207764619041660215e+00,4.238808415023758158e+00
2.404696711578770518e+00,3.041204484694562282e+00,5.016663220573159165e+00,4.058209676097217944e+00,3.216502487013563893e+00,4.239935721039853611e+00
2.412311857724783071e+00,3.013448605423310944e+00,5.015769189630120195e+00,4.063746480408210182e+00,3.226135268593793182e+00,4.231169075247025013e+00
2.401244759105706894e+00,3.023601894597173878e+00,5.009519211434629860e+00,4.065612900142261843e+00,3.233885095002640320e+00,4.230823976127426000e+00
2.382998897932572913e+00,3.010715298581037924e+00,5.032142788159319480e+00,4.034290950237981122e+00,3.220791630656167026e+00,4.233945409280052807e+00
2.388120453837266233e+00,3.005444817493105880e+00,4.997264657474668859e+00,4.041771860631291347e+00,3.216333250391332221e+00,4.220517366519964675e+00
2.399640444489041791e+00,3.019684836994045884e+00,4.987262315254498368e+00,4.033030737966655899e+00,3.205594186653538458e+00,4.225986522179690397e+00
