VR,SS,ANX,INT
5.542908177800385516e+01,4.445145128926014877e+00,7.585996179199245404e+00,4.736895131220286714e-02
8.705067487322850184e+00,3.153107926836201891e+00,8.345122657586145465e+00,1.071961267913543736e+01
2.007993574865615116e+01,2.767226460259307075e+00,5.204021396462680471e+00,3.161740584391459663e+00
1.912683198781746441e+01,-1.572847824788008442e-01,-1.009527099645718851e+00,4.857854605254568803e+00
1.165487860090034467e+00,2.259844891166704173e+00,3.552109148285799378e+00,4.024322658625353100e+00
-8.623829902833941574e+00,1.078233641391705966e+00,1.112616608799042339e+00,2.617818868158903634e+00
-4.116689350539415315e-01,1.230827581276391136e+00,-1.025203838488821795e-01,5.312631353541485524e+00
-2.532264845311521384e+01,3.139991993013928173e+00,-1.335572055273448244e+00,1.128648773845493114e+00
-1.043197037479273703e+01,1.969516815399309451e+00,7.495158472796774163e+00,5.539399403816203105e-02
-6.089749993288046781e+00,1.417247693518563167e+00,8.180981595581620525e+00,9.415738506165686417e+00
-3.384474205835999072e+01,2.315590614013649962e+00,7.678822448067399442e+00,-2.473544055831800037e-02
3.980909170228677851e+01,1.053090870208916341e+00,3.736450881209359309e+00,-4.945804557594124518e-02
3.458535688577506306e+01,-1.403443999735498382e+00,5.603250967170486874e+00,3.036694921318545681e+00
3.280098229107303975e+00,-4.242289435279202880e-01,4.637898198221089174e+00,8.880479496915787863e+00
1.087741334974127305e+01,-9.372416450532952137e-01,3.073959250940459853e+00,-4.903563390734971605e+00
7.417255680942707485e+00,1.411098772696088854e+00,-1.900288638181765632e+00,-4.622986682295997518e-01
6.116991417360715388e+00,1.857002576542769123e+00,-1.397658146970475190e-01,2.426677755215686183e+00
8.300374677838270543e+00,-1.086093025432484094e-01,5.346982147844899558e+00,3.915102005109895700e+00
1.737688744772801286e+01,1.904668869362387662e+00,-5.976862613661242385e+00,1.122655480421873797e+01
1.530317708847243097e+01,1.326365957777655202e+00,-1.741015596190418568e+00,-9.089959567448988587e-01
1.026174234999470514e+01,8.254717633316150938e-01,3.811974360088303371e+00,6.425292424757461873e+00
-5.642889227210526215e+00,1.192710463378008789e+00,1.727562651147778405e+00,2.227814079240490130e+00
-7.175497130247233457e+00,6.828401561823020938e-01,5.247354249373151980e+00,4.023314054783859284e+00
-9.726582519889358736e+00,2.897016611139864306e-01,-5.484753056045217345e-01,-1.921330603474047383e+00
3.023702428661018971e+01,2.175917467065388688e+00,-1.579130848105334328e+00,1.069617153417824706e+00
4.645000835381239312e+00,1.354703173530893423e-01,1.217612867740380356e+00,5.805019427816018762e+00
6.478127898877346524e+00,-1.251049252059970973e+00,1.102889289947683871e-01,6.187266018360755737e+00
2.883722802281401698e+01,1.461306266391952047e+00,-3.129797742473507949e-01,5.487680785522139004e+00
4.782858683632920105e+00,3.151393182101344115e-01,-5.472142121917653590e+00,-5.196799339797145478e+00
-1.429452051843293248e+01,-1.248663260627059346e+00,1.167847138699735554e+00,7.154814227873541377e+00
-3.133164644926687714e+01,2.939514843642861974e-01,1.116499150931043260e+01,6.843786549892685755e+00
-2.078520966275057091e+01,9.174850333791094714e-01,7.078389845720914231e+00,-4.839107044124860479e+00
-1.171474130634184796e+01,2.756475311558863162e+00,1.616227573173932397e+00,1.147638784459934236e+01
-3.938558284663049580e+00,2.397867938815888778e+00,3.486550971283192801e+00,-1.003049093276797255e+00
1.312615430576532027e+01,2.722012467427509907e+00,1.068080480564125168e+01,-1.244935493694744988e+00
1.084330152184541163e+01,-7.563140100993728243e-01,6.696588398539294218e+00,4.577663958118254328e+00
-2.022602282420050557e+01,1.314912474870515435e+00,4.851226959126817562e+00,2.557155656475015526e+00
8.587397254988258233e-01,-4.496583337416479864e-01,-3.573442802697768261e-01,7.715179504967419888e+00
2.008888085148870317e+01,1.003707117374620594e+00,1.180939580646857756e+01,-1.095541174648761551e+00
-1.128676301871801790e+01,9.209193145715015572e-01,1.289722984037208198e+00,9.040772178575435802e-01
2.047617600063626853e+01,4.992964646512672022e-01,2.415815497196269312e+00,4.927010478948619543e+00
-2.153949035707440984e+01,4.791604031607303860e-01,6.430716908330760262e+00,-4.540420964384543900e-01
5.340018192403910291e+00,3.846414809046541095e-01,-2.813596375442859454e+00,3.619373915919654738e+00
-3.133162813733451291e+00,3.325120128499861050e-01,4.903507172806256698e+00,-6.723013417460199648e-02
-4.555652874216521653e+00,6.958734227308494003e-01,-4.669000996065928888e+00,4.257035735093684714e+00
2.948461307657272101e+00,2.097074376265681384e+00,7.807065903178179722e-01,4.574105168974405444e+00
2.472578905829753637e+01,3.827895573577606569e-01,-8.225057639017400390e+00,1.630930003560497887e-01
-2.801183990897510867e+01,1.065581034080313572e+00,3.557871772310662095e+00,-1.113485495848503870e+00
7.716036438527250851e+00,1.509850048251619503e+00,2.268039711905459832e+00,6.222076999481005011e+00
-2.196363702343516167e+01,7.411914155170054030e-01,8.881598630120588922e+00,-5.731152439168170076e+00
-7.209255044938991830e+00,8.700545990067284352e-01,5.925798249078973789e+00,-1.520029159468904378e+00
1.294891186794425231e+01,2.849390991351685720e-02,2.101094892173136053e+00,7.151371670469194086e+00
2.349100899256423514e+00,2.219210568857987731e+00,1.482775328933441372e+01,1.655902318118725347e+00
4.033637063940839873e+00,1.671758367482921503e+00,1.002940864240537877e+01,2.065225223159345092e+00
3.915855138282752890e+00,3.555717893882742731e-01,5.790288807166128926e+00,-2.333645922371937242e+00
3.523088602638770439e+00,-2.822991292838565869e-01,2.260664225031643326e+00,1.909014665014195256e+00
-4.660193520515045407e+01,3.834028762847873750e+00,7.046210756601084313e+00,-1.533684910575879190e+00
-2.988870442520368265e-01,-4.404986668573356301e-01,1.126947928672973331e+00,3.968063035344418399e+00
-1.404733671838634379e+01,1.087366474436953334e+00,-9.458305760156832775e+00,3.717845682696672149e-01
4.874180505616635628e+00,1.679981828017238499e+00,-2.690082342932299753e+00,8.592953255279430991e+00
1.449441553923151105e+01,3.685068834280100791e-01,-4.544953235501942856e+00,3.828912569722809245e+00
-1.909556491683728296e+01,1.179016370076160225e-01,4.296608447626887539e+00,-7.977552603608315529e-01
2.660327594898429027e+01,1.805420500258462235e+00,1.422248209653187434e-01,1.296404587152798271e+00
-5.984493059514482738e+00,1.279231140986900161e+00,-5.441470858308219860e+00,3.881717736825719189e+00
-6.367091890960892897e+00,3.453253767258353868e+00,-9.047756463101142899e+00,5.005435864032930837e+00
1.646137499313735120e+01,2.776441248646417836e+00,-1.021234857626414083e+01,-9.578418827797316126e+00
3.667072800911277852e+01,2.688493415649914731e+00,-3.235686326495519793e+00,6.169467830144126808e+00
3.211058656821485613e+01,2.395629446690880293e+00,-8.847453067349180245e+00,6.823370203585731097e+00
1.024816455258440762e+01,6.658609268788886482e-01,1.182574078095468906e+01,7.601076305317823412e+00
2.951147446221256132e+00,1.350600732516461289e+00,-7.828971943798118005e+00,6.756524553009890965e+00
-1.163700538859568212e+01,6.141765221957623533e-01,-9.541722174273115087e+00,2.485726424812730873e+00
-1.532458554284315611e+01,7.070038130075226857e-01,-4.716573786094418352e+00,9.307183878685020062e+00
-6.000761967682308295e+00,-2.276828529883678343e+00,-1.275714735992319993e+00,7.063356325381880296e+00
3.067798444591940310e+01,-2.945495609225117217e-01,-1.309401482563049113e+00,1.047152489145072174e+01
9.838573862770552125e+00,7.799787481731512706e-01,5.288915553817758131e+00,3.367913256899157659e+00
