VR1,VR2,VR3,VR4,VR5,VR6
2.435095586110271881e-01,4.106733504089531195e+00,5.407634085099704890e+00,5.816779604798218983e+00,3.461348417329874305e+00,2.467103073330457974e+00
1.458610135292456977e+00,1.446920245006130479e+00,3.373310520382445610e+00,3.834947704297629212e+00,2.718004179644532226e+00,2.658503726428770086e+00
3.351406711875981603e+00,2.983381232466839172e+00,5.574871050004318818e+00,3.151582009249195959e+00,2.439308281702806003e+00,5.350115382135015807e+00
0.000000000000000000e+00,0.000000000000000000e+00,0.000000000000000000e+00,0.000000000000000000e+00,0.000000000000000000e+00,0.000000000000000000e+00
0.000000000000000000e+00,0.000000000000000000e+00,0.000000000000000000e+00,0.000000000000000000e+00,0.000000000000000000e+00,0.000000000000000000e+00
0.000000000000000000e+00,0.000000000000000000e+00,0.000000000000000000e+00,0.000000000000000000e+00,0.000000000000000000e+00,0.000000000000000000e+00
1.168163180544575352e+00,1.585728686100631668e+00,3.550983895822347414e+00,4.166537691143562760e+00,3.928924454054303350e+00,2.375950909285190260e+00
0.000000000000000000e+00,0.000000000000000000e+00,0.000000000000000000e+00,0.000000000000000000e+00,0.000000000000000000e+00,0.000000000000000000e+00
0.000000000000000000e+00,0.000000000000000000e+00,0.000000000000000000e+00,0.000000000000000000e+00,0.000000000000000000e+00,0.000000000000000000e+00
2.497995280948394736e+00,1.687430416260647714e+00,2.056936569884666888e+00,4.143493453660490822e+00,3.049704510668978408e+00,5.801570559192971821e+00
3.135697644202698697e+00,2.978404909196911809e+00,2.811356884548501078e+00,3.330757825389139448e+00,3.105144815968572392e+00,5.039967687346075920e+00
2.966387924013017319e+00,2.994143478421649185e+00,8.369784673963287958e+00,5.086996562860844229e+00,4.572897147231781645e+00,6.561421458000378237e+00
3.850490010799390017e+00,3.996784815476777553e+00,9.062994815732182019e+00,2.688554818098996435e+00,2.808014745649984434e+00,4.429773517818905049e+00
3.696367345016939865e+00,5.437510495476258754e+00,6.774646995711389508e+00,3.810451365254094558e+00,3.607236455337148762e+00,5.196691524928377603e+00
3.141786809517070900e+00,5.337770926166946595e+00,5.972631881652863406e+00,5.523557516603372797e+00,4.816350877497223237e+00,3.217518881473856673e+00
6.923563249176130086e-01,3.920505683352554005e+00,4.403539824611280906e+00,5.568243082448623760e+00,4.269271165436461679e+00,5.149275002903080711e+00
2.622429939461496939e+00,3.158761790485075327e+00,4.414083398675210823e+00,3.637726160355268412e+00,1.063472427477798465e+00,5.062834042994623474e+00
4.041561902271377349e+00,4.949211436844541900e+00,6.275644637253164682e+00,5.815795449988788057e+00,1.678860943039171216e+00,6.191811471868760464e+00
3.640939901974987514e+00,5.365822809765828261e+00,6.445763650320281535e+00,3.914408055079805493e+00,3.111887355836633340e+00,6.368131109015844338e+00
3.726968861325373972e+00,6.132910884398977913e+00,5.169940677403491947e+00,4.359166518475582563e+00,2.513609229497090869e+00,4.816079758303718705e+00
3.988661760164111669e+00,3.887548771182765872e+00,4.625004667084644971e+00,3.099502476578480437e+00,4.228178433875958042e+00,6.747474278093223532e+00
1.706254141242641964e+00,2.845110079609943554e+00,7.055546685958391961e+00,3.540667214932068596e+00,3.395541019007398464e+00,4.264178691876072236e+00
2.244944012031892200e+00,3.700462025531654042e+00,5.090189550451020395e+00,3.218847108486575070e+00,2.988445756121392627e+00,3.007537532190640572e+00
2.848672134660192867e+00,2.778638777276248639e+00,3.747623023746091686e+00,2.965153162654150520e+00,3.400082253954436418e+00,5.131005085590803816e+00
4.087640505384635858e+00,5.691341210346351431e+00,4.490259231103840953e+00,3.080374843739900115e+00,3.621617015448022947e+00,3.906784941481809881e+00
5.020268583303304055e+00,6.499058237380252123e+00,9.700622173623525413e+00,4.402010052257222306e+00,2.736444378829532731e+00,4.924406625857823627e+00
5.282671222133686229e+00,8.131095242055218719e+00,1.011197233086654812e+01,4.958755515140947701e+00,3.614513970944007060e+00,5.023791199828147924e+00
3.156666706164146241e+00,6.743075273921075308e+00,7.406771298015449645e+00,2.075584240847250683e+00,1.804778363095340676e+00,5.664576287607518523e+00
5.984612804664168451e+00,7.087927269622449344e+00,8.835990549353804013e+00,3.021777233391322426e+00,2.140856167211710570e+00,3.883678205425677543e+00
3.303605638605844774e+00,5.659958218648155182e+00,7.799922542755453492e+00,4.306576140203498326e+00,2.475402774111181703e+00,4.142597751860327193e+00
1.911902195082024747e+00,4.290476412214505153e+00,5.277898266748665357e+00,3.198171938301652251e+00,3.819754746256041944e+00,4.251965511843894596e+00
2.721135143233257558e-01,3.869152496615475112e+00,5.855975606625947627e+00,3.440591796991776974e+00,3.404932686520691032e+00,3.446081708572458879e+00
7.350358580444584788e-01,1.158686346840610337e+00,4.012843591156979528e+00,4.445545046171833548e+00,4.458088878359597551e+00,1.266710906254093771e+00
1.208881368296882863e+00,1.252823472368090663e+00,5.700767178416669800e+00,4.111149217722618765e+00,3.004226216607565281e+00,3.807229779973971606e+00
2.810424201809685218e+00,5.640466149489309799e+00,6.419666090344849252e+00,1.846432048622304034e+00,3.149520704772026836e+00,6.660450237598658063e+00
4.720423562039727017e+00,5.790119941136336656e+00,7.185470597457168651e+00,2.338705944163211647e+00,1.217949116845539193e+00,7.351367295400422996e+00
5.066219227457189334e+00,4.478663901505396616e+00,6.273731495836246452e+00,5.302136794887054805e+00,3.302229809548285822e+00,6.564480194114101330e+00
4.820537010281428891e+00,4.565028790197286135e+00,6.837666202635292123e+00,4.350248488559284255e+00,1.369628859871002469e+00,3.300274775474293154e+00
2.572212948877691918e+00,4.425594024760020950e+00,4.959956666803799763e+00,3.440743537966305610e+00,4.032125290704507314e+00,3.584495029266459909e+00
2.770533609909334061e+00,5.264335886041314083e+00,6.740785384016040993e+00,4.852681897350300311e+00,4.618848103496437041e+00,5.455466743958941045e+00
1.667904133061429928e+00,2.328514426116091052e+00,5.727645762623096992e+00,4.076386621887558626e+00,4.031971176433568615e+00,3.849561140674772286e+00
2.232971952006967964e+00,3.165094674046800449e+00,6.460904567537331999e+00,4.215327612126643864e+00,3.153474621834447156e+00,4.493381552184349204e+00
1.180589273380983517e+00,3.191153113814551023e+00,5.257808326964347856e+00,2.561591934196353115e+00,2.969157674909319589e+00,3.929002038602445790e+00
2.623999339715032963e+00,3.033610360406382433e+00,4.194565102881512964e+00,4.806260866614843863e+00,1.475574176580467078e+00,4.393151352654938613e+00
1.229942903159252143e+00,3.600529325165281236e+00,2.098015459173012687e+00,3.394709551629026656e+00,2.923024109471647147e+00,6.492694572654732710e+00
1.668798711524477563e+00,3.826934090968671764e+00,3.505181017025984502e+00,4.459880858185782948e+00,2.689377202499327879e+00,6.424990454617796054e+00
3.798689562935450237e+00,3.547665549340431212e+00,5.134950671504959097e+00,4.108964152349239285e+00,5.347180836038942786e+00,3.660268393072108939e+00
4.867860282345178646e+00,1.877052809701456937e+00,7.417747040394436553e+00,4.223670353157816137e+00,4.298465397358240736e+00,2.550134758635748344e+00
1.559641933091811872e+00,1.858952065859910574e+00,7.687486033266464958e+00,2.372382598202311677e+00,1.819548997600086260e+00,3.028800991227161621e+00
1.860969306312570737e+00,2.813594834608285744e+00,5.656965285360059603e+00,3.849890121001913634e+00,3.504478528859111375e+00,4.085715077023559516e+00
