VR1,VR2,VR3,VR4,VR5,VR6
1.580107214997291898e+00,5.375802339044369660e+00,6.849287017255052845e+00,5.248704401434289402e+00,4.525269159263074492e+00,5.769992837580300460e+00
3.252912675781296059e+00,2.303710106439815331e+00,5.434488060036464674e+00,4.350442556304997765e+00,2.588737266600396048e+00,6.147011212499684518e+00
1.594711182089723511e+00,2.913454736808085865e+00,8.766062806355844117e+00,4.406289829590455120e+00,1.896452843492624663e+00,2.165730565030526300e+00
1.908217666196159623e+00,4.249400562372004586e+00,6.387005689693086907e+00,3.691750507590291885e+00,4.931855261820434322e+00,1.603536911317981151e+00
1.994918727151148818e+00,2.310278856739651498e+00,4.497852613443543923e+00,4.282546438652805598e+00,2.135607385924759072e+00,4.544018589036792122e+00
3.862683176171596067e+00,1.803187714705453137e+00,6.665517015775419551e+00,6.014128320139231931e+00,5.148306774542843911e+00,3.853308070754664527e+00
2.202895457576893978e+00,1.387618295066388452e+00,2.266875224751078832e+00,4.349933289201179498e+00,3.040920558762496562e+00,1.803135817278138653e+00
0.000000000000000000e+00,0.000000000000000000e+00,0.000000000000000000e+00,0.000000000000000000e+00,0.000000000000000000e+00,0.000000000000000000e+00
1.492487501662939975e+00,9.122211059012195200e-01,5.024488402766690065e+00,6.900292885080306249e+00,3.675329901700825186e+00,3.277268201980068518e+00
8.964522138548614016e-01,8.898674027160624611e-01,7.052046553278750629e+00,4.810352428399495395e+00,6.054983947096154395e+00,3.571226007690309068e+00
1.619599932889009164e+00,2.266838236524205463e+00,6.318459719109021933e+00,4.972704944290901707e+00,3.006549867098988749e+00,2.332503661489332636e+00
3.048717955433510873e+00,2.705840013945353562e+00,4.690513505190263999e+00,5.058120877375579028e+00,5.166291678261187847e+00,3.579224320955395555e+00
2.143640585874011961e+00,7.089534438485149970e-01,3.614355233224697983e+00,4.408848282325507739e+00,2.945622092112650581e+00,3.908547714115781169e+00
3.297797111084587396e+00,1.727507062796583392e+00,5.505672111975611571e+00,5.112878405352285327e+00,4.269092793626475313e+00,3.236410741447379724e+00
3.055279623806873346e+00,3.008335252570034868e+00,7.300476188033787395e+00,5.216187672389219543e+00,3.302577749924841211e+00,2.911338268416888475e+00
2.366563878770839402e+00,2.123728191206231575e+00,4.787242555129385124e+00,2.366267604032761263e+00,1.051409599913200932e+00,3.232174920353632963e+00
1.149601897792344340e+00,1.594700739056947869e+00,6.289564350419451166e+00,4.552182842874334945e+00,6.071709337367032333e+00,4.655126060443233627e+00
3.400661641940312840e+00,2.775529750431426912e+00,7.759443470429401302e+00,3.103251233523681485e+00,1.845435370183468482e+00,5.245004915289599445e+00
2.019513820666335668e+00,4.252823377753794709e+00,7.906826817973142241e+00,3.215487712957180388e+00,3.092000091314096810e+00,7.264423968067624138e+00
2.291508016701477413e+00,4.697566779397131853e+00,8.143204216287781350e+00,3.853314666065949634e+00,4.080856263752305146e+00,4.293197836616016616e+00
3.224891556535286696e+00,2.570100366695006855e+00,6.026549719142739292e+00,3.822829906393853783e+00,4.682167624055614041e+00,4.413238517868339983e+00
2.777904529996272132e+00,4.759198937353649406e+00,7.039540224159065218e+00,5.458250132050844527e+00,1.268881898442252298e+00,5.668174149326945965e+00
2.093049484187976539e+00,4.924194547810071043e+00,7.486167094504512676e+00,3.190843996807868788e+00,2.866495758298666097e+00,2.957473786236721303e+00
1.942809218836029528e+00,5.676645177608937942e+00,3.479006525597354127e+00,1.783354762978978769e+00,1.594143092462453115e+00,6.697321456777440396e+00
1.540699751209169133e+00,5.479037959423047610e+00,2.073709838400256800e+00,2.428865470826204742e+00,1.993101204653558778e+00,5.523344797216896751e+00
1.318489873829364001e+00,6.267122157768435287e+00,2.990370367778588445e+00,2.142775340850550769e+00,1.760376668490452268e+00,5.411970227468320793e+00
1.002349237623964218e+00,4.578286408138522390e+00,2.638802538347491122e+00,2.787654576286572095e+00,1.404727433314922003e+00,5.671659430473873442e+00
2.187852653306662010e+00,6.148174835814680605e+00,3.002272059503014567e+00,3.141787921038316167e+00,2.326963644054562241e+00,5.344996460802740934e+00
3.014222014723924481e+00,5.774357520218362794e+00,3.251772388999880192e+00,1.377132611642790661e+00,2.352676842264433521e+00,3.770120097084342259e+00
3.962229493711886708e+00,2.918455640891457037e+00,3.044579264435856025e+00,1.816167542608743801e+00,2.941585878762100759e+00,4.289229624458252843e+00
4.441753346092488286e+00,2.853365768017193105e+00,5.197579992075461064e+00,3.645881003099352924e+00,2.755181672314484409e+00,3.504153717207310059e+00
4.909578499356266335e+00,3.253199743333090588e+00,5.430104287456417822e+00,2.611408840997535563e+00,1.873592826529999478e-01,6.433334300894871127e+00
4.725069397681641803e+00,3.592911453927001286e+00,6.352719180467270021e+00,5.089397688859589763e+00,1.077788968187487040e+00,5.002447713351163117e+00
1.753033036839759085e+00,4.986394361883519366e+00,4.576500727243091760e+00,4.267003156422623178e+00,1.029665472889433886e-01,4.666508503357628790e+00
1.923728500565538235e+00,3.730708476032844167e+00,2.971931432551421004e+00,3.473681842044489709e+00,3.502319165869509199e+00,7.136940231473225538e+00
1.222584871568091147e+00,1.630192965862531373e+00,4.640592055120400516e+00,2.857394541089878892e+00,8.066058343955475607e-01,6.035755844469814058e+00
1.939494418896977823e+00,4.710649331854225963e+00,4.951772524385685159e+00,3.762897331227132547e+00,4.537116058433185550e+00,4.009474250396244166e+00
2.655035508520580567e+00,3.403061511966031905e+00,1.849793245890489324e+00,2.566130283285012137e+00,1.963263652001087101e+00,3.462611161021952100e+00
1.091941926505749727e+00,2.640543156654688417e+00,1.830458895744661696e+00,1.632408965300323977e+00,3.800399378597597799e+00,3.353419967585864470e+00
3.201306925779197954e+00,2.796567501363924180e+00,3.639726338029535047e+00,4.678603191260703120e+00,4.393190244040497738e+00,4.282872615656634352e+00
3.882119174101445580e+00,3.036630125012167447e+00,1.709177665473631258e+00,4.684654718375239391e+00,4.693290683652582729e+00,3.921234719805929192e+00
3.744115780666149806e+00,2.720618242523839214e+00,1.980045802962270507e+00,4.611788036350614739e+00,4.441398744908424234e+00,5.082522973834289637e+00
1.019660010251148829e+00,2.402158908847323637e+00,4.855817812756414220e+00,4.563406466488921787e+00,4.645284105475168346e+00,4.376019882003607364e+00
3.449288558525886561e+00,3.020283013249284831e+00,5.482161321651767949e+00,5.471551028803455452e+00,2.606377032298732299e+00,2.642649878894576254e+00
1.484482466420030455e+00,1.951187247763088717e+00,5.641639365554382834e+00,3.287535513867706705e+00,3.422820404410126915e+00,3.056425324342588290e+00
2.024892566771401725e+00,2.681584219066896591e+00,6.165616422783433137e+00,5.511028771646644842e+00,6.740475478822928856e+00,2.387005075833920742e+00
1.455756445484247541e+00,1.136061924858533079e+00,5.059003043949190648e+00,3.758079180816268572e+00,2.397146397670635309e+00,3.695853323336580232e+00
1.962871853721843030e+00,3.196297104784171950e+00,3.711805863192249255e+00,5.844389988799330027e+00,5.464731811038982201e+00,3.102642130719682534e+00
1.786388091444874426e+00,1.097048560907364356e+00,5.852246754665025641e+00,4.592038587040168984e+00,2.053446229165237114e+00,3.901790351846602611e+00
1.800716551797885367e+00,1.646180715047354859e+00,6.058655895857498308e+00,3.744404890806801056e+00,2.292105998532532496e+00,5.263775846518379709e+00
1.375909681240213400e+00,1.940778685938248982e+00,5.090112106466588848e+00,4.584137753063800780e+00,3.672053597151475390e+00,1.651893319810699090e+00
1.717592588625229011e+00,9.813421085046765135e-01,3.633489010753299553e+00,2.499043130133797863e+00,4.473108224115481590e+00,1.926103241481245565e+00
3.132963545535975669e+00,3.705161125809338429e+00,4.162793829935109713e+00,4.727471862215418597e+00,2.167129992859286425e+00,5.859919218569491939e+00
3.160668169715309617e+00,3.397204892203898652e+00,4.765180756706349108e+00,3.708109531356596822e+00,3.200271343765038079e+00,5.191901808785718941e+00
1.774178368570248576e+00,3.340492038074845738e+00,4.430068572786570513e+00,4.735319837826285294e+00,3.162498479393015760e+00,3.782813041764288009e+00
0.000000000000000000e+00,0.000000000000000000e+00,0.000000000000000000e+00,0.000000000000000000e+00,0.000000000000000000e+00,0.000000000000000000e+00
1.413217742698169577e+00,2.387062633581714444e+00,6.229833949653703407e+00,4.406734740791883098e+00,4.904826934448970555e+00,5.862638325909626857e+00
6.426697416197535428e-01,8.388450290351689986e-02,5.869791381540723663e+00,3.560367457037379779e+00,2.979233228136069389e+00,4.610724066031239410e+00
0.000000000000000000e+00,0.000000000000000000e+00,0.000000000000000000e+00,0.000000000000000000e+00,0.000000000000000000e+00,0.000000000000000000e+00
0.000000000000000000e+00,0.000000000000000000e+00,0.000000000000000000e+00,0.000000000000000000e+00,0.000000000000000000e+00,0.000000000000000000e+00
0.000000000000000000e+00,0.000000000000000000e+00,0.000000000000000000e+00,0.000000000000000000e+00,0.000000000000000000e+00,0.000000000000000000e+00
6.937846651385861652e-01,2.824697863664888509e+00,6.852918501451337185e+00,7.543498707510075896e+00,1.665769282388993577e+00,5.524558340728058958e+00
7.178187573022039025e-01,3.711079784751195376e+00,4.946600876809840841e+00,3.249450494940863798e+00,4.273823636483124133e+00,2.371961180336107589e+00
0.000000000000000000e+00,0.000000000000000000e+00,0.000000000000000000e+00,0.000000000000000000e+00,0.000000000000000000e+00,0.000000000000000000e+00
3.588781757835250552e+00,3.016005542071413359e+00,5.244225604743084190e+00,5.094559515051566123e+00,4.162129753908006435e+00,3.683931392956058204e+00
4.052212116494833261e+00,2.662746856491016167e+00,4.464679314413033673e+00,2.301353430807732803e+00,4.957982522125952585e+00,2.427048719625597872e+00
2.340668894598213257e+00,2.280379053245441323e+00,5.099743535046312282e+00,4.532220630109575765e+00,4.847601441012054480e+00,3.202480453138558225e+00
4.256560186333362417e-01,3.359371000287826980e+00,4.813210786409645614e+00,2.922592108044201886e+00,3.640833348409152848e+00,6.717965535409641475e+00
1.945125063386803799e+00,3.160485599756526209e+00,4.164103702705258314e+00,5.642247391398369949e+00,5.063816480990312563e+00,4.334537029972273636e+00
1.955403722491519503e+00,1.473065589025878142e+00,3.879538656787540951e+00,5.956192997374779807e+00,4.141992230580982870e+00,4.896114986994287932e+00
0.000000000000000000e+00,0.000000000000000000e+00,0.000000000000000000e+00,0.000000000000000000e+00,0.000000000000000000e+00,0.000000000000000000e+00
4.331199607580011879e-01,2.596858860980596706e+00,5.146673017301427677e+00,5.652083079583359648e+00,4.085674545856540441e+00,3.416964515193985807e+00
2.681866450147620817e+00,3.439481922387171764e+00,3.001243745341815927e+00,3.218617693216384801e+00,3.332793546825641329e+00,4.171376344466576569e+00
4.187569606936717648e+00,1.826352284333254250e+00,5.852002390377561980e+00,2.299209069265208960e+00,2.361455774672350572e+00,5.328860756742694882e+00
2.519328887609306733e+00,4.502742223327402371e+00,6.096603632717232379e+00,5.157743409781428312e+00,3.034395669166734422e+00,2.701798716952135138e+00
2.599381419749376754e+00,3.930757983269771216e+00,7.059195095463946856e+00,1.925673571672080531e+00,3.746647495196230526e+00,3.892592029723809244e+00
5.325861198241858219e+00,5.347409634481456564e+00,4.655510576298239833e+00,2.093804004504437266e+00,2.273921705232645696e+00,4.703428525539873561e+00
4.455624401582777949e+00,5.659003870008184833e+00,3.129655776934299194e+00,1.627400965207734362e+00,3.745191783217278303e+00,4.164043017840766581e+00
0.000000000000000000e+00,0.000000000000000000e+00,0.000000000000000000e+00,0.000000000000000000e+00,0.000000000000000000e+00,0.000000000000000000e+00
4.108567630448920482e+00,4.391518259474962882e+00,5.146276610210732017e+00,3.412207304435051824e+00,1.940819388685722124e+00,3.743168125460667461e+00
1.228292451579188871e+00,3.681786472429680490e+00,1.109573977508357956e+00,3.094807026727652843e+00,5.709737036466650650e+00,3.790412628357855418e+00
2.044807518897715060e+00,2.187204592669845571e+00,3.086238041957208189e+00,3.025887753826079773e+00,3.630815419342594108e+00,4.970677647278943567e+00
2.132250134381343365e+00,3.932609990026033842e+00,3.480675765128604660e+00,4.147861257682769143e+00,2.899013447356059814e+00,5.235155959127194336e+00
3.007853321878889652e+00,4.073556064679713096e+00,3.363242356327377447e+00,5.503231105984594862e+00,3.963768851233292700e+00,2.702231120785515639e+00
3.852967838889163943e+00,3.263782303387300576e+00,4.929997254693762265e+00,2.504003481922112861e+00,4.823095291660304262e+00,4.259283764278820605e+00
1.557388600265439571e+00,5.915354601838419768e+00,5.187185845117333827e+00,5.012586229671762261e+00,1.744198210556276996e+00,6.241404482716437663e+00
2.161772678370059708e+00,5.521445073505075740e+00,3.596441320029775568e+00,1.904108698649126907e+00,1.639557950966966215e+00,6.936115788326684850e+00
2.315207591708290380e+00,5.639758577173745735e+00,2.489758461402630019e+00,3.291067618370076442e+00,3.190099939795911332e+00,6.099663392906757409e+00
3.967211649278740371e+00,4.095930891753388536e+00,5.272816094446356239e+00,2.421403278189651065e+00,3.499568437576849878e+00,4.646937439456945818e+00
3.657344554292809136e+00,4.605646917865795942e+00,5.526846929387320806e+00,4.440922162138484452e+00,4.834324729506500162e+00,2.928918476629683187e+00
8.009477196695429235e-01,3.346692330724661879e+00,6.506320593151885490e+00,5.258737232611708556e+00,2.583343015103149121e+00,2.370770025776265832e+00
1.264770288991420966e+00,2.239732505258910322e+00,6.876478174623845696e+00,1.762744973286088257e+00,2.248967400407941408e+00,3.340360196331476850e+00
4.266543059900803847e+00,2.633713972399823522e+00,5.945683358642391170e+00,3.271190370076745069e+00,1.863608767706959046e+00,2.464567438523377341e+00
4.021225530568113271e+00,3.285411268309056165e+00,6.999364756064242243e+00,3.497540528473614962e+00,3.766562039443179799e+00,2.979933540806049219e+00
2.530632171163238908e+00,5.570525592824869143e+00,6.344210563206485354e+00,4.174928683618599479e+00,5.180551622773066356e+00,2.792541552757386469e+00
2.942941328547017399e-01,3.109766008288353589e+00,8.720186950152992722e+00,5.705094287596228497e+00,2.857831375801875851e+00,4.452387174404962344e+00
1.621232310123626119e+00,4.659210816759953744e+00,6.059138941618342322e+00,5.721626707771093834e+00,2.929833284260829895e+00,4.637546585838729030e+00
2.132106346658370732e+00,4.635207648298740324e+00,5.794374973216814162e+00,2.307563467475145735e+00,4.193252034504901360e+00,3.195893500662182696e+00
1.875418413735266299e+00,6.839701834113290246e+00,5.288413123474327016e+00,1.778845723388720934e+00,1.814057909645039324e+00,4.545619537013144473e+00
0.000000000000000000e+00,0.000000000000000000e+00,0.000000000000000000e+00,0.000000000000000000e+00,0.000000000000000000e+00,0.000000000000000000e+00
6.149797139102604060e-01,6.467772223835231316e+00,4.549738495808063554e+00,1.942247475233036536e+00,2.668082100971150616e+00,4.929327372896851855e+00
2.655918602900856573e+00,6.179244551678374719e+00,1.176747142709313465e+00,3.447701089427737564e+00,3.308480201049345037e+00,6.545159181795606074e+00
1.683243824738203998e+00,4.580925947803187626e+00,1.759752570773684077e+00,2.175455267755386224e+00,1.750446759439155731e+00,3.893360914841772047e+00
1.373668952597184134e+00,3.535936622405967622e+00,5.530962350393591187e+00,4.580024668196463367e+00,2.392265072322336650e+00,4.498023292561857289e+00
1.003124868446824802e+00,3.141394806420562347e+00,5.554354931817769625e+00,3.737244064749934758e+00,4.584878114181570652e+00,2.841347709913696118e+00
0.000000000000000000e+00,0.000000000000000000e+00,0.000000000000000000e+00,0.000000000000000000e+00,0.000000000000000000e+00,0.000000000000000000e+00
0.000000000000000000e+00,0.000000000000000000e+00,0.000000000000000000e+00,0.000000000000000000e+00,0.000000000000000000e+00,0.000000000000000000e+00
1.804180437131093662e+00,2.810071466357816572e+00,3.516955393390635898e+00,4.827337205316611701e+00,3.325191522016583079e+00,1.972261716671196208e+00
2.768723689688387779e+00,1.279051863434496505e+00,3.638333851171315469e+00,4.123136371529184885e+00,4.168653098372421262e+00,2.807435761593138679e+00
4.054291687935767108e+00,4.033709178967588294e-01,5.525486743817123347e+00,4.976698632616126439e+00,2.017470984353390673e+00,2.331736385198681649e+00
1.803194286428826842e+00,2.412873945293942501e+00,7.565645672507753439e+00,3.950725299046375483e+00,3.266519273594898465e+00,6.504243221218616533e+00
3.871917618345962708e+00,1.808616438022267126e+00,5.745537809848136668e+00,1.612842484026359990e+00,5.283568889754786113e-01,4.862266392684179372e+00
2.600594628453331225e+00,5.061235247980532925e+00,5.616823997465950846e+00,2.688056612748219720e+00,4.076270407857265354e+00,5.433203079280918502e+00
1.282327448852154328e+00,5.304080378160252351e+00,3.997409332242142010e+00,9.559802328160791340e-01,4.477728308017272951e+00,2.762706584796778664e+00
8.692576138271745911e-01,4.321570662776194283e+00,3.202398131185294261e+00,3.817247063372675164e+00,3.646147416508968231e+00,4.629808692915944768e+00
1.017593013750113906e+00,2.853917928189597220e+00,3.015368821384185161e+00,4.240309648323008496e+00,1.589160104619470770e+00,4.629571665725626062e+00
0.000000000000000000e+00,0.000000000000000000e+00,0.000000000000000000e+00,0.000000000000000000e+00,0.000000000000000000e+00,0.000000000000000000e+00
1.127091274633214013e-01,4.253263558633192609e+00,2.029075907283981905e+00,4.174786639885343043e+00,2.617195637969822908e+00,4.403619673529767020e+00
6.875426400048922915e-01,5.133414515026913705e+00,3.559196680628447407e+00,2.878926240463306918e+00,2.650081130119950501e+00,6.320483284652314460e+00
3.290312273589845127e+00,5.662883549852281817e+00,4.381623479265121190e+00,3.854548427165992219e+00,2.562379082627790350e+00,3.117939668312749379e+00
1.820967289349354923e+00,5.221583771386370643e+00,3.250150725381315109e+00,2.791336811073545032e+00,2.564914444353179501e+00,2.688845634054674694e+00
0.000000000000000000e+00,0.000000000000000000e+00,0.000000000000000000e+00,0.000000000000000000e+00,0.000000000000000000e+00,0.000000000000000000e+00
1.839263904091473556e+00,4.239266090377778795e+00,6.199281395955586582e+00,5.485626317936798557e+00,3.074360895582283426e+00,2.973036001121100114e+00
2.507182528905154140e+00,2.813524093350532329e+00,6.059387342431801216e+00,4.043251609443209382e+00,2.563282211333311356e+00,4.964508254203115811e+00
2.474446923540630561e+00,1.461372203128086467e+00,5.975384427545744614e+00,4.457458268027771453e+00,3.318305460585239341e+00,5.154928502701363158e+00
2.934085156247796533e+00,1.720381362972841721e+00,6.530965895641469565e+00,4.907775542089784615e+00,2.904879568697033232e+00,4.590886896524468241e+00
1.794142326804810228e+00,8.881024353899031887e-01,8.214245049693532863e+00,5.077997061961449177e+00,2.341854079945129286e+00,3.044065379378118053e+00
2.472449442805124686e+00,3.146241862693264668e+00,1.045940356760486623e+01,3.509363374882259023e+00,3.684593279116302078e+00,3.429968940555769397e+00
4.645383428988472119e+00,3.390847651887506142e+00,8.509516130625105035e+00,4.413914203389715851e+00,4.129641082944799813e+00,3.318481833030995531e+00
3.525817048156728362e+00,1.404527849205712942e+00,3.496140161981741823e+00,3.562395246978870222e+00,3.443106794237301038e+00,4.227771784595396376e+00
4.151231115278942951e+00,9.920038362314227420e-01,6.595761274186586753e+00,4.069928659283622352e+00,4.018042344962362122e+00,3.669136238744879819e+00
1.736360681702335373e+00,4.163832351472936288e+00,7.365134130351426833e+00,3.106238663567336911e+00,1.876087318479437327e+00,3.665094676123882955e+00
2.045497994413313592e+00,3.039019332415652475e+00,5.558454067472840876e+00,3.351549572871351135e+00,5.321194940130988371e+00,9.404157528418140011e-01
3.030097347338858160e+00,3.531401870945843680e+00,4.084104829395859504e+00,3.713224226125944938e+00,3.397719761957103124e+00,1.687541311764536811e+00
2.239157171489486675e+00,3.628251762370517497e+00,5.247235371805258453e+00,1.737185283415024095e+00,3.311572703973185927e+00,4.537605708696036189e+00
4.095463741080251907e+00,4.784511188785284475e+00,5.308828982538511099e+00,3.636519122847801544e+00,4.541574231311639842e+00,7.059344400668795316e+00
1.169079655367661008e+00,4.211137845362770804e+00,5.453036973850009517e+00,4.301847129583467932e+00,1.718000283461907918e+00,2.781667335882429093e+00
5.597149532263765437e-01,3.343989714585595685e+00,3.073849913651672150e+00,3.239102342120880884e+00,6.027205990950283976e-01,5.288917832387090456e+00
1.370347490957845471e+00,3.071453663275768964e+00,6.025693856940605109e+00,5.015705971561201792e+00,3.570971477938579497e+00,5.962333145359219877e+00
1.752408021482918965e+00,3.916455827700005443e+00,6.962366914203776069e+00,4.634440140591091328e+00,8.789948293035889648e-01,3.778436992296222208e+00
0.000000000000000000e+00,0.000000000000000000e+00,0.000000000000000000e+00,0.000000000000000000e+00,0.000000000000000000e+00,0.000000000000000000e+00
1.432380712916850207e+00,4.875703190841445434e+00,5.928843872471956544e+00,1.751242239867269568e+00,2.377502847413143883e+00,1.616489103802863703e+00
1.827050981789424267e+00,4.566027731036010451e+00,7.264175341415546328e+00,1.691838625602507307e+00,3.073791485488104325e+00,3.990714336901167947e+00
2.246371406198271803e+00,4.316745778824184754e+00,2.874195152321422420e+00,2.398433709719633100e+00,4.779682728965901184e+00,3.592585663075074542e+00
2.946235375466288442e+00,2.805338122900078890e+00,4.871471937232543681e+00,3.344327040135802509e+00,4.034410973587752025e+00,2.842245104994382210e+00
3.498197444171863069e+00,1.294923578040308554e+00,5.777248287113495806e+00,3.187100717633402081e+00,3.194579261226822009e+00,4.103529659322585843e+00
4.086868265554749691e+00,1.827971296089275555e+00,6.007723974442752635e+00,4.025744096689144236e+00,4.041342103516710083e+00,4.580170430314157493e+00
2.233578665224213111e+00,2.341618280563340093e+00,8.330571558239334706e+00,2.718890408710995743e+00,7.143925058300841791e-01,3.682129763703409608e+00
4.035193769187696233e+00,3.635318180270648458e+00,4.004067332321397998e+00,3.759174230778002723e+00,2.806469809949148075e+00,1.880845945630562177e+00
3.493814557658773357e+00,2.253089793768420446e+00,4.338597216204703066e+00,4.667820693150982692e+00,3.791082406773616853e+00,1.767808663773120514e+00
