VR1,VR2,VR3,VR4,VR5,VR6
3.306393076694443600e+00,3.615327436734851574e+00,6.057276910887202881e+00,3.360619181890526441e+00,2.454161791757656363e+00,5.071963019631687608e+00
3.091295312615174762e+00,4.874743315152034739e+00,3.115928542363033849e+00,4.214717595681559459e+00,2.720777945797116182e+00,6.252867351502353621e+00
5.175416576038454508e+00,2.986774098289340706e+00,3.304798121175301695e+00,3.756287169065317233e+00,3.092178734089233050e+00,2.912925718138775988e+00
6.484482174448322311e+00,1.155574180461647504e+00,3.012988240463774225e+00,2.117023225699895317e+00,2.304628348283608297e-01,3.210905275528162850e+00
4.079944966711107845e+00,3.296217166463552672e+00,5.657545186399733694e+00,1.346778412616727927e+00,3.822877429388737980e+00,5.071440214938750302e+00
4.951732841365780402e+00,1.809694627489442542e+00,6.259403874348440588e+00,3.283090292200058435e+00,2.874772908594239063e+00,3.045449445689649259e+00
3.972176647315738940e+00,3.883638729240586507e+00,4.631258058168908676e+00,4.037119417564985824e+00,1.880165679230931142e+00,3.904910543539165779e+00
2.820946184120372457e+00,3.818564580948563325e+00,6.461181184279865874e+00,3.642587677969242321e+00,4.325621173607943959e+00,6.556075421678245974e+00
2.517067499402016129e+00,4.437017091580503170e+00,5.990494218174902130e+00,2.422883909741181618e+00,2.283294535992509644e+00,4.563528293277702375e+00
5.758249658305088836e+00,4.391280372183197223e+00,5.839218063792563029e+00,5.066294778115467246e+00,3.789979610002800925e+00,2.608101280447487902e+00
3.315746953962984911e+00,4.739443289710825624e+00,6.332279103314177426e+00,1.680509645512338945e+00,3.185746275063244148e+00,7.444775987954683316e+00
3.605558764826771068e+00,3.408693473175493871e+00,8.984929754932826640e-01,1.603391030458968913e+00,1.961640504441433341e+00,5.129476789384771251e+00
1.341116228423216317e+00,2.962992167599670879e+00,2.926597053959352657e+00,7.284118790988515002e+00,3.487897479163342584e+00,3.686173410910981829e+00
7.653440820925496713e-01,4.611204073205605880e+00,3.063918860834523361e+00,4.688466441901623760e+00,1.894816235373897761e+00,5.511125689269825045e+00
1.944645443876443336e+00,1.533662212989895579e+00,1.514679870604078715e+00,3.156231127288649407e+00,2.608647891206719915e+00,7.949834466428373325e+00
0.000000000000000000e+00,0.000000000000000000e+00,0.000000000000000000e+00,0.000000000000000000e+00,0.000000000000000000e+00,0.000000000000000000e+00
1.947121756980426888e+00,3.912724323564231721e+00,2.473190206357460230e+00,4.753095197140916106e+00,3.119934268198187866e+00,4.793458051510862461e+00
1.762051339412573192e+00,1.650331220096375562e+00,2.526886535648590559e+00,4.133725634415867489e+00,3.137448129075822045e+00,4.464700727196667884e+00
3.120593314562261078e+00,2.086168456722770959e+00,7.056412985213325051e+00,2.936365907546735876e+00,2.056195434279199930e+00,6.852847462724735550e+00
2.834220532331050535e+00,3.372735133532480667e+00,3.737132972860713664e+00,4.542278676399281068e+00,3.301323751449924071e+00,2.869289561178056669e+00
3.623499862844597352e+00,3.757744559445181043e+00,6.424359726491490008e+00,4.450965297432730949e+00,4.000802050708479385e+00,3.727250239921674257e+00
1.756943150566315337e+00,1.093241342329260846e-01,3.430345935048277450e+00,2.091089833176253521e+00,2.655784315779258886e+00,5.183582526963757431e+00
2.414327366993465063e+00,5.298586406884564504e-01,4.713441001646453188e+00,5.454333103456834309e+00,5.175477927975654424e+00,5.002050082661450681e+00
0.000000000000000000e+00,0.000000000000000000e+00,0.000000000000000000e+00,0.000000000000000000e+00,0.000000000000000000e+00,0.000000000000000000e+00
9.164743176971448246e-01,3.073488202147553583e+00,3.259809947558893306e+00,4.555733964544038450e+00,2.357041034586441874e+00,3.671435125414538980e+00
1.004765474673162684e+00,7.576974085451793073e-01,3.825091403253013222e+00,3.842921175759929753e+00,3.311625000518241713e+00,2.699357598181760132e+00
0.000000000000000000e+00,0.000000000000000000e+00,0.000000000000000000e+00,0.000000000000000000e+00,0.000000000000000000e+00,0.000000000000000000e+00
3.425363989170895795e+00,5.453066639409184901e+00,6.951397955928991124e+00,5.990643940185316652e+00,3.472181598900102806e+00,4.048819517493634557e+00
2.025377763562841160e+00,1.973667753318678386e+00,3.243692481687486584e+00,2.183862735890279794e+00,3.495989714562672823e+00,7.476356939287142289e+00
3.513005271606484126e+00,1.112230842902284911e+00,2.703866817276388446e+00,3.440400874944018028e+00,2.846408436425177158e+00,6.587417858088401523e+00
5.363553202114870189e-01,2.341469270005872350e+00,1.468136448304794506e+00,1.952274846206002223e+00,1.767613907476009327e+00,3.469180190445456446e+00
2.733417928229353588e+00,4.825043247815923309e+00,5.038977847811420219e+00,4.752283016972658203e+00,3.506107441315792883e+00,5.099315064362963668e+00
3.510525265317324450e+00,3.839073219886892652e-01,1.166461938008794164e+00,4.174125085867740559e+00,1.711566018605969353e+00,3.142657741282699035e+00
3.237961715324086498e+00,2.785329000866441973e+00,3.267015028829803214e+00,6.096346409842309022e+00,4.050734210851150152e+00,5.062303402787642348e+00
4.121319757880971046e+00,6.883639195437110558e+00,3.438276907636861779e+00,3.188177019917488586e+00,2.537112227169799006e+00,6.313069178817208638e+00
2.456755465794146609e+00,3.319867584995640719e+00,4.706501363502485269e+00,4.948210981979706879e+00,4.519598042982496899e+00,4.856993645926091396e+00
1.616672126057143721e+00,3.050731142763348114e+00,4.853759926279227699e+00,3.195832704365964894e+00,2.646891676345348721e+00,2.463251018430784978e+00
2.739827582680772089e+00,4.148725834326789652e+00,4.420684337975226086e+00,3.751575887859456948e+00,3.437083856711884877e+00,3.536396506663403994e+00
1.756636375295977270e+00,1.302449548570714155e+00,3.510027301221970042e+00,3.889336393065054409e+00,3.402147903872674295e+00,3.638465933357722282e+00
3.591904117658451412e+00,3.179855085506950285e+00,4.976074954191654243e+00,1.970445116584380152e+00,5.738805889401401572e-01,4.256570045789508150e+00
2.579174403252214809e+00,3.069858875609440929e+00,4.751153028190730154e+00,2.657522126290480902e+00,3.330171942736923185e+00,2.757363060157301149e+00
4.530491029175657047e+00,3.549548885265634723e+00,2.839189802644456861e+00,5.566664891406050586e+00,3.013971747496075881e+00,4.359568247397201723e+00
3.444660435053001013e+00,1.364785595933870166e+00,4.110636226214504418e+00,2.524360264470483450e+00,2.604045194664983853e+00,4.740170079488954080e+00
3.068927359923582010e+00,7.778488090386863618e-01,5.935163290870182351e+00,5.249037516142866622e+00,3.373452421983492933e+00,3.560841952870720029e+00
4.840794819562183271e+00,5.490868233742765447e+00,6.887532401518205560e+00,2.332839289596969401e+00,1.656328853450755201e+00,3.746995549993936248e+00
3.418314525245109259e+00,5.500533443692166458e+00,4.827214673113920718e+00,4.170037364229331800e+00,5.211040186644895655e+00,3.892208115443839933e+00
1.717747808546086885e+00,5.211953606365522518e+00,5.991480725614342084e+00,6.041898059443410851e+00,3.682506995481549694e+00,3.472279937230438041e+00
7.318447496032187694e-01,1.436913996248778247e+00,6.383851206630067665e+00,5.643909764300523157e+00,5.162088218469732759e+00,4.553528255559809779e+00
0.000000000000000000e+00,0.000000000000000000e+00,0.000000000000000000e+00,0.000000000000000000e+00,0.000000000000000000e+00,0.000000000000000000e+00
2.521619606187712748e+00,1.910441407305993211e+00,4.038157862958339450e+00,2.866187725656597518e+00,1.605104694351978445e+00,5.269664680614273067e+00
2.320585841085369250e+00,4.000802607980507020e+00,4.526308072865404597e+00,3.082594888516246634e+00,1.096505570420262199e+00,3.583176478500898821e+00
1.225666580769540825e+00,4.958854204285587208e+00,7.593172993119452485e+00,3.642571274009769766e+00,3.382958325118323728e+00,4.853069933463434182e+00
1.231084764433855394e+00,3.076532778197064388e+00,3.277207762232619004e+00,4.285651900241706613e+00,1.329309965793770587e+00,2.744685726690908822e+00
1.424992747115348291e+00,4.085834065183481911e+00,4.893981157870856080e+00,3.582539167322703832e+00,3.076233466005570349e+00,6.225466042743879491e+00
4.454785438175433043e+00,4.122842694289344578e+00,3.940403371107465524e+00,2.117235963200186699e+00,1.733130096260541597e+00,6.566377262916347490e+00
4.438581920274358161e+00,3.684175581067160810e+00,2.243729527429471293e+00,2.414395413608538377e+00,8.392811619537847712e-01,5.423641335121356377e+00
2.066430541031165191e+00,5.028977267801941764e+00,3.757973827794310218e+00,2.566907795796043334e+00,3.335996836844577373e+00,4.046189583206404095e+00
3.773368020678956380e+00,3.794668501526664794e+00,3.632437804036033224e+00,2.161384513188687517e+00,4.072727607322333299e+00,4.827882098345877893e+00
5.367722388722663496e+00,2.555764926682752236e+00,2.679882105896541411e+00,1.657314950434736645e+00,1.364695400963618521e+00,5.633186979219917845e+00
2.168003117371254618e+00,2.752605151779838888e+00,4.805758328304555960e+00,4.268886760177286632e+00,3.473316883731994320e+00,5.766565903798313464e+00
1.739601984567425763e+00,2.545002493420020606e+00,5.823666189669225446e+00,1.441320244992684074e+00,5.665642285413787782e-01,3.261050301584166533e+00
4.470754096169052616e+00,3.368762365692752336e+00,3.512995960190473888e+00,2.736134392761832679e+00,1.251493264626259982e+00,2.559985250833290316e+00
2.926582795267302028e+00,3.714808190060145510e+00,3.453213412103592006e+00,3.846037253439171355e+00,3.098996740281012130e+00,8.389366093451425144e+00
3.482504158186539023e+00,4.684448081848439749e+00,5.282423730402445727e+00,6.443379684787234218e+00,4.946913564999849910e+00,4.400962860044639768e+00
1.692102680863403430e+00,2.460570834857892297e+00,5.640244247608325878e+00,6.795488426730086573e+00,4.370601940843899413e+00,2.964801059238128644e+00
2.997077825250964445e-01,4.602518093972736146e+00,6.454298404020800461e+00,5.945270015301984401e+00,5.858375882222140341e+00,5.016920396427612339e+00
1.739800213288360764e+00,2.002893267952966738e+00,6.305225072198264336e+00,4.462193187169424036e+00,3.400659933252890177e+00,3.522224919894837658e+00
1.361307858676734650e+00,9.914633658121552173e-01,3.658519381507949753e+00,3.753346039214527696e+00,7.079014551854916348e-01,1.525207160418646790e+00
2.318042983709324822e+00,2.644029213570427750e+00,3.694777344642277139e+00,5.727641092191842809e+00,5.000369672695288870e+00,3.609945347518541237e+00
7.637465180608749016e-01,1.534165068361367901e+00,5.141381773644908115e+00,3.716832378288083660e+00,4.412580076598267453e+00,6.778664034794727122e+00
1.967891609670356035e+00,2.284572776459665722e+00,4.300783972389623955e+00,4.072335168242129377e+00,3.997343703182324237e+00,2.526299054849995507e+00
2.033153062765829411e+00,2.404616580459719266e+00,3.938663993448136669e+00,4.579866138624634431e+00,4.524510788043048848e+00,7.364974990383125864e+00
0.000000000000000000e+00,0.000000000000000000e+00,0.000000000000000000e+00,0.000000000000000000e+00,0.000000000000000000e+00,0.000000000000000000e+00
3.581817356831091814e+00,5.559265450719643731e-01,3.761610071036815217e+00,4.792704494384935288e+00,1.169694818635204747e+00,5.747861024749339798e+00
3.633665616543648724e+00,5.859768583151368837e+00,6.527191289504727045e+00,5.648656758720504989e+00,4.060979532317873009e+00,5.814935908910331186e+00
5.625223897155766650e-01,4.582420907277670707e+00,4.352608560767042611e+00,2.799292693705005330e+00,5.887666252975192194e-01,3.578528690886960462e+00
1.304836776259281850e+00,3.070272167052489287e+00,3.274476807496040642e+00,4.448801766413545522e+00,3.309668909334682940e+00,4.803936499994748921e+00
3.271993536998902830e+00,1.215630905898557268e+00,3.120956423817700554e+00,3.895948136602064071e+00,2.269138259573062477e+00,4.627043822139836671e+00
5.239741090850964511e+00,1.665196788720676890e+00,3.624867499345795885e+00,3.050068051493025401e+00,2.631229373871019739e+00,6.755771281555616348e+00
2.614316712130251297e+00,3.701179383964339209e+00,3.686342774194866667e+00,3.607342893053301136e+00,3.602416568367449834e+00,2.772875743076406607e+00
3.058028946813663662e+00,4.947195838252964606e+00,3.853599269200365995e+00,3.556065165978425924e+00,1.526846910131837154e+00,5.844031921859626166e+00
3.918998755395421085e+00,5.147144855389143459e+00,6.464134722949038903e+00,5.285815338434932897e+00,6.614197663792979576e+00,2.566059267241847408e+00
3.749024574241262897e+00,3.002900185930406529e+00,5.394461528486266921e+00,2.305445347448042526e+00,1.708099684903110260e+00,4.165982591687279246e+00
5.370541500386245559e+00,8.076868008295422285e+00,5.137697933613357471e+00,1.650874939753248061e+00,3.294717161295868113e+00,3.570403115627547308e+00
4.761213519493485258e+00,5.307277714265227431e+00,5.070507327486303950e+00,4.948634963764052763e+00,4.233102255282524595e+00,3.764586933565536420e+00
1.324755244277783905e+00,3.055001337979076581e+00,5.970520949265434751e+00,4.264849454483329083e+00,5.569327462599998668e+00,3.868562439485457194e+00
1.403963275103273567e+00,3.792709894514011637e+00,7.494539466588932441e+00,4.723357181768920832e+00,4.162328429410292685e+00,3.242504406029194097e+00
2.306665251447109544e+00,3.624775255850983591e+00,5.130118022381836340e+00,5.562104704967785196e+00,3.934344772279203983e+00,2.030369635304789533e+00
7.107791357241508567e-01,3.985570030132903341e+00,7.066578643579734198e+00,7.344821484724423755e+00,7.051819140953183407e+00,4.104807815776489122e+00
0.000000000000000000e+00,0.000000000000000000e+00,0.000000000000000000e+00,0.000000000000000000e+00,0.000000000000000000e+00,0.000000000000000000e+00
1.187512989865957769e+00,1.177711562175855597e+00,6.537597094663370356e+00,6.255505377878657569e+00,4.927582884133550500e+00,4.376391084334350090e+00
0.000000000000000000e+00,0.000000000000000000e+00,0.000000000000000000e+00,0.000000000000000000e+00,0.000000000000000000e+00,0.000000000000000000e+00
1.969176075526483327e+00,8.456046987484548971e-01,4.722693662035631235e+00,3.771803379227838260e+00,3.140180156242650789e+00,5.727951762358227228e+00
4.140475247963890659e+00,3.616126095251755324e+00,5.369124458928006050e+00,5.845599580093897352e+00,3.208231170214598471e+00,3.530632460897539904e+00
4.898373517319482673e+00,5.692979020664621359e+00,7.242723775899865046e+00,5.368438565229598503e+00,4.890745201404209652e+00,3.871699068736586646e+00
0.000000000000000000e+00,0.000000000000000000e+00,0.000000000000000000e+00,0.000000000000000000e+00,0.000000000000000000e+00,0.000000000000000000e+00
3.649972148404973638e+00,4.970229621216941673e+00,6.020984269888817408e+00,3.944514055469146463e+00,2.030517511468334924e+00,4.489312041273267440e+00
3.384576838044114133e+00,3.009241364651388473e+00,2.484589777717825410e+00,5.268368177143981868e+00,2.001025103835411656e+00,5.904755470693792141e+00
3.170817176201160770e+00,2.780399943784519934e+00,6.894817197325524560e-01,5.191463429812234409e+00,1.205457671408600717e+00,6.212283617999286633e+00
2.691497667636124635e+00,4.619958641176181935e+00,2.461634498568421758e+00,1.845336798319884952e+00,1.834030379207543859e+00,5.334967764806297197e+00
4.450153867892810311e+00,2.186128768960150737e+00,2.661569229074884024e+00,6.271047851803933426e+00,2.956283647314788876e+00,5.366194746815345695e+00
3.007521522060307539e+00,8.805673637858335567e-01,3.647137983282587648e+00,3.685661554350977642e+00,2.548667242324657245e+00,4.877235166447997372e+00
2.293073787920727469e+00,1.376957893604514371e+00,5.323412628851261985e+00,3.844643071072058493e+00,3.663105681161220151e+00,4.618375824360452242e+00
2.193583670527080809e+00,3.158169623670979753e+00,6.446322704705346851e+00,5.504269918186901478e+00,3.960206933107104810e+00,4.470097609023451213e+00
1.759650119081467734e+00,4.605206133927510770e+00,3.176436921401068147e+00,4.567354295921021823e+00,1.758120580037654923e+00,4.535743500746270307e+00
2.311497572978605142e+00,4.575843522369374305e+00,4.678863035420880223e+00,5.600943594069429210e+00,4.339979208612138706e+00,5.114801149609721875e+00
1.213581022831415890e+00,1.528533106389405649e+00,5.268174306524235462e+00,3.583267087502517434e+00,4.162285701977689989e+00,3.698124431087071340e+00
0.000000000000000000e+00,0.000000000000000000e+00,0.000000000000000000e+00,0.000000000000000000e+00,0.000000000000000000e+00,0.000000000000000000e+00
2.607246909525536616e+00,2.556354308615384152e+00,5.143932865985506808e+00,4.054821577630805862e+00,5.147709944948906546e+00,1.645675493372302789e+00
1.132922593273712808e+00,2.747067392399352936e+00,7.247320216136088789e+00,3.341877292598046001e+00,3.344935699036464705e+00,2.740543890267160165e+00
2.310064143061221653e+00,3.812386500219350438e+00,7.425914765965815789e+00,2.991327073454939534e+00,2.578300107529831742e+00,3.283607106054045488e+00
1.885449286264971658e+00,4.469565358305558789e+00,5.584350331728041184e+00,5.153597465665157529e+00,3.506227617246702177e+00,5.082445947659619101e+00
1.881485561494957492e+00,5.104628323895985531e+00,3.429332078496230451e+00,3.889226724869832008e+00,3.305981613299491695e+00,2.485728817338437313e+00
1.442121278619709290e+00,4.148568044701326230e+00,5.579987634872990654e+00,2.545839678519643101e+00,1.424963580707222732e+00,4.468818192507302278e+00
5.256793775813212832e+00,3.914768712155692221e+00,7.021269387041913390e+00,4.142808956583058588e+00,5.241290242527565368e+00,6.726116738504880566e+00
5.623973575310072803e-01,2.198090946534086321e+00,4.123741446981891379e+00,1.261557918642248310e+00,3.734081385277122855e+00,4.719055021480117240e+00
3.570454103143608116e+00,2.013680691818544588e+00,3.648409879895190944e+00,4.884282587419793487e+00,2.658743836285165418e+00,3.987994720362654011e+00
3.115487995446566849e+00,2.875434365753124499e+00,4.662775812631369199e+00,4.217116183974321864e+00,3.393501524429905380e+00,5.922484693931793664e+00
2.665255778608188741e-01,2.800676071122145672e+00,4.982018488420489888e+00,3.804422523089130870e+00,1.836734606370779010e+00,3.669320672979983655e+00
2.145992356706681647e+00,3.516996912099137784e+00,6.494818625836341397e+00,5.641712980354352425e+00,4.568096501179024216e+00,4.872771386838937957e+00
3.845758528127325881e+00,2.768256478502067353e+00,7.324039083063736300e+00,4.509972923546166079e+00,5.249732335009224649e+00,3.364021946509168082e+00
2.863093428034615862e+00,9.259294515811391513e-01,4.983802956194463896e+00,2.857794013844489278e+00,3.571136804210241156e+00,3.692063676511679660e+00
2.389686908741535554e+00,3.454413682321592294e+00,5.281358072836034978e+00,4.343806342402475984e+00,2.697006248157237440e+00,5.241807318207733601e+00
2.739090378586746866e+00,3.563960177855203248e+00,4.685431773318814663e+00,3.103475439206940134e+00,1.858938318902869646e+00,4.746363096612687293e+00
3.755181089068648781e+00,3.899067285412840533e+00,4.261196944060302805e+00,3.832649606871814996e+00,3.037824138635286442e+00,4.731933695245591487e+00
2.401646148971177563e+00,1.986171027814142453e+00,9.190289921068695023e-01,3.982535861302321845e+00,2.092950319909512746e+00,4.365273194955729963e+00
2.968953134681277639e+00,8.910982761273014141e-01,1.186220547744377463e+00,3.985761022204926896e+00,3.230417225651613489e+00,5.280074122478243481e+00
1.921040780054942054e+00,3.430781277112667116e+00,3.952915264278033636e+00,4.723652253152549996e+00,3.603299438649153696e+00,5.859830791120177906e+00
5.579635263972928527e-01,4.621751291614899060e+00,4.700811549547958990e+00,5.051407645751918807e+00,3.295120728250680919e+00,5.215474683272661949e+00
0.000000000000000000e+00,0.000000000000000000e+00,0.000000000000000000e+00,0.000000000000000000e+00,0.000000000000000000e+00,0.000000000000000000e+00
1.237246519358281560e-02,9.694897351684281794e-01,4.128539518102512851e+00,2.673470117615407204e+00,2.381323370184514676e+00,4.335949693790599468e+00
0.000000000000000000e+00,0.000000000000000000e+00,0.000000000000000000e+00,0.000000000000000000e+00,0.000000000000000000e+00,0.000000000000000000e+00
3.508163581546280163e+00,2.774431335245181707e+00,5.638511516174080640e-01,4.131979565954940981e+00,1.062490371390560018e+00,6.895919384864183321e+00
2.755780397133605675e+00,2.651760205540078630e+00,2.383700432107223932e+00,5.855948911845978877e+00,6.244519538900978439e+00,5.025741158490943938e+00
3.747194204084465241e+00,2.030615645176315986e+00,6.110975414949945339e+00,3.731613957003590443e+00,1.798721391233482292e+00,5.263907311531843547e+00
1.258988155114250329e+00,4.495599997485331123e+00,4.681244391344614009e+00,3.000079346481169473e+00,4.723949931469902275e+00,3.326846329322689755e+00
2.854437346682857424e+00,2.691195969047469383e+00,7.483997343142940295e+00,4.918809046298704857e+00,4.628637571628863689e+00,2.765546455182902541e+00
3.154689525693110674e-01,3.698317844297740464e-01,6.307776448968555272e+00,4.862465142407145891e+00,4.507370679959505466e+00,3.417593362545776614e+00
0.000000000000000000e+00,0.000000000000000000e+00,0.000000000000000000e+00,0.000000000000000000e+00,0.000000000000000000e+00,0.000000000000000000e+00
1.733811196276557887e-01,1.293046919642632631e+00,3.780689163860700308e+00,2.817107455023661444e+00,2.061685015057125980e+00,5.026197530001969227e+00
3.543057972351286722e-01,1.732041787291436874e+00,5.478860955193876947e+00,6.034007436078734798e+00,3.717655479041391597e+00,5.128283674806556114e+00
1.104956686253671272e+00,2.674589113982864141e+00,5.021573969663626791e+00,4.192217339650404995e+00,2.250047750395341328e+00,5.453677990124788266e+00
1.223772845978763346e+00,2.188621681496651039e+00,4.475202814695157016e+00,4.609740555304849607e+00,1.966615518052216904e+00,6.700950489565940416e+00
2.562973987146294874e+00,1.678146744639862131e+00,4.175069076639092103e+00,2.991536137001742812e+00,1.453299710618681129e+00,3.055698985707274495e+00
1.143460285224539463e+00,6.560607461937355112e+00,6.533620759715562443e+00,6.809360846832410274e+00,3.539101467514834010e+00,5.206063540738351314e+00
5.078860331611481094e-01,5.150767319314955017e+00,6.284047908271778837e+00,6.907703030730388605e+00,4.521836310706723872e+00,3.653424896599150262e+00
2.103702841185579153e+00,2.777893149706358589e+00,4.322527042582652967e+00,5.777995269656572397e+00,4.726259693198433531e+00,3.374668909018123220e+00
1.850721003083034111e+00,1.911550379225271490e+00,5.664819418417596175e+00,3.837355834587079517e+00,2.005720885057981739e+00,3.488695732771311953e+00
9.420907959802726772e-01,6.273457931408429999e+00,6.420986596766869781e+00,5.627889004406138262e+00,4.786558612622778597e+00,2.546321539292304870e+00
1.921505534612128363e+00,8.947795881922422367e-01,5.798844875466950377e+00,3.526818015976308729e+00,2.586899021495455031e+00,3.291591733039568535e+00
