VR,SS,ANX,INT
3.226893018165113425e-01,1.000000000000000000e+00,1.000000000000000000e+00,1.000000000000000000e+00
5.000000000000000000e+00,1.758132520632686324e+00,1.162017086729746351e+00,4.111991126705012434e+00
3.429732327235466727e+00,1.515948640288113936e+00,1.828139027861690469e+00,2.957729647879643320e+00
2.906561489960592937e-01,1.372962883364433617e+00,1.532637080908046068e+00,3.658355569279319930e+00
3.521520415073010390e+00,1.802605164849901964e+00,2.852073162721127542e+00,4.343170809009788691e+00
4.793692745301972202e+00,1.000000000000000000e+00,1.000000000000000000e+00,1.000000000000000000e+00
2.296618425471440350e+00,1.378608160355275558e+00,1.147901023135241338e+00,3.767446560925511001e+00
3.470459216828539528e+00,1.000000000000000000e+00,1.000000000000000000e+00,1.000000000000000000e+00
2.383378642739941267e+00,1.000000000000000000e+00,1.000000000000000000e+00,1.000000000000000000e+00
4.507847137183773611e+00,1.000000000000000000e+00,1.000000000000000000e+00,1.000000000000000000e+00
4.784962634887965471e+00,1.000000000000000000e+00,1.000000000000000000e+00,1.000000000000000000e+00
4.107499926528899614e+00,1.202008437508226946e+00,2.957767396106898872e+00,3.409282237724117426e+00
4.937357897020009823e+00,1.216607047446639944e+00,2.678192711553514904e+00,4.424481878455117645e+00
1.774161212424080869e+00,1.291411039921951387e+00,1.080946186174764456e+00,3.631364700759659669e+00
1.554338183987443500e+00,1.000000000000000000e+00,1.000000000000000000e+00,1.000000000000000000e+00
1.588284444844994203e+00,1.000000000000000000e+00,1.000000000000000000e+00,1.000000000000000000e+00
0.000000000000000000e+00,1.137836667150978753e+00,1.622136791986569238e+00,4.181087808715770571e+00
3.927298748721562927e+00,1.000000000000000000e+00,1.000000000000000000e+00,1.000000000000000000e+00
3.730369651504877648e+00,1.045606094746158288e+00,2.755394918553001116e+00,2.606048009659142295e+00
8.935833873934009297e-01,1.000000000000000000e+00,1.000000000000000000e+00,1.000000000000000000e+00
2.763203156068835487e+00,1.000000000000000000e+00,1.000000000000000000e+00,1.000000000000000000e+00
3.386108492374154455e+00,1.460911159416475646e+00,1.390465351059738897e+00,2.765022684152316224e+00
2.555077326698156348e+00,1.503317944254503491e+00,1.967172995437032501e+00,2.805270467245941646e+00
1.931101252106362631e+00,1.000000000000000000e+00,1.000000000000000000e+00,1.000000000000000000e+00
1.883158492538972384e+00,1.233794300652878873e+00,2.064948370151799217e+00,3.825078051002114510e+00
4.666774058837796169e+00,1.000000000000000000e+00,1.000000000000000000e+00,1.000000000000000000e+00
4.885630120846940372e+00,1.000000000000000000e+00,1.000000000000000000e+00,1.000000000000000000e+00
1.478640796989893147e+00,1.000000000000000000e+00,1.000000000000000000e+00,1.000000000000000000e+00
2.485059072523456702e+00,1.000000000000000000e+00,1.000000000000000000e+00,1.000000000000000000e+00
1.741570071427599231e+00,1.000000000000000000e+00,1.000000000000000000e+00,1.000000000000000000e+00
1.344413305694341032e+00,1.000000000000000000e+00,1.000000000000000000e+00,1.000000000000000000e+00
3.090961153556525343e+00,1.000000000000000000e+00,1.000000000000000000e+00,1.000000000000000000e+00
2.222365558079668624e+00,1.000000000000000000e+00,1.000000000000000000e+00,1.000000000000000000e+00
2.422721853065195941e+00,1.000000000000000000e+00,1.000000000000000000e+00,1.000000000000000000e+00
4.954600087971927636e+00,1.000000000000000000e+00,1.000000000000000000e+00,1.000000000000000000e+00
4.251791677913370648e+00,1.000000000000000000e+00,1.000000000000000000e+00,1.000000000000000000e+00
3.711476394379115806e+00,1.000000000000000000e+00,1.000000000000000000e+00,1.000000000000000000e+00
8.572386156160325399e-01,1.000000000000000000e+00,1.000000000000000000e+00,1.000000000000000000e+00
3.460001174743393637e+00,1.615890740193132835e+00,1.869738583794800180e+00,2.600753817205841756e+00
2.719186988577114938e+00,1.251970514324731720e+00,2.319545246740930544e+00,3.365198720253332887e+00
3.314757554063008982e+00,1.275320544400107448e+00,2.953167780489766692e+00,2.104678978131838463e+00
3.030328026285493692e+00,1.662846218803635256e+00,1.273617680911687922e+00,2.422145165852027215e+00
1.033416006266431708e+00,1.232685800244714747e+00,1.488183926535637802e+00,3.029339212307945672e+00
2.689896795063770440e+00,1.000000000000000000e+00,1.000000000000000000e+00,1.000000000000000000e+00
2.436423863212437979e+00,1.594351662436058081e+00,2.078140779278900396e+00,4.368663215343440598e+00
4.179912781651075271e+00,1.000000000000000000e+00,1.000000000000000000e+00,1.000000000000000000e+00
3.365399464058262957e+00,1.000000000000000000e+00,1.000000000000000000e+00,1.000000000000000000e+00
5.000000000000000000e+00,1.000000000000000000e+00,1.000000000000000000e+00,1.000000000000000000e+00
5.000000000000000000e+00,1.000000000000000000e+00,1.000000000000000000e+00,1.000000000000000000e+00
3.632089567318587786e+00,1.529583241547169514e+00,1.679617738056093268e+00,3.696825160001309118e+00
5.000000000000000000e+00,1.000000000000000000e+00,1.000000000000000000e+00,1.000000000000000000e+00
1.462097115673513859e+00,1.097512930566408418e+00,1.107361228094999817e+00,4.217216675504467993e+00
2.815592985657163538e+00,1.000000000000000000e+00,1.000000000000000000e+00,1.000000000000000000e+00
2.697765445168816001e+00,1.000000000000000000e+00,1.000000000000000000e+00,1.000000000000000000e+00
1.896838219782509549e+00,1.000000000000000000e+00,1.000000000000000000e+00,1.000000000000000000e+00
3.079911529343272392e+00,1.000000000000000000e+00,1.000000000000000000e+00,1.000000000000000000e+00
3.327561671991070558e+00,1.000000000000000000e+00,1.000000000000000000e+00,1.000000000000000000e+00
3.836612043663818028e+00,1.008412388778039182e+00,1.523467720674984704e+00,2.547451445154454319e+00
3.532256648004520549e+00,1.428114508960025120e+00,1.849752799058959063e+00,4.008180873130852362e+00
2.256313162379989024e+00,1.226377102733737789e+00,1.008859222425419588e+00,4.132552359597754688e+00
5.000000000000000000e+00,1.000000000000000000e+00,1.000000000000000000e+00,1.000000000000000000e+00
3.598262029443985988e+00,1.000000000000000000e+00,1.000000000000000000e+00,1.000000000000000000e+00
4.308511539848087324e+00,1.000000000000000000e+00,1.000000000000000000e+00,1.000000000000000000e+00
9.569463732600955730e-01,1.000000000000000000e+00,1.000000000000000000e+00,1.000000000000000000e+00
4.467292748167692729e+00,1.246624727085119622e+00,1.450529988006549198e+00,3.084802984848435070e+00
2.716121591675773495e+00,1.000000000000000000e+00,1.000000000000000000e+00,1.000000000000000000e+00
1.804149703498294288e+00,1.000000000000000000e+00,1.000000000000000000e+00,1.000000000000000000e+00
1.174768307026550218e+00,1.000000000000000000e+00,1.000000000000000000e+00,1.000000000000000000e+00
2.326367379501620647e+00,1.218119295785027312e+00,3.700061044752169792e+00,4.662150976436801209e+00
2.535760453069254794e+00,1.003204455498000636e+00,2.872205717376511203e+00,3.608770450938707519e+00
2.187441281536641746e+00,1.734155871695977957e+00,2.158526225677117161e+00,3.399525780102306882e+00
3.297232524999643921e+00,1.000000000000000000e+00,1.000000000000000000e+00,1.000000000000000000e+00
3.751456815878626117e+00,1.000000000000000000e+00,1.000000000000000000e+00,1.000000000000000000e+00
3.107855243987375893e+00,1.392212557023864150e+00,1.492229376731255552e+00,4.204844993251968255e+00
0.000000000000000000e+00,1.000000000000000000e+00,1.000000000000000000e+00,1.000000000000000000e+00
