VR1,VR2,VR3,VR4,VR5,VR6
3.863374091797093790e+00,2.930867275225150337e+00,2.145111969462835777e+00,2.538127575483936305e+00,3.723593988453143488e+00,4.782571425062030812e+00
1.519793776821027009e+00,2.409686960573737657e+00,4.744185714396153664e+00,3.043641229497104028e+00,3.833997406668731234e+00,5.233898798566304578e+00
6.282047146609344157e-01,2.089427666218211410e+00,6.627468772969309363e+00,3.736460515339480981e+00,3.872973601267664545e+00,3.042217577903638670e+00
2.975671242185772059e+00,5.250846686055939294e+00,5.419256230516047879e+00,2.646325701934188146e+00,1.386357617305836509e+00,2.359436183474486803e+00
1.754095400976648511e+00,3.162243966690775565e+00,2.414416235108505226e+00,3.168023534990464185e+00,3.609715817466486065e+00,3.220736184061708585e+00
1.040028470896277035e+00,2.255567428130228258e+00,5.599495977801795199e+00,3.752279267750942005e+00,1.923785541546289668e+00,2.760160697480460446e+00
3.385594269929586897e+00,4.418364848987104132e+00,6.592314730473971096e+00,4.538012711707889224e+00,4.858023719031922205e+00,2.353029774354013171e+00
4.231824267200366307e+00,1.211646438182029106e+00,5.763455627410110083e+00,2.056801938407225361e+00,2.846563143244744243e+00,3.372928349400946768e+00
1.670628067034742870e+00,2.230484980637168491e-01,4.295213718378104062e+00,2.995692541950421894e+00,2.090991185163616706e+00,4.800288349800672094e+00
0.000000000000000000e+00,0.000000000000000000e+00,0.000000000000000000e+00,0.000000000000000000e+00,0.000000000000000000e+00,0.000000000000000000e+00
1.570169824858105967e+00,3.235840782480751798e+00,1.870403167260142219e+00,2.461018898771410335e+00,2.484225720006882021e+00,2.840644486500447652e+00
1.888787244642259111e+00,1.063431547369928509e+00,1.924177064127052805e+00,3.530361444945126159e+00,1.866581002054740202e+00,4.959758964687219773e-01
0.000000000000000000e+00,0.000000000000000000e+00,0.000000000000000000e+00,0.000000000000000000e+00,0.000000000000000000e+00,0.000000000000000000e+00
2.175560119221687572e+00,2.432307028326284204e+00,4.608457925166614899e+00,6.194510214112654900e+00,1.812115205574638122e+00,4.180583976133344315e+00
1.481295892714652673e+00,4.648633949933135057e+00,4.119570179691718792e+00,5.118406030991065947e+00,2.405003399208705428e+00,6.151208175088789254e+00
1.613398484457340354e+00,6.412208924228661289e+00,5.079611177630388497e+00,5.845588660949426085e+00,2.622172033098388422e+00,4.567021582579807060e+00
3.665932471852042074e+00,7.347668227685506537e+00,6.787015289718242528e+00,6.784876629103001378e+00,4.536444694260774568e+00,5.648478199171341529e+00
2.745061993289115154e+00,9.071825326091907726e+00,8.972613858534224107e+00,4.990447913772580790e+00,3.524775017403797950e+00,7.945530765105228710e+00
4.356290637808115207e+00,9.006568929963236769e+00,5.771263476346430110e+00,4.577473159540191183e+00,3.080078390840683689e+00,4.692606025084442578e+00
1.951695509681148355e+00,8.651120492459568823e+00,5.073691112194782527e+00,4.130854163025547976e+00,3.283232694892615822e+00,3.750697604705510280e+00
2.336632358306494073e+00,3.658137421708539616e+00,5.230308290878422639e+00,2.509761121291838926e+00,4.202901476922612289e+00,4.523788850047196775e+00
4.080889875366505493e+00,3.312984043093571529e+00,7.388673497477627805e+00,2.853837471908952317e+00,3.478673033028355732e+00,4.148723230502130654e+00
0.000000000000000000e+00,0.000000000000000000e+00,0.000000000000000000e+00,0.000000000000000000e+00,0.000000000000000000e+00,0.000000000000000000e+00
0.000000000000000000e+00,0.000000000000000000e+00,0.000000000000000000e+00,0.000000000000000000e+00,0.000000000000000000e+00,0.000000000000000000e+00
0.000000000000000000e+00,0.000000000000000000e+00,0.000000000000000000e+00,0.000000000000000000e+00,0.000000000000000000e+00,0.000000000000000000e+00
0.000000000000000000e+00,0.000000000000000000e+00,0.000000000000000000e+00,0.000000000000000000e+00,0.000000000000000000e+00,0.000000000000000000e+00
0.000000000000000000e+00,0.000000000000000000e+00,0.000000000000000000e+00,0.000000000000000000e+00,0.000000000000000000e+00,0.000000000000000000e+00
3.412507345166045258e+00,5.564423088793494898e+00,5.038910495027518976e+00,6.620926309702147350e+00,2.750138228863215684e+00,5.242010894303562374e+00
1.122300617158491054e+00,7.323262638262880486e+00,6.235984517110967573e+00,5.217723820627637288e+00,3.647603847904475227e+00,4.949921801163455370e+00
1.926097265626444344e+00,4.404656722883890652e+00,7.064058866887227950e+00,7.067482098663429468e+00,2.903121185685019867e+00,4.745465363646355961e+00
4.964007613949078745e+00,7.447767031583500952e+00,5.091490018424329911e+00,7.755876874951709965e+00,4.091092991860654671e+00,5.110882928661852453e+00
7.002989440552822575e-01,6.080689459659758711e+00,7.645573232727274515e+00,5.319326040738999062e+00,1.603510474038826628e+00,6.774245263092096181e+00
6.780006238338627256e-01,5.040845826920406836e+00,2.500987158167329749e+00,5.028107617293715137e+00,3.774576907875180520e+00,5.565344026281781709e+00
1.891770949880277275e+00,6.980298074089822613e+00,5.434153431762339892e+00,3.946270792596987320e+00,5.438249593658508019e+00,4.480104180869771469e+00
1.941130151028700235e+00,2.752856154561920121e+00,4.078589191372392619e+00,7.401496957221569417e-01,2.787070813118584844e+00,3.770000226534756749e+00
0.000000000000000000e+00,0.000000000000000000e+00,0.000000000000000000e+00,0.000000000000000000e+00,0.000000000000000000e+00,0.000000000000000000e+00
0.000000000000000000e+00,0.000000000000000000e+00,0.000000000000000000e+00,0.000000000000000000e+00,0.000000000000000000e+00,0.000000000000000000e+00
2.312924889400603590e+00,1.695217035979319498e+00,6.062399047868476387e+00,3.899707026013126576e+00,3.815295631230864792e+00,2.447631269473336868e+00
2.637820074769517298e+00,6.434218895823726747e-01,7.412899179454328191e+00,2.189449225575520686e+00,4.210534264427861828e+00,5.762236981347975018e+00
0.000000000000000000e+00,0.000000000000000000e+00,0.000000000000000000e+00,0.000000000000000000e+00,0.000000000000000000e+00,0.000000000000000000e+00
1.187026625528894597e+00,3.185997584681743433e-01,4.767706648874177944e+00,2.885884337864467408e+00,1.787545666784179144e+00,4.471984886359627431e+00
2.811008386723715446e+00,1.447974143643822487e+00,5.260921736001234805e+00,1.481122971363110441e+00,2.014465098596028625e+00,3.025020567236234914e+00
0.000000000000000000e+00,0.000000000000000000e+00,0.000000000000000000e+00,0.000000000000000000e+00,0.000000000000000000e+00,0.000000000000000000e+00
0.000000000000000000e+00,0.000000000000000000e+00,0.000000000000000000e+00,0.000000000000000000e+00,0.000000000000000000e+00,0.000000000000000000e+00
0.000000000000000000e+00,0.000000000000000000e+00,0.000000000000000000e+00,0.000000000000000000e+00,0.000000000000000000e+00,0.000000000000000000e+00
2.657111285210481899e+00,1.027652744591124989e+00,3.092683384953968329e+00,2.821967348246303686e+00,3.426649577217153908e+00,3.550501856721538285e+00
0.000000000000000000e+00,0.000000000000000000e+00,0.000000000000000000e+00,0.000000000000000000e+00,0.000000000000000000e+00,0.000000000000000000e+00
2.893357330796017202e+00,4.809528686405046827e+00,4.873223631205101825e+00,4.645316846917902254e+00,2.384098037442639040e+00,5.048305990949036648e+00
0.000000000000000000e+00,0.000000000000000000e+00,0.000000000000000000e+00,0.000000000000000000e+00,0.000000000000000000e+00,0.000000000000000000e+00
3.762455451405692486e+00,6.285736630101549594e+00,2.794072944081330778e+00,5.012239105553556229e+00,4.004424981708186060e+00,3.863216144217719972e+00
6.320512057314870979e-01,6.322224870978313760e+00,6.755539574322007468e+00,4.939667134598708209e+00,2.570780695195652665e+00,6.243230468084002283e+00
1.929913552632968043e+00,5.316355528195869873e+00,5.284424923064083401e+00,5.231789829009207971e+00,2.571626187556158794e+00,3.934951462972453573e+00
1.527429533949717477e+00,4.805075571027147774e+00,6.068391611201830571e+00,3.807562655854884515e+00,4.510669412906874953e+00,3.836952606219866890e+00
3.987309922603962775e+00,3.726341905777141861e+00,3.342862619449388895e+00,2.840088049855393759e+00,4.311917167625407998e+00,4.412647430458026321e+00
1.138277533582408907e+00,5.048583119304668188e-01,6.595363835451836465e+00,4.560223440048223331e+00,2.563734646361630176e+00,5.266078784190965756e+00
3.831775943041737520e+00,1.669417360758846947e-01,3.305195928712397091e+00,2.688674989083558398e+00,3.836225116967471038e+00,2.994274929510025274e+00
4.514456920777554672e+00,3.935425369477780766e+00,6.866398369942889879e+00,4.835824139200860294e+00,3.697608406384898849e+00,5.136034734147618686e+00
1.391555651395375293e-01,7.786074791290943153e+00,6.845374946649347869e+00,6.215862655918485302e+00,4.213071053502661201e+00,7.250317822925809175e+00
6.877495398114672476e-01,6.125422282893065784e+00,6.449747738812349418e+00,5.683041955268627099e+00,1.679377223074854264e+00,5.050083829955728021e+00
3.898384398526242300e-01,7.862533014721899249e+00,3.830840955072137177e+00,6.686991088217745904e+00,1.645201119963059400e+00,4.306393955551055086e+00
1.555212126471499756e+00,6.846689309461877038e+00,4.201565861039000538e+00,5.620442676873831367e+00,2.798348338974072647e+00,3.489334899588886429e+00
4.023489884408281370e+00,7.733430791211777233e+00,5.476644074123591999e+00,8.109953645623534157e+00,3.387970882384879978e+00,3.813060070847937855e+00
4.621820904918363837e+00,1.048052533858411905e+01,6.087197230283127425e+00,6.155418640853707046e+00,1.423504576288516343e+00,6.399865737102672369e+00
1.619729922868141436e+00,1.066708261879715636e+01,5.545856351865586120e+00,7.058393189875713070e+00,2.921853121049512225e+00,6.873206842837142005e+00
8.874140984859377745e-01,1.187966713014785647e+01,6.010650479594983331e+00,5.437544760268776756e+00,3.335587046785189802e+00,5.728790594371247380e+00
2.564360788177808548e+00,9.546810556702439499e+00,6.286285408685079901e+00,6.674169544965036671e+00,3.685230985284410288e+00,3.610947112026601236e+00
2.610489371298642780e+00,7.404803402834529535e+00,4.037720248221348562e+00,4.399444968277350654e+00,2.929516309147759401e+00,2.805250242353936052e+00
2.487674833757844706e+00,4.937447002951920183e+00,4.751962611546222348e+00,2.806425643683610804e+00,3.139412553451457644e+00,2.567257787347028142e+00
3.897835313394130807e+00,3.287060915094604407e+00,5.305701509976231911e+00,1.994865329028986611e+00,4.489111144983611190e+00,2.831292788054307508e+00
2.126366697871913125e+00,2.691729145261839484e+00,4.715110738796540524e+00,4.903994206337218387e+00,2.267621879135891749e+00,3.672989042658187042e+00
1.789462860104499953e+00,3.124197854600775592e+00,3.215391088427170363e+00,3.332238877673038058e+00,1.809462568010237415e+00,2.491329882815958463e+00
2.138315601287859025e+00,2.058375820578682180e+00,4.818276701991147881e+00,4.207470503371956383e+00,3.214758918389158282e+00,3.552420401065560895e+00
3.331702091201387717e+00,1.098522851835075365e-01,4.326375256786839429e+00,2.394747778610335942e+00,4.525827438933518465e+00,2.325011933439697032e+00
3.404730413349670748e+00,8.284319859561906085e-02,4.374491355913220580e+00,3.935019283950301539e+00,3.491463067710370183e+00,3.855314984785286114e+00
3.225247269851811538e+00,1.258700250874353666e+00,7.114181785513766343e+00,4.639917522672192263e+00,2.299642183724337485e+00,5.426447585893939163e+00
1.760043613958115039e+00,1.586106201825100426e+00,4.017271347972123152e+00,4.111258667041422399e+00,4.070319959247619579e+00,5.830835612482223596e+00
7.517046722228122313e-01,2.860663290611644705e-01,6.118478791651826398e+00,1.750547378566623014e+00,4.154511066865747893e+00,4.848768964046703545e+00
2.691062136961694495e+00,1.523423397732250439e+00,4.695130713990346649e+00,2.569354500964153409e+00,3.301159360445453661e+00,4.945269796892484138e+00
3.487467913101362171e+00,2.538102833868047803e+00,5.523922257824492199e+00,2.332397553675983559e+00,2.641505804600002616e+00,4.520248624913149271e+00
1.825966909981221464e+00,1.484047528030610907e+00,4.679382861327971987e+00,2.680799210636326535e+00,3.320657914301746949e+00,5.306226870810619722e+00
2.798508799754874765e+00,3.929690531220789929e+00,2.974197059544451793e+00,2.106120542402678986e+00,3.045891294894651935e+00,3.091386827111380686e+00
2.274870020591971631e+00,4.243780933951069478e+00,2.373829574941834331e+00,3.697696557344105628e+00,2.608132073317788624e+00,1.759502999488900876e+00
4.478084948726133163e+00,2.590282204397643007e+00,7.086747159848700406e+00,3.823335399367005838e+00,2.902113191392805991e+00,2.276213603883845416e+00
4.055280273285603698e+00,3.177342849458333340e+00,5.869766219249488159e+00,3.852829152678579838e+00,3.542995706440462467e+00,5.059708136937721257e+00
4.650999313374524213e-01,3.032703836413107812e+00,3.644255656287999745e+00,2.826767004522206861e+00,2.409111379750557003e+00,4.039154745003108893e+00
2.305435636639992403e+00,2.145221420497933629e+00,3.705436102719012581e+00,4.580737881931894684e+00,4.136445440545680974e+00,2.010357223400415450e+00
2.651938801913238830e+00,1.831929634595199863e+00,3.134903684274229718e+00,3.580008891730565246e+00,2.988357306732654983e+00,1.913910314719253769e+00
2.706715462498699765e+00,2.993584519800483790e+00,5.409601549818964905e+00,3.005542857949307312e+00,3.705616189231149438e+00,2.576807087029691967e+00
2.815181271476661529e+00,2.184767583914203559e+00,4.093369997604597188e+00,3.893917783919881082e+00,2.877822292852618702e+00,3.640592340285865092e+00
2.514482430785225819e+00,2.923853465659094208e+00,6.371252741340979853e+00,6.757505448476869958e+00,2.009768451792914412e+00,5.266126941042376330e+00
1.407446921995729294e+00,5.640739319486392844e+00,5.326463289626975239e+00,7.272955109649156924e+00,3.711159224385143673e+00,6.382579935565897422e+00
3.279382143706838892e+00,6.759433314846660323e+00,5.202956979560445561e+00,7.917395959592467669e+00,3.814233973229556263e+00,7.149586579011985243e+00
1.115246001324821545e+00,6.925161149534483584e+00,5.685797226279791339e+00,7.490200750065184820e+00,4.461406477898483658e+00,7.416890051066149958e+00
5.631059897298749117e-01,7.017791452756799053e+00,7.196809609266291652e+00,6.287656661278592019e+00,2.976686239363498743e+00,8.246657749233502699e+00
2.926101479722759802e+00,6.797690226215074460e+00,4.053573367587230969e+00,5.967027736608272903e+00,3.559985550473561133e+00,4.553972499874602953e+00
1.174027951781702717e+00,7.477566977454646491e+00,4.343387228969855407e+00,5.576615828720317580e+00,2.334106420805737159e+00,5.317647763719297593e+00
0.000000000000000000e+00,0.000000000000000000e+00,0.000000000000000000e+00,0.000000000000000000e+00,0.000000000000000000e+00,0.000000000000000000e+00
4.309289537134342041e+00,6.376428276057704458e+00,1.739995622453503366e+00,3.835595905626838054e+00,2.126948067258632946e+00,2.772470653215650227e+00
2.615860072686232662e+00,3.126941447988566658e+00,6.846848276738625394e+00,5.001794574814431016e+00,4.264842422041821735e+00,7.180378561881246569e+00
3.881052004395504351e+00,4.555169088100873509e+00,5.212127946559686364e+00,5.424199368955477496e+00,4.193311851127114132e+00,5.245808594598688757e+00
3.374610826439729649e+00,7.434826287348252905e+00,6.819827509837909751e+00,5.526337899157844902e+00,4.237848305913200164e+00,5.266435703171803873e+00
1.566267059804862916e+00,6.504024615994100422e+00,5.246055411425961879e+00,3.957185367126585973e+00,2.560510774186317118e+00,3.615193820283588266e+00
3.427331359287669077e+00,5.674748148806702197e+00,4.806373103931240287e+00,2.495194702907475914e+00,3.980167422414239375e+00,3.139697986398925167e+00
9.284328313407006483e-01,3.436434123796016316e+00,4.290270285661859972e+00,3.355477973913096434e+00,2.740916781599008090e+00,3.281816358076648843e+00
4.291707830539405855e+00,4.937067777034276794e+00,4.147582943807792688e+00,4.731957460459968345e+00,4.469286272497729584e+00,4.973834929035479746e+00
2.014123874364913913e+00,4.496162424871902097e+00,5.595641316532328879e+00,5.388241888257786272e+00,2.945765310350261235e+00,6.515949741538956452e+00
6.602787347940699547e-01,5.048425071641847062e+00,6.464600136158887622e+00,4.308374145623900198e+00,3.535331541438341496e+00,5.667716144428077030e+00
2.704799963383959227e+00,4.297303051549129727e+00,5.968397749603874480e+00,4.180064925794192199e+00,2.000291217223174822e+00,6.209754971502137622e+00
6.008650084666351532e-01,6.395025412429829359e+00,4.465480712881790382e+00,5.378459383405736816e+00,9.161368121878714632e-01,5.775670853123294535e+00
8.905101472500447368e-01,5.970926933032474793e+00,4.518433113916517030e+00,5.156857879884437779e+00,1.807563202095550547e+00,4.191298046813466627e+00
3.570131052287381923e+00,5.278951248659979001e+00,3.164412715418744249e+00,5.664083790124593953e+00,4.946662621583485020e+00,2.698293217691539070e+00
4.886934357435399612e+00,5.454876592566577642e+00,7.372237243829480313e+00,5.065569201633429053e+00,6.630123506295095837e+00,4.281352200700470512e+00
3.741052929455426224e+00,5.904194223262074104e+00,9.135542263387716133e+00,4.171868646754623988e+00,6.417226746452628916e+00,6.642885794860633908e+00
9.422915503097479828e-01,4.896409117670692090e+00,5.084356368508734292e+00,4.626907337746954063e+00,1.529134834637732032e+00,5.831568135088894600e+00
3.233047500309300215e+00,7.508528572745854390e+00,7.075521265029111717e+00,9.201503390975444674e+00,2.915563570344531286e+00,5.427301727579959767e+00
4.685291589672905488e+00,1.012638470131049750e+01,8.788062740125781147e+00,7.460312264219695066e+00,2.677899178560384286e+00,4.839653644686145562e+00
3.680073693753104891e+00,9.657344261027716925e+00,6.859562017049995575e+00,7.354220578524707008e+00,4.603862067872491082e+00,5.343120617699861796e+00
1.310318818279677444e+00,1.026413355028857666e+01,6.727900187796846510e+00,4.289289509230879816e+00,2.344205832246087251e+00,3.044056642888705255e+00
3.296693549352416319e+00,6.973995892253977757e+00,2.849361928548939993e+00,4.662558508084320152e+00,5.527155160997927474e+00,2.649589463296941005e+00
3.185528027863869127e+00,5.369403503270516964e+00,4.738412120825682194e+00,3.215570766555479132e+00,2.514298189895153524e+00,3.759808408591098328e+00
4.962455486370616953e+00,2.199796394322138138e+00,6.514277957018307141e+00,3.382932508802538596e+00,3.036538473490911105e+00,4.079343675810722658e+00
4.474710615847185657e+00,1.484409900275854621e+00,8.015916323251103037e+00,5.346624156252246962e+00,3.408037972939711668e+00,5.259154009196868707e+00
3.675642543051244715e+00,4.711075467196503830e-01,5.288889653692813830e+00,3.468846178727070573e+00,3.265297589390880439e+00,4.537250917877610590e+00
1.510862314238567095e+00,5.143241413990462974e+00,6.291076027834263229e+00,5.558324209628413115e+00,2.068557584068643429e+00,3.491698346748460580e+00
1.376757362515913741e+00,5.214334996844175230e+00,3.499880011072527886e+00,4.736641703031895467e+00,3.229587658029370978e+00,3.201168232207668662e+00
4.573213381308414149e+00,6.290973922896801795e+00,4.377058510917088974e+00,2.793294176123432226e+00,2.132928928664409529e+00,2.743640733403617915e+00
3.606549069968908228e+00,3.630266626848736244e+00,5.673058257630637868e+00,4.862456921700341717e+00,2.626214473122124637e+00,5.285921670614416534e+00
1.893593589904857044e+00,7.081588313645712063e+00,3.889451178475030524e+00,4.426584142406142952e+00,2.182702303800133858e+00,4.766849755828094892e+00
1.689489260935850501e+00,4.530988833628721402e+00,3.337148173862529266e+00,4.995103535624200397e+00,1.513940802373186623e+00,4.054729109485255556e+00
3.981706238089301131e+00,5.581148202325133312e+00,4.769056718707751941e+00,5.743667885731375655e+00,4.401541548411287863e+00,4.976077798124625140e+00
3.728947422905724007e+00,6.095763453230691908e+00,8.360934871003834701e+00,5.455696774174461972e+00,5.056009246143005953e+00,5.556549019872909057e+00
3.866356729718124718e+00,6.063602021849394674e+00,5.373066876506812584e+00,4.052353945770865273e+00,4.442958304006485726e+00,4.394530568142401172e+00
1.176356886034714888e+00,5.790047374228432631e+00,6.099733441427287239e+00,4.383184610743886545e+00,3.137204529941655995e+00,5.076552543377615301e+00
2.945157869286742613e+00,4.751467115965528620e+00,3.754332098656985472e+00,4.448376024302073795e+00,2.122139716673323129e+00,2.403642942827324269e+00
3.446818651458439575e+00,3.730918555412476412e+00,3.808860868666840815e+00,4.882037612797571313e+00,2.508239873319650926e+00,1.773947194339570821e+00
3.954427173390853589e+00,3.384468863368959912e+00,4.047193917450927714e+00,4.759372851570014440e+00,3.331771490142991787e+00,4.505665437365636627e+00
3.222466959516903096e+00,3.827070401028992208e+00,4.243959080053090638e+00,4.367811790755597556e+00,3.595063786429312458e+00,5.333274922363861137e+00
3.587781356501809071e+00,6.336602702492941219e+00,2.864963108439253947e+00,3.294198674885472578e+00,4.650161439284487663e+00,2.037266322413484598e+00
3.233750842175882045e+00,3.294731448335613155e+00,5.038421704216696995e+00,3.320798838274861886e+00,4.093738907290079609e+00,4.259633669649057097e+00
2.834328033032251337e+00,3.724023511918792551e+00,4.925090095074229346e+00,2.689099420634526005e+00,5.203691418284450698e+00,4.898528699134629072e+00
2.457719399580655661e+00,2.256537327208826937e+00,4.907477907549654184e+00,4.788905486858568317e+00,7.588343894547078250e-01,6.820014640819524132e+00
1.458422819931541881e-01,2.529760017172615338e+00,3.186326454779958794e+00,6.693809975228897535e+00,1.808126668054465647e+00,4.777035176549565776e+00
1.935214810669522389e+00,6.412685647828110902e+00,4.388801839579382857e+00,5.747004390636700322e+00,4.143447197706801255e+00,4.240430711249869589e+00
2.149277029012718554e+00,6.552528525310902907e+00,5.200792667424651405e+00,4.895028974788150578e+00,2.312528375364364841e+00,4.062830509145023861e+00
3.028332403546354357e+00,6.064086295281592598e+00,6.045982770002494178e+00,5.373212079108975914e+00,4.030347494286029786e+00,7.273557718911563441e+00
1.572114665739443584e+00,5.484532782648253502e+00,4.422380657107593649e+00,3.818360681183082583e+00,3.158196349149764437e+00,4.411956772425956963e+00
2.155879497601948636e+00,3.632163048885362233e+00,6.273892418540976124e+00,3.727128739188924733e+00,1.502843822330634627e+00,3.802648919812074979e+00
2.191343380586444844e+00,2.863117238921424779e+00,3.502244704667871300e+00,4.436049679085437347e+00,2.670768312320693560e+00,3.122943856502685023e+00
1.204856181124779768e+00,6.026119060949128858e+00,2.780711419743922885e+00,5.987144020852063875e+00,1.635381617009532995e+00,4.251338119305561492e+00
2.148977966636112402e+00,5.987555937559305264e+00,2.799942778421778300e+00,6.754243499678008078e+00,2.974475032053458534e-02,5.167084289637096539e+00
