VR1,VR2,VR3,VR4,VR5,VR6
2.486511833245649949e+00,1.931149607521918110e+00,6.600592367936517491e+00,7.368685821491324006e+00,3.600338457915157164e+00,4.088666848010068300e+00
1.897097118912555835e+00,3.467232456586549549e+00,7.419928136261754403e+00,4.644360596520870743e+00,4.983833650958656492e+00,4.400168377588744129e+00
2.722685400049409399e+00,4.144984809607672460e+00,6.028462430284241336e+00,5.766622472461925497e+00,4.383338131780760705e+00,4.641695882783993810e+00
3.507047005223989267e+00,3.778585231204527162e+00,7.316116609095647760e+00,2.970487015019675603e+00,3.755699356844548475e+00,6.427254192631520979e+00
1.956146441703199734e+00,5.240634261557302054e+00,5.896977407898756240e+00,6.767040687799691590e+00,3.867047856940041939e+00,6.634133836384696004e+00
1.870489045638497050e+00,5.566647261129779700e+00,5.188110862132973899e+00,3.447904549036884703e+00,2.469317383803675270e+00,7.795889984843251241e+00
1.756054039524961974e+00,1.563704911361802896e+00,2.863976790417500862e+00,5.291120671615207272e+00,3.667182214365610093e+00,4.429119139737725419e+00
2.027705730829290065e+00,1.512649125588937160e+00,6.158862104884202715e+00,5.018453457998085732e+00,3.667509317474274777e+00,3.659022829839659874e+00
3.232613522809480777e+00,3.523155284328710390e+00,4.212933136411652235e+00,3.917129001884127160e+00,4.019750205547234501e+00,5.003308679642953116e+00
3.033750890493130736e+00,4.276652678289831755e+00,5.391518051013662216e+00,4.217375735969407735e+00,2.742571823434954315e+00,4.419265306744950550e+00
3.874247582004068047e+00,1.417578730189805736e+00,6.125081170871117031e+00,5.017826645904216676e+00,4.530617036119489072e+00,2.800569887200840657e+00
2.803827242596860891e+00,4.775448169993083525e+00,4.521973566138013823e+00,6.764187495720216603e+00,4.326578985462544935e+00,3.967472098632854660e+00
1.881397767636840967e+00,3.130583887202222915e+00,6.251894961424817154e+00,4.395609930843974666e+00,1.087633898739850835e+00,5.479538075128166597e+00
1.109761342385421345e+00,3.485179173044362866e+00,5.107299753302049439e+00,4.810812671045361810e+00,3.844487811487070417e+00,6.075086678807531726e+00
9.226146121590044213e-01,3.805207443509728726e+00,2.109492788168568111e+00,3.764575990499812619e+00,1.597945351455313467e+00,4.557942346804477296e+00
1.667887615330134299e+00,3.418071387723690790e+00,6.719635409185695352e+00,5.083297601282646738e+00,4.286371490612284951e+00,5.450363560994053280e+00
1.665551323393283045e+00,2.476091758488749850e+00,4.057734259232025131e+00,3.625942475764479145e+00,5.216475650624079918e+00,5.247116705987684426e+00
3.584970195813049099e+00,2.924016407361496928e+00,6.182111932286298739e+00,3.562628263041148990e+00,4.289771324555738730e+00,7.712726745880184254e+00
2.406527101540041791e+00,6.488510100318083396e-01,5.489016501758087863e+00,3.956206049396687519e+00,2.465690581886213817e+00,6.772050645458403295e+00
1.912142333737669730e+00,5.075181321433424486e+00,3.698920553865830740e+00,2.650168784429941304e+00,3.013016950980190067e+00,5.227962544365070130e+00
1.497106091890054502e+00,3.185392689851001435e+00,6.984718374399360385e+00,3.516989847617447928e+00,1.589372127008918945e+00,5.191818470742475711e+00
3.599914897179383733e+00,2.798566384791135508e+00,6.904900367630755653e+00,3.994015345422302410e+00,2.807915178091451303e+00,5.117804707271892184e+00
3.031213896314854050e+00,4.833185885240025570e+00,5.075150175272841402e+00,6.069472019634783777e+00,5.126489297431811920e+00,4.620262374135446493e+00
0.000000000000000000e+00,0.000000000000000000e+00,0.000000000000000000e+00,0.000000000000000000e+00,0.000000000000000000e+00,0.000000000000000000e+00
1.014350290182928660e+00,1.441360518115244016e+00,2.373406797246170097e+00,4.344478124486954584e-01,4.437793422284566525e+00,3.792240474964891028e+00
5.942688175363810554e-01,2.574206198851981320e+00,8.431899999551962566e+00,3.341033130485932645e+00,2.888370023108565832e+00,5.001893860209900566e+00
1.947947377183662621e+00,1.030938655846717289e+00,6.638920493993263783e+00,3.895709280788315798e+00,3.086062997867014879e+00,5.660521607178052861e+00
1.011453257275284123e+00,3.542326519111381078e+00,5.551582432456960703e+00,3.368064947908754547e+00,5.357155131560643824e+00,4.606102430023708116e+00
2.908452627481362907e+00,4.620761805190827687e+00,4.407813119501911459e+00,3.117326287150377517e+00,3.320050321176847952e+00,4.971203118580800329e+00
3.957176735723583860e+00,2.825171336263454069e+00,6.633176484219614366e+00,3.914106572861196121e+00,1.327198980072110679e+00,4.671985856327474096e+00
3.577255907009186053e+00,2.019758216907371118e+00,8.179675853011030284e+00,4.905573959871071921e+00,3.373217958109631542e+00,4.688152996793171212e+00
1.755691116319325396e+00,3.242236382608144840e+00,8.161795838595612196e+00,7.166419401774800413e+00,3.440888978996838432e+00,6.348070165097809081e+00
2.096061111678948485e-01,4.780588025431425692e+00,4.786451593444808417e+00,4.211665168796777436e+00,2.642919957717332569e+00,5.604451129702563428e+00
4.381255155493062325e-01,3.819312066321199683e+00,4.537828302359532273e+00,3.716672966999408079e+00,3.713308126643633855e+00,3.957339470720716346e+00
2.592019366736457719e-01,2.153952187815791675e+00,5.632170154836474651e+00,3.899285785766860357e+00,2.660193972495617842e+00,5.850001638511045599e+00
3.196531445486721523e+00,3.656728375187225932e+00,7.184206436255583306e+00,5.017137748961367549e+00,1.257472016001125681e+00,5.501715459760632143e+00
4.306792881898400260e+00,3.264613490340124713e+00,4.649779876316943117e+00,3.030576823151834187e+00,3.265029827725996370e+00,4.345655921827650481e+00
4.978767033031884282e+00,1.927156106981929851e+00,2.444607502151447953e+00,5.047778131099355470e+00,1.730620880228388891e+00,2.563591168745253501e+00
2.968512356966343191e+00,3.452581549486014367e+00,3.448942053886158376e+00,5.097769179099222114e+00,2.395554450374609345e+00,3.901810901173886403e+00
2.167676856995174983e+00,2.578012318352187027e+00,3.426104199642796111e+00,1.972966330072459140e+00,2.537748677752039494e+00,4.183883070895907608e+00
4.179535667508595509e+00,4.342713149971523023e+00,6.017588955594440847e+00,4.231782755027444942e+00,2.434761608473788197e+00,3.908354881588677721e+00
3.239390948553210858e+00,4.946720922141343735e+00,5.378682296906821314e+00,6.045765274681546231e+00,4.253541280058653840e+00,4.466835421568200459e+00
2.570993244141979606e+00,4.770438188890206099e+00,6.359549230350389770e+00,4.836792958397493791e+00,3.025578225402242971e+00,7.338835339648951184e+00
0.000000000000000000e+00,0.000000000000000000e+00,0.000000000000000000e+00,0.000000000000000000e+00,0.000000000000000000e+00,0.000000000000000000e+00
1.034725805566818480e-01,1.298641659919909541e+00,5.267257430882077429e+00,3.101154084210149264e+00,5.490252449901150911e+00,4.130462255035976860e+00
9.013662129688189140e-01,4.776658873572052322e+00,4.286876852099248403e+00,2.220888463242963518e+00,4.215229585913727206e+00,5.015004410109558997e+00
1.550741142420181129e+00,3.691165890554930051e+00,6.491159214594174998e+00,4.167526413667545171e+00,3.514252172296092880e+00,6.991262297435028472e+00
1.099350666717426872e+00,1.626082169385553389e+00,2.461151057128081909e+00,1.842394276892219462e+00,4.442829217622510818e+00,5.180539573614848514e+00
9.194541303471703841e-01,1.746421131556599171e+00,5.562406616028257922e+00,3.521092156198018408e+00,5.006899105148225004e+00,7.482439355512279455e+00
1.874671102045615934e+00,2.022436360812220002e+00,5.176547562930501556e+00,1.233102909976384609e+00,3.259447581205586086e+00,7.825656116348027602e+00
1.374829373612350691e+00,2.963623570656337858e+00,5.869730419616733030e+00,2.840868402477775057e+00,5.852554993580492138e-01,6.203374414541370285e+00
3.358308340555478555e+00,1.350682977975026455e+00,2.464545295190061935e+00,1.439707517204409815e+00,1.365422731885531871e+00,3.291359380336202012e+00
0.000000000000000000e+00,0.000000000000000000e+00,0.000000000000000000e+00,0.000000000000000000e+00,0.000000000000000000e+00,0.000000000000000000e+00
2.868182513721874383e+00,3.665215284075276081e+00,6.489675198890006769e+00,5.828724116542773892e+00,3.860627141783913974e+00,4.819341533038709713e+00
3.174848689935961144e+00,4.385705062975713275e+00,4.983952604996111369e+00,5.684030332472546299e+00,3.942219115396649709e+00,5.653832676790536027e+00
3.359517837383760419e+00,2.729841793689187224e+00,7.110801428800549218e+00,5.066033978040672459e+00,3.048534569555668927e+00,4.526469270769768016e+00
3.664174581310734702e+00,6.254555864250068709e+00,7.998359583176815946e+00,6.464567344035994978e+00,3.013793541576609059e+00,7.579022801893332328e+00
2.595258595929433199e+00,4.963199915675979845e+00,7.437626444221051791e+00,3.992770576447867370e+00,2.949951616489517647e+00,4.420599292395048785e+00
1.812064913466781446e+00,2.170151626285655944e+00,3.842831801778850309e+00,4.569805804980327402e+00,1.195791123956696289e+00,5.301697469920241268e+00
0.000000000000000000e+00,0.000000000000000000e+00,0.000000000000000000e+00,0.000000000000000000e+00,0.000000000000000000e+00,0.000000000000000000e+00
0.000000000000000000e+00,0.000000000000000000e+00,0.000000000000000000e+00,0.000000000000000000e+00,0.000000000000000000e+00,0.000000000000000000e+00
2.095368084038796042e+00,3.162185658307027580e+00,4.869616745565378935e+00,4.342997293608810594e+00,1.515187099769939705e+00,1.555236917991171808e+00
3.906905790934203537e+00,3.687048647815811542e+00,6.313823969867056185e+00,8.300032710084153109e-01,2.292362018345465824e+00,4.853831182683633116e+00
1.674569629767167722e+00,3.182373387745264459e+00,5.011495524896707465e+00,3.269105663578780074e+00,3.813466814057984156e+00,4.721020816210307558e+00
1.409087354813633342e+00,2.537255165695364134e+00,6.573867037365322297e+00,4.622224780484502915e+00,5.517802031789075912e+00,5.327869565431807786e+00
2.017695506670040828e+00,2.111401305186139332e+00,7.783956541937714135e+00,4.882836365119700872e+00,6.859127584431330860e+00,5.084283977879402450e+00
0.000000000000000000e+00,0.000000000000000000e+00,0.000000000000000000e+00,0.000000000000000000e+00,0.000000000000000000e+00,0.000000000000000000e+00
1.499099670405623641e-03,2.570791747411251382e+00,6.000429386067181348e+00,2.429938853501177221e+00,4.185584388842805481e+00,6.503333122305491543e+00
0.000000000000000000e+00,0.000000000000000000e+00,0.000000000000000000e+00,0.000000000000000000e+00,0.000000000000000000e+00,0.000000000000000000e+00
0.000000000000000000e+00,0.000000000000000000e+00,0.000000000000000000e+00,0.000000000000000000e+00,0.000000000000000000e+00,0.000000000000000000e+00
6.689445689987456589e-01,2.123565073588938645e+00,2.324270995747493185e+00,3.185758903537953213e+00,2.950189700260593018e+00,3.400510339069166665e+00
0.000000000000000000e+00,0.000000000000000000e+00,0.000000000000000000e+00,0.000000000000000000e+00,0.000000000000000000e+00,0.000000000000000000e+00
1.569985189107959034e+00,1.183951991001052084e+00,3.287529012906379222e+00,4.081490563053873366e+00,9.802517677943556329e-01,2.139278450239775253e+00
4.161312551839873031e-01,2.849249065329693131e+00,6.324498777843237107e+00,4.080539135969704745e+00,2.062344713864099788e+00,3.912854666619699273e+00
9.103378125507706198e-01,8.691991204952440597e-01,2.869959833437150110e+00,4.510521966764743595e+00,2.008008769957344342e+00,2.987813121516039061e+00
7.055140735110347894e-01,2.991233390268336567e+00,2.601463209012498723e+00,1.426219298505886357e+00,2.393821219086354368e+00,3.962366855710316660e+00
1.072132376559074673e+00,3.186844135420498603e+00,6.206066227310467198e+00,3.338748110644803369e+00,1.996489690648134196e+00,4.421960611524555773e+00
3.969127811265615868e-01,2.671243695540442165e+00,5.173711803806316567e+00,3.458774852334558059e+00,3.850677850774541611e+00,4.086997110036953096e+00
2.247582353423784873e-01,8.640947159666274580e-01,4.266793402431928506e+00,2.487238363963546028e+00,4.263031126783445757e+00,4.918762543705701873e+00
2.179959124676654536e+00,4.637984060333030456e+00,6.955941743885587947e+00,2.932913147374573981e+00,4.058466379430799797e+00,5.772309754099165247e+00
2.503191458302568506e+00,7.092707275945478784e+00,5.161232316645833151e+00,5.768724768678895387e+00,2.295424458000501211e+00,5.897764747289858889e+00
4.202919250198966949e+00,4.216934865122611953e+00,5.168332046924916767e+00,4.751790722565053748e+00,3.297618093284759855e+00,4.913785485986665869e+00
2.691410442074925413e+00,3.256259207303853209e-01,3.341065710202426153e+00,6.118572313551794650e+00,2.044562469601709509e+00,1.031341720027513453e+00
5.565187569068663631e-01,2.123049758429804701e+00,4.055443939817819476e+00,2.760992599430139638e+00,3.214157730201907981e+00,4.109352886266480098e+00
8.991746189057359118e-01,3.831895138821662883e+00,4.607317112029262418e+00,2.851121059592744089e+00,3.835056242438150242e+00,4.760932464206289794e+00
2.201266889623544998e+00,3.846437589035211602e+00,6.620211761342675416e+00,5.433566564825848211e+00,9.445097129808055492e-01,4.519760634439425218e+00
1.616677609524342696e+00,3.588574021462612507e+00,3.646113354931983963e+00,3.945268324832670093e+00,2.779601031931176358e+00,3.908022503485970578e+00
1.885685966484039522e+00,7.846632992415849550e-01,4.932942691246803513e+00,2.773163118213794576e+00,4.216313920576637564e+00,4.153038377220918065e+00
2.829086218271306130e-01,1.086920868252985617e+00,4.048011587584828597e+00,3.587964099827364528e+00,1.326734468975017789e+00,2.128179006362883374e+00
1.617469998928142250e+00,2.644327577789060246e+00,1.517078845478126325e+00,3.389383275824332742e+00,5.988796486270070218e+00,2.055405953607811753e-01
0.000000000000000000e+00,0.000000000000000000e+00,0.000000000000000000e+00,0.000000000000000000e+00,0.000000000000000000e+00,0.000000000000000000e+00
2.282247053698571726e-01,4.625663005772651104e+00,5.375198742090418591e+00,5.544072861387114415e+00,2.717678481156138748e+00,5.612202995816591766e+00
1.829533109249382505e+00,2.852310025048004238e+00,3.483465093114341826e+00,4.069073637698783941e+00,4.858745120823806829e+00,4.233675794807617798e+00
3.472988742535851436e+00,3.533015974697443440e+00,8.817841544002394727e+00,1.902337786284133525e+00,3.916454878810668561e+00,6.066570311216060496e+00
2.880380800092389837e+00,3.351705884615042486e+00,6.129133414662540247e+00,4.878466187901024931e+00,4.387447977829924461e+00,6.503472675254982960e+00
3.585559073134054309e+00,1.729645142618464471e+00,4.150062311468881049e+00,3.757915820139438701e+00,2.810662027397165197e+00,5.950220941209746428e+00
1.109438170580558491e+00,3.737782218851528171e+00,7.205588960409999189e+00,2.396198410411993329e+00,3.234372420889872313e+00,6.256396070674871801e+00
1.647491178666210310e+00,4.019495275746546525e+00,6.814714981247544046e+00,4.504871119833570248e+00,4.592098598159972234e+00,5.966219345745590985e+00
2.055913105160648957e+00,3.991615852757821603e+00,6.660408824007369333e+00,4.320298164897349302e+00,4.777790594162899751e+00,7.851613021048384766e+00
2.804444555658492266e+00,2.948867941775444201e+00,6.872758902417462679e+00,3.125575274357290656e+00,1.661685824081083673e+00,7.017423601721648474e+00
3.822120664653477107e+00,5.835493497526068829e+00,7.063583251181151823e+00,4.574629793476121975e+00,1.933338442915629507e+00,6.504851579491076841e+00
2.850985600699929901e+00,3.989655688374226905e+00,7.060474869956617994e+00,4.788534029684976545e+00,3.723208367604752489e+00,5.977763551423194599e+00
9.031577693625951753e-01,3.410167089329584567e+00,4.759474139301222095e+00,2.762493101665384643e+00,4.354449039703001567e+00,4.585415684724986285e+00
7.238008326253235758e-01,2.299924798318326413e+00,6.028631541152400075e+00,5.200443275673483967e+00,4.738396978500611922e+00,5.970364237764295368e+00
1.612024164854664487e+00,4.701822281886590460e+00,5.245365056701267292e+00,5.966685788989220640e+00,4.909063994070239190e+00,4.380008978626759308e+00
2.508982678840051328e+00,3.808595762519979111e+00,7.419625495114228642e+00,4.445852138549076571e+00,5.908471576566727279e+00,6.715327966175951957e+00
1.502532842421465009e+00,3.244633926555920311e+00,7.165621019545655557e+00,4.091539396015585694e+00,5.565186801001974715e+00,6.822134377198185717e+00
0.000000000000000000e+00,0.000000000000000000e+00,0.000000000000000000e+00,0.000000000000000000e+00,0.000000000000000000e+00,0.000000000000000000e+00
7.322417606372746413e-01,4.174645171835416946e+00,7.609894662209026883e+00,6.761465190801239977e+00,2.102259969234369308e+00,7.153426639087902217e+00
1.074820911772798038e+00,4.869835045102551163e+00,3.099692806411575408e+00,2.915424063645269293e+00,4.027367532928525229e+00,5.269478426823836159e+00
2.056651891111664909e+00,3.324675526213930699e+00,8.439017728361381643e+00,4.856317491056389990e+00,5.232967606507644476e+00,5.560870994523578581e+00
1.694557721783788384e+00,5.065807263576807884e+00,4.409141391945643917e+00,3.732774737265106335e+00,3.649625709819555475e+00,4.730045462252178368e+00
2.288100742394114651e+00,3.049271628040740367e+00,5.738449143103400374e+00,4.584389745073954359e+00,2.865534268035529575e+00,3.131816754981899376e+00
3.984942418745824000e+00,3.846352609056914673e+00,6.207860199320747618e+00,5.643452816595157628e+00,3.354215218295654388e+00,2.984017888494436832e+00
3.222994767521582649e+00,2.984918344586487748e+00,5.152586913153929693e+00,5.103862689148790821e+00,3.738012960046989797e+00,3.645662510053798488e+00
3.303513151945042470e+00,1.117572143426477149e+00,6.364193953006950011e+00,4.964969377095805214e+00,4.187157892877110932e+00,3.725635659174133085e+00
1.959551668773292121e+00,2.455597212825636255e+00,6.017968478112859287e+00,4.600005378888146979e+00,4.448693172501867465e+00,5.331017583142207528e+00
0.000000000000000000e+00,0.000000000000000000e+00,0.000000000000000000e+00,0.000000000000000000e+00,0.000000000000000000e+00,0.000000000000000000e+00
3.906595349244059712e-01,4.324989232821272012e+00,5.073937974732211309e+00,3.340628410754255206e+00,3.580628754216335974e+00,6.387136792803641328e+00
1.923117345114843779e+00,4.447839343502887566e+00,7.794608465264709629e+00,3.070854574896895617e+00,2.832712522973298341e+00,7.253623518857517993e+00
1.827097920887334137e+00,3.368021431394741416e+00,7.513420291613668311e+00,4.397102911574198636e+00,5.508613952949163561e+00,6.780899289224423754e+00
2.342580417308544494e+00,1.979604990463727177e+00,3.192577766311412102e+00,4.332316602570703168e+00,5.132719522221782960e+00,5.425397087493387005e+00
3.713342483264574501e+00,3.352998715464765578e+00,4.343240180640764336e+00,3.810698065557552638e+00,4.501346899832814330e+00,2.942909457471024837e+00
1.775894430638506716e+00,3.423868446782053709e+00,5.950038684213032170e+00,3.680726418899008756e+00,3.492001649083111836e+00,4.320837237533761588e+00
1.843193379554050715e+00,3.880480512958802031e+00,6.751771325469206886e+00,3.694278215083882877e+00,6.322181297805864020e+00,3.139598264697969654e+00
3.341644112443260983e+00,4.169985522306843606e+00,5.159807530917555951e+00,3.280772778812543589e+00,4.937963101228658225e+00,4.715818766055220657e+00
4.592114872532430780e+00,3.547273680882384816e+00,4.427959569413780549e+00,4.777494603497386194e+00,5.388023613604145723e+00,6.114346495672917214e+00
4.965012957521860670e+00,2.640437984140497463e+00,5.329811872584539145e+00,7.382616593882654676e+00,4.189936841989942096e+00,5.793016857856553514e+00
3.609537331990862796e+00,4.078702760392449278e+00,5.754405050144535849e+00,6.210490869299736261e+00,3.819814835028883415e+00,4.546381410786729305e+00
5.056201843013185204e+00,3.117818442048804428e+00,2.245052125568096635e+00,4.544975929129570602e+00,2.759965808663348952e+00,1.652844459740994587e+00
4.207313069984850884e+00,1.824464093341065629e+00,3.091241983483019595e+00,4.844361966437899625e+00,2.324810745305090798e+00,2.833700644610686048e+00
2.563865283182288124e+00,4.207144398467852930e+00,3.970058604449074657e+00,6.004451424642920365e+00,5.077188685958811121e-01,2.408077106093805764e+00
2.260398194819126516e+00,9.725569172244958871e-01,3.212475515650830893e+00,2.717571134954866352e+00,1.618878334240470673e+00,2.521577221335711272e+00
2.286521318116213841e+00,5.209930653997916217e-01,4.153749554982323566e+00,4.222350479085316799e+00,3.252837563647354990e+00,3.004952346599330859e+00
2.618664519014960668e+00,1.255181108736956874e+00,2.023293806516849536e+00,3.565959269849783286e+00,3.057079448481347494e+00,2.896925129506241703e+00
2.149376517711540480e+00,2.667718349444968773e+00,5.513582452945371415e+00,4.173324544510770728e+00,3.296118904249968118e+00,4.079874401241303516e+00
3.223257892737827923e+00,1.219743326853427901e+00,1.669374142297039842e+00,1.538676760951799505e+00,3.723373067192937036e+00,2.189312600586756474e+00
2.698850770620283335e+00,2.732429169952843573e-01,3.851716749419848540e+00,2.528838142222813445e+00,2.259599663755524013e+00,3.366086110819300092e+00
6.520455189886407155e-01,4.182491541829080894e-01,4.810241287326612714e+00,2.047648589946799103e+00,4.089693978298329924e-01,9.423537559021681886e-01
1.148432313572359975e+00,1.935660775014463209e+00,5.188551294822151050e+00,3.704585140827482359e+00,1.535808451518154261e+00,2.677377557708472189e+00
3.419824211834676220e+00,2.220172404394392007e+00,2.850706166191494972e+00,2.618467740915185082e+00,2.904827422573295070e+00,1.612771862626695363e+00
1.326577341577734215e+00,3.265061291395743304e+00,4.175595434954786356e+00,3.670676965064270547e+00,2.494262261177698115e+00,1.291703599496663024e+00
3.058782729913056997e+00,1.337955693820528147e+00,2.337043248216902569e+00,2.397818426931968894e+00,3.078793862147691129e+00,2.206126615577033157e+00
2.648098414971374215e+00,3.249447196740256061e+00,6.287988360962402545e+00,2.254746303748849545e+00,2.948032097926023276e+00,3.850576678090401828e+00
9.312163073463046725e-01,2.301820298157851497e+00,3.903568359641987673e+00,5.053164951807328720e+00,1.417980117778824711e+00,3.092289431767006658e+00
0.000000000000000000e+00,0.000000000000000000e+00,0.000000000000000000e+00,0.000000000000000000e+00,0.000000000000000000e+00,0.000000000000000000e+00
0.000000000000000000e+00,0.000000000000000000e+00,0.000000000000000000e+00,0.000000000000000000e+00,0.000000000000000000e+00,0.000000000000000000e+00
9.257106228564933037e-01,1.304827729654947976e+00,4.518514410370824130e+00,1.163049361117107772e-01,2.477040523065548783e+00,2.558271325690392839e+00
1.558230452475247496e+00,2.179353124593240043e+00,2.134766631084620059e+00,2.733394109292204277e+00,4.982402031675913889e+00,3.163019170692721538e+00
2.861651902744994036e+00,3.892273410163824110e+00,4.688213141497005410e+00,3.407920550692016270e+00,3.917568370659255894e+00,3.056996972978021532e+00
