VR1,VR2,VR3,VR4,VR5,VR6
9.105994551230867096e-01,1.827656780927911395e+00,6.129477356853848313e+00,4.261217461998240807e+00,4.240661330063068668e+00,4.949004301947213413e+00
0.000000000000000000e+00,0.000000000000000000e+00,0.000000000000000000e+00,0.000000000000000000e+00,0.000000000000000000e+00,0.000000000000000000e+00
4.221969654431207974e-01,1.577848219343338299e+00,6.308560589848335454e+00,6.336489795501916156e+00,3.822325455571424335e+00,1.722601539356091394e+00
1.217867460208881702e+00,4.949806746222424891e-01,6.330731086585409173e+00,3.353926328473694873e+00,3.195294477734541339e+00,5.860521289561765101e+00
1.542647598557266964e+00,2.492220096632917770e+00,9.485178941435101763e+00,5.073353262012764375e+00,1.619596222254549467e+00,5.380472571779989721e+00
3.395546036253161759e+00,5.866588410608570392e+00,6.300178781927772143e+00,4.544821529228086021e+00,3.080710651951068080e+00,5.431514816698279624e+00
1.586490644197781075e+00,5.333557800210592781e+00,5.522340851934536055e+00,2.642647860910243729e+00,2.776789815927898974e+00,4.605940038710270912e+00
1.013879975966075708e+00,1.690462242478162569e+00,5.516553257911010810e+00,6.956413996135488276e+00,5.651655347038493815e+00,3.646510544718890579e+00
0.000000000000000000e+00,0.000000000000000000e+00,0.000000000000000000e+00,0.000000000000000000e+00,0.000000000000000000e+00,0.000000000000000000e+00
0.000000000000000000e+00,0.000000000000000000e+00,0.000000000000000000e+00,0.000000000000000000e+00,0.000000000000000000e+00,0.000000000000000000e+00
2.184767365954749962e+00,3.951632072725224099e-01,5.455226366341163313e+00,3.467611915365274466e+00,4.305900729334344312e+00,4.218622579112845550e+00
2.917054905623855277e+00,7.050140524324381985e-01,7.005713884782419854e+00,2.291100419652347231e+00,3.093367895694741687e+00,4.368353067263272216e+00
3.783397306248386549e+00,9.042533804289267785e-01,4.392826883594313614e+00,4.870660559621006414e+00,4.411999129922897112e+00,3.770706033248206968e+00
3.138847929244072965e+00,1.728679962685657712e+00,3.613704459493447985e+00,3.769804680625817639e+00,5.408465873859395145e+00,5.334967334107627579e+00
3.186141899149085965e+00,2.242025919520878041e+00,3.723970660453705062e+00,4.679545032619389922e+00,3.374491090608024102e+00,4.052297929089506923e+00
2.822703999016753507e+00,2.347679742368418143e+00,5.533972402183061412e+00,3.807593963796934045e+00,4.807495827167825198e+00,4.214653510662524027e+00
3.665586597282529446e+00,4.444576635347038618e+00,7.762691601114350526e+00,6.340208263769198105e-01,3.897443406728203552e+00,5.569110986494273163e+00
6.573654847135413704e+00,8.349765751885877663e+00,5.106292527777670287e+00,2.002162147545573312e+00,1.336701336974627896e+00,5.367350450815536078e+00
4.592397755700029727e+00,6.535958623082633423e+00,7.928297491896140414e+00,3.492538648065508511e+00,3.043648261682737832e+00,3.825487921847886774e+00
4.711613339462614292e+00,5.992191868285548395e+00,8.645727525002010694e+00,1.749299859645320421e+00,3.948477552519229050e+00,5.558462279174408494e+00
3.656456811803176610e+00,5.553103423747481671e+00,9.881185726748983100e+00,8.288957735886519629e-01,1.907313414502887383e+00,4.250630892147664319e+00
4.689764712186738294e+00,3.988946893115365100e+00,7.520531399522200289e+00,2.433249105668005452e+00,3.799257654469869294e+00,3.405101920321623510e+00
4.133851530370600713e+00,2.417567084673094335e+00,7.379412159610212463e+00,1.303725749082237595e+00,2.772839917928121345e+00,3.728548102068241388e+00
1.250593603825931766e+00,2.624036037925147280e+00,5.242268962061747750e+00,5.493295686072787731e+00,3.739590032007360954e+00,3.507137901439405514e+00
1.304352042560853464e+00,1.978519040821940411e+00,6.192884306228634728e+00,3.136263435268245914e+00,4.059639138590547702e+00,4.629702949702245718e+00
1.544443354749823527e+00,2.932251321312843384e+00,5.942062566541378210e+00,4.644406618607342274e+00,4.315548881477111465e+00,4.007643451489056652e+00
1.220791343004947738e+00,1.126952832170213803e+00,5.012713105932591340e+00,5.285676323391630405e+00,4.510673774598532582e+00,3.386450962887166405e+00
2.599092501899135321e+00,1.964200899783950405e+00,5.353345449444965709e+00,4.227147068823967402e+00,2.988565208615843627e+00,4.660326967710469503e+00
2.379848276939982910e+00,2.720592911912552037e+00,5.446919910664582254e+00,4.768861574812547133e+00,3.091763173946493026e+00,3.413155778201541590e+00
0.000000000000000000e+00,0.000000000000000000e+00,0.000000000000000000e+00,0.000000000000000000e+00,0.000000000000000000e+00,0.000000000000000000e+00
1.010842415997061927e-01,2.447968209396101269e+00,9.094478626929959120e+00,6.666834416135998254e+00,3.561456677474692079e+00,3.784574128056233278e+00
0.000000000000000000e+00,0.000000000000000000e+00,0.000000000000000000e+00,0.000000000000000000e+00,0.000000000000000000e+00,0.000000000000000000e+00
9.389806557811890553e-01,7.236098311735394972e-01,8.079923584572842543e+00,4.346032835816972195e+00,3.928354485000688179e+00,4.613061802197119476e+00
0.000000000000000000e+00,0.000000000000000000e+00,0.000000000000000000e+00,0.000000000000000000e+00,0.000000000000000000e+00,0.000000000000000000e+00
1.622660575548396711e+00,7.654817067536732189e-01,6.673070728930014184e+00,5.651122890145194866e+00,2.780505063166792468e+00,3.185892212469753293e+00
1.725575120481110503e+00,1.065491093512914045e+00,6.480379550578984293e+00,6.461128605715206419e+00,4.842633902287625247e+00,3.147568985522560148e+00
0.000000000000000000e+00,0.000000000000000000e+00,0.000000000000000000e+00,0.000000000000000000e+00,0.000000000000000000e+00,0.000000000000000000e+00
0.000000000000000000e+00,0.000000000000000000e+00,0.000000000000000000e+00,0.000000000000000000e+00,0.000000000000000000e+00,0.000000000000000000e+00
0.000000000000000000e+00,0.000000000000000000e+00,0.000000000000000000e+00,0.000000000000000000e+00,0.000000000000000000e+00,0.000000000000000000e+00
3.230586004158010560e+00,1.371998994833626195e+00,3.502471945721084889e+00,1.078195236368999499e+00,2.206772249433558208e+00,3.300173099715668634e+00
3.457232718274191541e+00,3.539285641071634458e+00,5.514939223817084901e+00,2.052113810277405470e+00,2.704835280219721749e+00,3.706320561053771279e+00
1.146423398095783197e+00,2.376674316196295766e+00,4.716635353407205855e+00,5.168368057634626922e+00,4.189410826847880465e+00,3.033513200038155944e+00
0.000000000000000000e+00,0.000000000000000000e+00,0.000000000000000000e+00,0.000000000000000000e+00,0.000000000000000000e+00,0.000000000000000000e+00
3.683339788701171180e+00,3.190090578545877964e+00,3.424814718695963212e+00,3.878946555437909449e+00,3.474508031167272915e+00,2.783901698860104634e+00
3.561862657291699819e+00,3.437748755697112468e+00,2.878271290378625391e+00,4.732751576855019238e+00,2.656086625644126453e+00,4.174395296560013513e+00
3.967573635102852769e+00,5.642467219991600835e+00,3.298883707525739784e+00,2.609964215365335960e+00,2.197114861348126169e-01,2.161260114204797578e+00
2.627985941521874036e+00,7.432605673513196010e+00,7.314519723723157618e+00,2.678514107523482402e+00,3.142742210495729438e+00,3.974632004656319495e+00
2.851189521820475470e+00,5.675772167106247323e+00,4.657291511902529990e+00,9.988426936982683912e-01,1.997583624298956195e+00,2.001770515203351142e+00
6.578658581080180312e+00,8.714263238276721779e+00,7.668862072937406182e+00,2.974543430486793483e-01,4.231622234324732723e+00,5.744004871065378381e+00
5.565745716445305469e+00,7.280960775882636682e+00,5.981625295084837646e+00,6.395510061121134626e-02,2.641995779357988461e+00,3.694057534472650950e+00
3.905879998259999653e+00,6.216168211708151148e+00,5.963040273348511278e+00,7.110384409274015383e-01,4.329271312820710982e+00,4.473383974989028289e+00
2.872360299985375676e+00,3.680431401664948421e+00,3.485443883820718902e+00,2.369978422786612526e+00,4.621547767144448038e+00,1.537891677653158151e+00
3.977360310935631027e+00,4.002883450126526022e+00,5.556938896816336459e+00,1.940880786491826715e+00,3.784777534391258413e+00,3.498174893930448448e+00
2.518207089221601525e+00,4.088778283113743583e+00,1.953854955629177326e+00,1.234711216639401421e+00,1.962572618845704664e+00,5.332450312390369263e+00
3.444844516365185516e+00,6.626051255460003730e+00,2.049950490769508527e+00,2.994811034295860708e+00,2.619199156685233731e+00,3.319295948241529182e+00
4.601196257640999931e+00,6.868671986474376823e+00,4.770068269777570258e+00,8.184276735512754364e-01,2.748932500118127287e+00,4.500616615532656795e+00
4.154629087589043479e+00,7.635832503966970108e+00,2.501563211410008147e+00,3.472146768896152036e+00,2.826998172939835463e+00,3.491913875250999943e+00
3.004078483405794309e+00,8.249591860608660454e+00,4.133645519348091213e+00,2.548295492513294125e+00,2.946746618825997199e+00,4.960652685533601058e+00
4.689741243208192856e+00,7.596196349956306548e+00,8.278017119551613234e+00,3.185801329145844463e+00,4.531651150590767507e+00,4.219403233290632826e+00
3.749121342201839902e+00,4.089434526894189403e+00,4.649175458321225030e+00,3.756645384523347175e-01,4.303378800645822899e+00,6.031550178706550192e+00
4.909539685432058320e+00,3.886855958892149854e+00,3.980280201180522504e+00,2.794357594970947378e+00,4.770763200671445325e+00,4.969778455988438814e+00
5.676969458571621274e+00,5.926106438618383265e+00,4.841504970603119240e+00,2.189641007987037646e+00,1.236502235023413387e+00,3.489539395060998750e+00
5.289363226259984785e+00,5.000239555993124974e+00,3.943990086406754081e+00,2.191781928955053083e+00,4.358683574484786050e+00,2.203991528782873743e+00
5.343014034940948065e+00,6.139643765931211306e+00,3.982416312130614422e+00,2.496620500572849011e+00,3.238821289731748099e+00,4.222955170447569628e+00
4.805175556040639506e+00,5.065212808057223626e+00,4.729705106133261339e+00,3.271003419470088325e+00,4.496262216208250173e+00,4.348306087013035004e+00
4.497679925641353549e+00,1.930079512442649081e+00,4.940343699494174068e+00,2.548448098040005938e+00,5.106116052401742600e+00,2.426594777829383709e+00
3.268117749145981410e+00,3.293756287323574838e-01,5.435785836381170633e+00,2.659695260714438625e+00,2.500770092262333932e+00,5.400098279007648827e+00
4.706041134616445021e+00,2.181381798909576286e+00,4.421873109107794519e+00,3.986836812527613905e+00,2.502137865722258159e+00,6.039486082431041680e+00
2.013673719291275255e+00,1.321246908981217993e+00,6.864823497542424491e+00,4.501456528744701480e+00,4.640647066563770906e+00,3.838661983711214809e+00
1.337859961274702414e+00,1.914906830690215500e+00,7.336954641930368837e+00,5.222881886321777856e+00,4.028658250096665228e+00,4.744703977985325949e+00
1.991888441001747001e+00,1.199900584288575267e+00,6.714095597206482857e+00,4.467494184958503922e+00,1.861432632286374789e+00,5.435471446505648174e+00
0.000000000000000000e+00,0.000000000000000000e+00,0.000000000000000000e+00,0.000000000000000000e+00,0.000000000000000000e+00,0.000000000000000000e+00
2.695985059086408064e+00,3.371276636435549978e+00,7.095016749216625840e+00,1.704080005630524752e+00,1.609425852275771618e+00,4.212055363826570087e+00
3.624579132445588492e+00,5.823784830731325357e+00,4.738040527051738060e+00,3.369025487113200601e+00,2.357911101682837351e+00,3.571899480755274414e+00
3.678367161630894167e+00,4.109558024663999554e+00,5.680862739820196516e+00,3.535269870289257987e+00,1.558859764418371707e+00,4.896906357416636268e+00
1.767712740836386853e+00,4.592125090044353541e+00,5.350472143380274659e+00,3.036830014270542222e+00,1.297002122825056336e+00,4.501178054555306396e+00
4.632267544526381897e+00,5.861965384817425573e+00,2.122382259713888608e+00,4.205393838624069680e+00,2.267027692232580272e+00,3.237310021402966864e+00
5.156196357572511602e+00,7.474484662322446127e+00,3.524580699873385292e+00,3.717201718366665020e+00,4.738106474218469089e+00,5.174266320930922980e+00
5.641108085706646236e+00,8.945201444363906518e+00,3.011032629990140208e+00,2.308256960669616831e+00,4.362248144959898433e+00,4.329278309400849345e+00
4.843198962120558448e+00,8.395398533874017133e+00,3.401095625843111314e+00,1.650484282452055140e+00,3.654438830749323408e+00,3.391909620741588416e+00
3.997407734728827045e+00,8.333457571811667464e+00,5.486359937163345357e+00,1.445197319944198533e+00,4.849335596900338885e+00,3.710128467818534226e+00
5.940513275616684297e+00,8.963338418631717985e+00,6.259198447976157098e+00,8.605578714283286246e-01,1.618563960254809420e+00,3.019211605509063201e+00
0.000000000000000000e+00,0.000000000000000000e+00,0.000000000000000000e+00,0.000000000000000000e+00,0.000000000000000000e+00,0.000000000000000000e+00
5.935622137031611345e+00,1.244187194877346592e+01,3.574238725943010841e+00,4.483471783763781637e-01,2.067121257481740138e+00,4.107226051608248163e+00
4.155276462164911422e+00,1.085781644839880045e+01,3.374156107015166661e+00,1.794841758890722616e+00,4.780203054289994036e+00,3.729466618740608919e+00
4.519212761102298082e+00,7.239020633710932628e+00,4.595774067374223115e+00,2.581727230930625616e+00,1.476610167436949173e+00,5.907959725264862350e+00
1.442920566102791735e+00,6.104053369636012860e+00,9.293474925490087912e+00,3.836965102936335192e+00,4.833823563945187196e+00,6.403954563837300995e+00
2.535765799658913799e+00,3.801791908061059821e+00,6.973809598406521815e+00,4.745780990618962747e+00,3.542390967103288713e+00,5.084635892177820082e+00
2.468476624906891903e+00,3.714330756133866540e+00,6.751564585337314739e+00,3.934636763526937475e+00,4.193168592583351284e+00,1.803215985187717862e+00
1.575113236594997357e+00,3.216145121393196415e+00,6.720541181130629482e+00,4.292643052189788477e+00,2.623018946210754709e+00,2.898211986173683918e+00
2.289964553365576805e+00,4.125536396998754185e+00,7.026933262957120618e+00,1.685774491801526498e+00,3.034935053370750424e+00,4.338775023890668159e+00
2.712449146343710371e+00,4.470611722607428895e+00,5.908455215599921928e+00,2.413958936416206846e+00,2.531664999364507285e+00,4.564334281703007257e+00
4.795927213710182713e+00,5.752647174226449778e+00,5.537599916997469229e+00,2.129101420691636548e+00,3.365230929228009593e+00,4.069559676420177574e+00
4.702141375344192298e+00,5.212204199509906211e+00,4.936611929728135451e+00,3.542876876021074040e+00,2.526742809507071641e+00,5.424705373671026898e+00
4.323335696862161015e+00,5.655600609382142707e+00,3.986136806478573824e+00,9.908645491454848298e-02,1.693159889540744256e+00,3.637144136428827501e+00
6.643004790478078903e+00,8.775111386025557181e+00,7.877068079224605057e-01,7.026017806859927717e-01,1.540265488685237827e+00,4.048160550554861459e+00
4.312400643394283861e+00,4.867005434263111496e+00,6.773168912153108678e+00,3.581082237198505158e+00,5.387049287090361460e+00,2.406581948606454802e+00
2.952283903660779973e+00,4.161314929733570089e+00,6.935142687022302077e+00,1.294168640006840842e+00,2.513730440534002852e+00,6.116523765942751822e+00
3.202958590110042802e+00,5.843250965968769250e+00,5.660802919809098555e+00,2.912914825942030994e+00,6.060369044224279023e+00,1.803571984045843735e+00
1.265707434089677230e+00,5.635422046257310136e-01,5.551968676301065386e+00,3.571587021882170809e+00,4.212700918988040222e+00,4.119120730440020139e+00
1.635280605771323170e+00,8.238859530682289822e-01,5.663097358675269533e+00,4.124594031155274010e+00,2.389639964671864902e+00,4.761072913916457594e+00
9.439465515115172956e-01,5.993923191191763422e-02,4.019324846297111620e+00,5.453921313370658552e+00,1.762525003452800165e+00,3.509853940769220415e+00
2.892561900719954338e-01,3.329021179050628554e-01,4.355425378104995637e+00,7.372980984400814286e+00,4.126115020537932665e+00,4.513366273005673612e+00
0.000000000000000000e+00,0.000000000000000000e+00,0.000000000000000000e+00,0.000000000000000000e+00,0.000000000000000000e+00,0.000000000000000000e+00
0.000000000000000000e+00,0.000000000000000000e+00,0.000000000000000000e+00,0.000000000000000000e+00,0.000000000000000000e+00,0.000000000000000000e+00
2.194780046392931450e+00,2.134257114364068730e+00,3.669832858905476947e+00,5.116980238490057786e+00,3.275787205553430947e+00,1.092948930650313955e+00
3.185022296052586910e+00,3.496709611958928043e+00,3.477741490420193315e+00,4.248456414816681459e+00,5.147822618009893603e+00,6.053101768006291294e+00
4.002135371508879658e+00,2.284044729120254136e+00,2.102154312505621903e-01,2.417987607532811722e+00,3.123762016825970989e+00,4.842582059250910120e+00
3.254651805516680874e+00,4.517968858141180988e+00,2.231950253198955458e+00,4.246932947730654995e+00,1.943328215160691874e+00,3.843816849023737880e+00
1.191815747310078333e+00,2.062185138817541841e+00,4.378778028618071083e+00,4.829918658778251661e+00,4.507263325466836612e+00,6.025605003502310986e+00
0.000000000000000000e+00,0.000000000000000000e+00,0.000000000000000000e+00,0.000000000000000000e+00,0.000000000000000000e+00,0.000000000000000000e+00
3.317860021828823225e+00,2.772819944443436491e+00,4.088436063932275211e+00,2.810732621167027379e+00,3.104356153464821411e+00,4.374804938959745648e+00
1.810854114655938263e+00,2.940940366472496237e+00,6.235255258966493130e+00,3.978814770147512281e+00,3.241871193434471277e+00,3.957052982210067960e+00
2.563929718126765955e+00,3.255516077484573056e+00,4.298956297572167351e+00,3.423569913205845694e+00,1.804393780918852608e+00,5.994224348451787421e+00
0.000000000000000000e+00,0.000000000000000000e+00,0.000000000000000000e+00,0.000000000000000000e+00,0.000000000000000000e+00,0.000000000000000000e+00
0.000000000000000000e+00,0.000000000000000000e+00,0.000000000000000000e+00,0.000000000000000000e+00,0.000000000000000000e+00,0.000000000000000000e+00
0.000000000000000000e+00,0.000000000000000000e+00,0.000000000000000000e+00,0.000000000000000000e+00,0.000000000000000000e+00,0.000000000000000000e+00
6.517847756936840931e-01,2.012257752671043676e+00,4.099408868910032311e+00,6.668867332585762142e+00,2.612031394456487909e+00,3.730880375529060711e+00
2.654887682954770511e+00,5.811987041028181977e+00,4.697505880746043694e+00,3.440047010681136719e+00,1.177651281641139747e+00,3.915209277070524685e+00
4.525903836428680549e+00,7.332713317612856940e+00,3.930883303136015527e+00,2.986248852702775736e+00,2.944403647567151783e+00,5.792615605063415885e+00
5.754039840161496500e+00,8.679219576344600284e+00,4.394412823543331292e+00,1.086118661254038109e+00,3.239533531868292293e+00,3.338499772464865956e+00
3.916941607476439824e+00,6.928560616874079869e+00,4.873885991410474183e+00,2.497530909936408694e+00,2.407686933011892627e+00,6.250189072339906282e+00
2.786865024886521880e+00,4.414500177716414342e+00,6.032939600441222794e+00,2.901887291588195694e+00,1.457154667907703205e+00,4.178408738912580134e+00
7.819192454776073831e-01,4.165419931440073498e+00,3.272567591157365285e+00,3.813180629768181173e+00,2.862109282132871080e+00,4.012327529591271258e+00
1.876233795017078876e+00,4.167186934525367370e+00,4.398841065928505323e+00,3.302275617288248810e+00,1.862355096806876498e+00,2.111804898092859428e+00
3.440759220691844700e+00,2.685281399110454714e+00,4.242970579317517199e+00,3.548898586701241253e+00,3.936285653811628205e+00,4.831655182688655792e+00
3.255521740100280503e+00,2.481379142318406394e+00,5.711667267108062163e+00,1.909000811516842422e+00,1.283777031921347733e+00,3.282615694178788068e+00
3.718294521715507894e+00,3.186597070129090437e+00,6.382433891247053737e+00,3.173796879652327707e+00,3.468809720239127703e+00,5.290529640354709962e+00
3.442659716278327231e+00,1.736813424154886487e+00,6.849931381656611862e+00,3.912219789974139772e+00,5.209369503059875228e+00,4.881186600356020477e+00
3.834766013347102209e+00,2.756491761360988946e+00,5.591870011720800449e+00,2.841204720186567556e-01,2.794178684363375798e+00,4.264927033741090057e+00
3.255856377717247341e+00,2.431077521693002730e+00,7.604512611615614759e+00,4.592004079412674855e+00,5.153146684236830311e+00,7.517048956103895563e+00
2.778683449296601715e+00,1.986608601280341446e+00,7.943721216794768836e+00,5.759303376491358151e-01,2.130491274790602407e+00,4.698351688119841718e+00
3.224317241239325060e+00,4.498482485175409273e+00,6.584101448591508365e+00,2.462362305910775984e+00,2.670649134373595412e+00,4.028437368234043525e+00
2.833952572899149036e+00,2.620639651503843481e+00,5.763895796818492734e+00,4.885470673516683959e+00,3.445786596003708180e+00,5.255332190349008670e+00
2.646095903930877125e+00,1.059774511102102412e+00,3.419023066390680654e+00,4.364471486308900694e+00,2.909796347268216010e+00,4.509004120769984247e+00
2.843324447372103769e+00,3.263982600066566597e+00,4.186345797170792693e+00,4.614523974464885825e+00,4.997317853269658272e+00,4.100651197297704442e+00
3.181000079728872443e+00,2.091997202063624162e+00,3.505682299150791881e+00,1.354220431841578698e+00,2.297020133549644516e+00,4.677738023350080709e+00
1.246257114109933672e+00,8.158116011078289098e-01,4.230773548771296966e+00,8.158928377516815544e+00,3.729419274095059134e+00,5.504243543956329532e+00
0.000000000000000000e+00,0.000000000000000000e+00,0.000000000000000000e+00,0.000000000000000000e+00,0.000000000000000000e+00,0.000000000000000000e+00
7.924401247261476655e-01,2.962234391994714500e+00,4.046808524834902165e+00,6.458926724047055146e+00,4.040411212286349141e+00,5.931497216335504419e+00
2.123293963219207825e+00,1.573368449616503018e+00,4.718803828855767435e+00,4.860384272906606462e+00,2.574254598353432844e+00,4.331775713957648932e+00
2.841985317509278630e+00,2.803469900658994263e+00,5.125209248510926408e+00,2.591837594486975149e+00,3.812825847855083161e+00,4.373241890096514872e+00
3.536552909633774444e+00,2.032352620556439948e+00,3.183333494528003182e+00,2.056624075112170935e+00,3.612012131832381012e+00,3.736328597837922150e+00
3.658899222336422508e+00,4.413805147400902129e+00,4.157467679776599923e+00,2.484819863046184629e+00,3.255593010812375621e+00,5.133397125115298110e+00
5.042095123948522328e+00,4.926977422753775038e+00,5.455805683805031059e+00,4.309769109804630460e+00,3.846077194649457631e+00,1.950703046841450128e+00
3.714399034461516536e+00,4.932857320213208219e+00,9.500894565506499134e+00,2.461327399262585924e+00,5.198400295129832926e+00,4.329903488234432274e+00
0.000000000000000000e+00,0.000000000000000000e+00,0.000000000000000000e+00,0.000000000000000000e+00,0.000000000000000000e+00,0.000000000000000000e+00
5.748652357393531531e+00,6.875114202026878729e+00,9.234626030622020920e+00,2.860814512537375620e+00,3.951383991625529557e+00,3.390342798183734629e+00
5.585998464815746800e+00,6.145567666968705822e+00,4.678602030234075393e+00,6.980822373422856941e-01,4.101769899057063462e+00,2.614012834128271123e+00
6.785521198587410652e+00,6.758417100402750677e+00,3.770917578533285575e+00,5.050400945930784147e-01,2.239390025719105726e+00,3.958102240054805598e+00
