VR1,VR2,VR3,VR4,VR5,VR6
3.007857344870576988e+00,5.071742284656941990e+00,4.991177457246767979e+00,2.636239149129438353e+00,1.049317096240107716e+00,4.441187984155242852e+00
3.397019488240858642e+00,4.345804904506211486e+00,5.621255995933251981e+00,3.561760159202178144e+00,2.349727913609086727e+00,5.659641029785066557e+00
3.516949918342197279e+00,2.731926477371401152e+00,4.573303399130272062e+00,4.649472053101390223e+00,2.324874469398608312e+00,7.220331210870836181e+00
8.018666680869523944e-01,9.718300939193476040e-01,4.993063760209031088e+00,3.398518756822825004e+00,4.574083691311147781e+00,6.663402082821807682e+00
1.211078224218645971e+00,1.033313988802433858e+00,1.801598454434947705e+00,4.820916693144651433e+00,2.722536034268106864e+00,6.413141870856527760e+00
0.000000000000000000e+00,0.000000000000000000e+00,0.000000000000000000e+00,0.000000000000000000e+00,0.000000000000000000e+00,0.000000000000000000e+00
1.691314847646047115e+00,3.464883634743890717e+00,6.911988372062698005e+00,3.403718348423278250e+00,4.178286427824991378e+00,2.719873497034848153e+00
2.214648783695912115e+00,4.054698383222121727e+00,4.939736458409587527e+00,3.186033517226412481e+00,3.955652663573786310e+00,3.404874746739707803e+00
7.217782493942550559e-01,3.481400982210398620e+00,5.927255476603496831e+00,2.116301529744593957e+00,2.061412089141708037e+00,1.663007185307960434e+00
4.342437283683364235e+00,1.719476934802009582e+00,8.336645374675875075e+00,3.986039686091171763e+00,2.346364603068612276e+00,3.069475643909928220e+00
1.414384592960352238e+00,2.568229914595394625e+00,1.057903208298930586e+00,5.360265312194172793e+00,1.518356294883555613e+00,6.067801589790789762e+00
1.783495557962057276e+00,3.982659145252172905e+00,6.796921902501912527e+00,7.646156413828706810e+00,2.543482984660242252e+00,6.360422624572793282e+00
1.776826414160096235e+00,1.561510118536561409e+00,6.787155708733349613e+00,5.849766854964775220e+00,2.293586354970634122e+00,5.438455220584716088e+00
1.135094476096432103e+00,3.441179579850061288e+00,4.922630745519427364e+00,6.599714270985855613e+00,3.064245840077561400e+00,5.066133660652407222e+00
1.738251745332422438e+00,3.392113759702085396e+00,5.832589435051293236e+00,6.605460322696225184e+00,3.067924999154150179e+00,4.653287423892182417e+00
3.117689233351093492e+00,2.525302955183850617e+00,5.630578064115629111e+00,6.836560143543469081e+00,2.197384681716730626e+00,4.768672130564857170e+00
1.736231583395086764e+00,1.658191138660831898e+00,6.055761062026746799e+00,5.299093517065806225e+00,3.216513574660363251e+00,6.771898112546370641e+00
2.690518585451195932e-01,3.977558247696521221e+00,6.830614093344070881e+00,4.437605604233539225e+00,2.503656608363039382e+00,6.430939517424381968e+00
2.220659677597033088e+00,3.218707835494423630e+00,3.924115248801846700e+00,4.865698031807615287e+00,3.543311438743363517e+00,5.070472229105461359e+00
7.660783936487476353e-01,3.382996563100832965e+00,4.804255990201888871e+00,2.638044526828904779e+00,3.093556382768853030e+00,4.629606068400368812e+00
3.914615573185602493e+00,4.116898400204040520e+00,4.893418036147437533e+00,3.268718210535030533e+00,4.962182428901904530e+00,3.157236400978642443e+00
0.000000000000000000e+00,0.000000000000000000e+00,0.000000000000000000e+00,0.000000000000000000e+00,0.000000000000000000e+00,0.000000000000000000e+00
3.499682784540841585e+00,2.794718285124167423e+00,3.785049512379069725e+00,5.205478191581431879e+00,1.606790485381958788e+00,5.793115717986168534e+00
9.119389358204244012e-01,1.216100679207892332e+00,3.290895354951792307e+00,5.992395884457897282e+00,2.704457369337279982e+00,5.944932624286486167e+00
2.564615095539497069e+00,1.482476340134183390e+00,6.880383262756090801e+00,3.306725362237848298e+00,2.288950577558637622e+00,4.072552406399259972e+00
2.366944550727024588e+00,2.444219517589117707e+00,6.654486412637547588e+00,5.058905667760526192e+00,3.586198856643455279e+00,2.844071074367997554e+00
1.734657829896264936e+00,3.100808722985338051e+00,4.818084574484862159e+00,5.848334269407657438e+00,1.612771900089585486e+00,2.782894810050963841e+00
2.881501977753693211e+00,2.496313394657026841e+00,6.013427316471781303e+00,6.238890307018453818e+00,2.484828071533901728e+00,4.080773880382706054e+00
2.378606569508966206e+00,3.416177042205766234e+00,4.956910908212293521e+00,6.171009397142576347e+00,3.339559074019304408e+00,5.310963867602647603e+00
3.030922421250523691e+00,1.906487163826420694e+00,5.421645837496491538e+00,3.734373268616191677e+00,5.128447347023582736e+00,4.448146261339608110e+00
1.904472039505907155e+00,3.748987861972152391e+00,4.779735258755978045e+00,3.690137652647808686e+00,4.122057554513210320e+00,3.353588155605471854e+00
4.416190807171158639e+00,3.663677025939819920e+00,5.457738132452845115e+00,2.092507154194672481e+00,5.255756324226381615e+00,4.081125710726848155e+00
4.703918149403765625e+00,3.054304349508559113e+00,3.210799783590421619e+00,1.810254163842543118e+00,3.189230664027033146e+00,4.659700615606805485e+00
2.801694218872161635e+00,2.755863675981262695e+00,4.217545691422109222e+00,5.204132906928354174e+00,3.773820899446172383e+00,6.537702786291150758e+00
0.000000000000000000e+00,0.000000000000000000e+00,0.000000000000000000e+00,0.000000000000000000e+00,0.000000000000000000e+00,0.000000000000000000e+00
3.672892126239172050e+00,4.182754471185895717e+00,6.739213465153777172e+00,4.614741135424852203e+00,3.420337688256549935e+00,5.326971165538390451e+00
1.809653971364864944e+00,4.579686924599831954e+00,2.297979925512207977e+00,4.283369743854300360e+00,2.945977086503796194e+00,3.327730236084837756e+00
2.522732750256140299e+00,4.887447049587001935e+00,4.479849026091720532e+00,3.917145570257796194e+00,2.836161333644626747e+00,2.823868283858853800e+00
4.655021536659845083e+00,6.431793930233558498e+00,4.072468333064596102e+00,4.765606443822367311e+00,3.056989544750510213e-01,4.498040667028709194e+00
2.614199692363138094e+00,3.820795433550584708e+00,3.476053738420446848e+00,6.311394678682289872e+00,5.977740469821159586e+00,2.792555061645364489e+00
9.197876578658656932e-01,3.353287176618769294e+00,3.628138242126800250e+00,4.315418300256133932e+00,1.934728644741301018e+00,2.540317889678009422e+00
2.599712983389184107e+00,3.325060638173110927e+00,6.697083293731016518e+00,3.532712344768525803e+00,3.117732165705935365e+00,2.149995926383734712e+00
2.476920003083315613e+00,3.689105968114839929e+00,3.218931627091031089e+00,6.068841963438361020e+00,4.630799776195248185e+00,4.729680293692609006e+00
4.116980344837600114e+00,2.162093871027077618e+00,3.884903691722026764e+00,6.099407713772459161e+00,4.654069897329350169e+00,1.749215673629652468e+00
3.744075506675373699e+00,2.880470289423950891e+00,5.067651340634913737e+00,4.675781685201497950e+00,3.549089574966060479e+00,6.381820012933210329e-01
3.404906722986334344e+00,4.311725979039211509e+00,4.816129074523349374e+00,5.037895929099959424e+00,3.482761884566466293e+00,2.133388413829074626e+00
3.499194561386860247e+00,2.890537123134258479e+00,1.010690170416696620e+00,4.476951348524788266e+00,2.878961183830694548e+00,4.808247765890618197e+00
2.736115099530049832e+00,2.218468470108440727e+00,4.450506520659760490e+00,4.594978517639418669e+00,1.553391342956387922e+00,4.414469273417258144e+00
3.227452280633547055e+00,4.894323070268875142e+00,5.895555410306107191e+00,5.271871972556787966e+00,1.992426496340179876e+00,7.100882394324040447e+00
1.582242486034391105e+00,2.585031659577200713e+00,4.380614397071182609e+00,4.473558851885444554e+00,1.718077074601249921e+00,6.088536677176792367e+00
2.015351619836266650e+00,3.799463107339525525e+00,4.429667530833539146e+00,4.878861230015930417e+00,2.333872360919215350e+00,5.794521419254551553e+00
1.796696273281957357e+00,5.229600608853974819e+00,5.331154908492339750e+00,5.410546489253173164e+00,1.772007250274314050e+00,5.159440858054176182e+00
3.274812383158010931e+00,4.253305204252968430e+00,4.766812980294337976e+00,6.683140495823149507e+00,3.395997535892872676e+00,2.945215113075662750e+00
2.070712638909119718e+00,2.550699114396845157e+00,3.671407739879255061e+00,7.154630131192869058e+00,2.459090336900940699e+00,5.410902518243130288e+00
2.533297695266565785e+00,6.104654243596839613e+00,5.757664213014281884e+00,6.644834518756271180e+00,3.714616348543422042e+00,5.385146640767429105e+00
2.558359620841033966e+00,3.913454684925346427e+00,5.029173643231940716e+00,5.484213726438342817e+00,4.969261037078395837e+00,3.420127141887511435e+00
1.277938954557421125e+00,2.132584161509404108e+00,6.569310124138477924e+00,4.324253466154413417e+00,2.031231637061532425e+00,3.311726007844406183e+00
2.561650572654957880e+00,4.865322652141384374e+00,5.286884254463301680e+00,3.465332375972497658e+00,3.217716693214069501e+00,4.092504431137094834e+00
4.521922299003930057e+00,1.886496623352995616e+00,4.276424076231422511e+00,5.744187307757332661e+00,3.431279614366181896e+00,4.170472383734217026e+00
4.799774537352817561e+00,2.972180207584580014e+00,3.988776294193290717e+00,3.429960508241043371e+00,4.000135213440202619e+00,3.552665151909210284e+00
0.000000000000000000e+00,0.000000000000000000e+00,0.000000000000000000e+00,0.000000000000000000e+00,0.000000000000000000e+00,0.000000000000000000e+00
2.187976661704628345e+00,2.253327775566855706e+00,6.351130848835897069e+00,3.372711293675230593e+00,3.882719054777700851e+00,2.294150039433868749e+00
2.632755496059400180e+00,2.357654090751764020e+00,5.361082126914784141e+00,4.426637449944268887e+00,3.054289528129466191e+00,4.185394592619596565e+00
2.098950397815792623e+00,2.439315238082582660e+00,5.814021994039707764e+00,2.225453139716041306e+00,2.866699173883439755e+00,5.082335298760549236e+00
1.230324921187650578e+00,3.744584017631472417e+00,5.552090815764854526e+00,5.460994160140976383e+00,1.742419372142185008e+00,5.798509233632888282e+00
2.085770395912717845e+00,3.282406478649419590e+00,5.914312116533806396e+00,5.084612537898239637e+00,3.508526484670205114e+00,3.997794129659894669e+00
2.833168621031600942e+00,3.270360348766126357e+00,2.117219314913415307e+00,5.466493003257754779e+00,3.047737507963511838e+00,2.928974909522311876e+00
5.058529278092310122e+00,3.357047790152883238e+00,4.974178217885616426e+00,5.511867435478153610e+00,8.418892028651936421e-01,2.305790498421476542e+00
4.345805395737471599e+00,3.360495577391027222e+00,3.107663575547867651e+00,4.709391538800720589e+00,6.411465035246472155e+00,2.764549233410041662e+00
3.646719433545006606e+00,3.078743258831687868e+00,4.397150818639698144e+00,5.277324048195527695e+00,2.142713371103120323e+00,4.447023273843498714e+00
2.527204583285491246e+00,1.350834257609625944e+00,4.916720192761497188e+00,4.228633276842370670e+00,5.339855221981717470e+00,2.645552203206981368e+00
4.366385715907893150e+00,1.813234887270734008e+00,4.756592314962732715e+00,5.581351478629262175e+00,1.733840155868026311e+00,3.597836159790203325e+00
9.139834896350909066e-01,4.273305626922797806e+00,2.606810916662989364e+00,5.583230146492693891e+00,2.846953737497883274e+00,3.378480652326225631e+00
4.776430480500073017e+00,1.531799151580087504e+00,6.186879451337603975e+00,4.085781512516812874e+00,2.817002211753176333e+00,3.896217006009970785e+00
2.997168742861846980e+00,1.670474265278941495e+00,3.397277975679938944e+00,1.610883576210244694e+00,3.296558407998411155e-01,5.113919318248302481e+00
4.377390367831599960e+00,3.118391873329073860e-04,5.402711555576809488e+00,1.076031010552156886e+00,3.056547888168538840e+00,4.463710593653876124e+00
3.928797929333405214e+00,1.391234835792062086e+00,6.505731056544286517e+00,2.727573294874221510e+00,3.529742973868190248e+00,3.356614083887297983e+00
3.156717283710172683e+00,1.065795507483538573e+00,1.628493236437726477e+00,5.606587234232752515e+00,3.215909878032308100e+00,5.486147024520453996e+00
2.447822834934359815e+00,2.115024107048135260e+00,3.129036641776221650e+00,6.989735902377171683e+00,3.649748810404960686e+00,4.315470485804564937e+00
2.493356186095954552e+00,3.731563908069635005e+00,5.240326047291542721e+00,2.877465514414506043e+00,3.905124728340500617e+00,2.504521723447685755e+00
2.329753201101330440e+00,3.324487564115711002e+00,4.070641581659865338e+00,4.285128756637621272e+00,4.912834227192214520e+00,2.530567271741518631e+00
1.606271934545056235e+00,4.514263915528579751e+00,4.753029620223744089e+00,2.794567849426976558e+00,1.417810120278024444e+00,8.020121203493051354e-01
3.883347238734533580e+00,3.455070728464714414e+00,5.422798736744201875e+00,4.296246005614954733e+00,4.754183009866034482e+00,1.491780183094059797e+00
3.434880675554066176e+00,4.345395628466669713e+00,6.050918521035512754e+00,2.630310580914499763e+00,1.692474194784243213e+00,2.679164937375998257e+00
1.003364885044424337e+00,4.269019802056222446e+00,3.828922188403119264e+00,2.933751202785035872e+00,1.134664241857086253e+00,4.357350639430885408e+00
1.427065694433595322e+00,2.074281390614396869e+00,5.746433256079143348e+00,4.253925828468434034e+00,4.711066028082503188e+00,3.871171640588612739e+00
1.857959605233181710e+00,1.907273732716866288e+00,5.075517789606955432e+00,5.105844892274978619e+00,5.155600517180753073e+00,5.128696107105397139e+00
2.935914897459419137e+00,1.404599989610717969e+00,6.791286044899990770e+00,2.803563843537338229e+00,2.664803162638166079e+00,2.352337732021813288e+00
2.500068539998620221e+00,2.672700781095586287e+00,4.565678872548530443e+00,3.849257739295792291e+00,4.093378931411185029e+00,2.480820848563239700e+00
4.694008564636888536e+00,2.291372838824233149e+00,6.387504139929886193e+00,3.563396885758995491e+00,3.958880091313914384e+00,2.474544323444435978e+00
1.910936843298918220e+00,3.917346142379090956e+00,2.601545778950006493e+00,4.374440384789575198e+00,3.293729830966026118e+00,1.131381305966826289e+00
4.883036383022803406e+00,3.952216616187794962e+00,4.642172994951494935e+00,5.106952484020228944e+00,1.018944892302955818e+00,3.000054596220430803e+00
2.988118162461995908e+00,4.263854431118904387e+00,4.802891892567164867e+00,4.731039261203216384e+00,3.578992060977372880e+00,4.845479446498495157e+00
0.000000000000000000e+00,0.000000000000000000e+00,0.000000000000000000e+00,0.000000000000000000e+00,0.000000000000000000e+00,0.000000000000000000e+00
1.888490596515181918e+00,3.998632494237925439e+00,5.321294162376387860e+00,2.453823487370752510e+00,5.539377259421680577e+00,1.906298666088677596e+00
3.456652376751280009e+00,4.830334977710013966e+00,2.491747387319608986e+00,3.526629738173668205e+00,2.340914911074651883e+00,4.740652036632966748e+00
2.519413939276792913e+00,3.919494967151177178e+00,3.087238186132077900e+00,4.386377035366541222e+00,3.114024978638664010e+00,7.093036302580441266e+00
8.370960578157751186e-01,2.521056514916891533e+00,6.838597790821426159e+00,5.382953121729721957e+00,3.650873742142592082e+00,6.556437712066567336e+00
4.370387069079720632e+00,2.948107769934666944e+00,5.436231801039123290e+00,4.130307615755354433e+00,1.420360524146657921e+00,5.227053802370905444e+00
2.108061354426926659e+00,2.614553905917681220e+00,3.633779369500735879e+00,4.439924036757374459e+00,4.337642083434544382e+00,4.000285932681046930e+00
1.300777910543454929e+00,3.620418261936563908e+00,5.305128284592911747e+00,3.981946675782973344e+00,3.269256494529695356e+00,4.899358530523072019e+00
3.687926861710929316e+00,3.791237488864198202e+00,5.619339545741310005e+00,4.590772247244949256e+00,3.654914959202493208e+00,2.977223474621227162e+00
1.449837763163259741e+00,2.833994230106347434e+00,3.137173464670787837e+00,2.938723512045922526e+00,3.651119071401824012e+00,5.264731163648262324e+00
1.600678929327444600e+00,2.644195010631873899e+00,7.043949024397461400e+00,4.706964658168481641e+00,3.234261183909094228e+00,5.998837226290850921e+00
4.248400071050253413e-01,8.219428938577553190e-01,5.688809817049252260e+00,2.642058343528993269e+00,4.067875910144769236e-01,5.388067858068703586e+00
1.481764522770281367e+00,1.025667516479864094e+00,5.972949526842311840e+00,3.842329577954013864e+00,9.387166237787529788e-01,5.586652959043924227e+00
1.616316361504858135e+00,2.205147937345206977e+00,4.111524568907192645e+00,3.989646875662772540e+00,3.854824718709690679e+00,4.485726218217452654e+00
1.189544198607061176e+00,3.887620734242632103e+00,5.453735529878082744e+00,2.800410523997831191e+00,4.131857417988255676e+00,6.172365976357480299e+00
2.503214946550819775e+00,4.345511735683761145e+00,4.887287751601922636e+00,2.509351506486131811e+00,2.314494316620104186e+00,7.206611476544273032e+00
2.678182684138368685e+00,2.256707700125719640e+00,5.412146124127683144e+00,3.182462291089790618e+00,1.560348175636829815e+00,6.785153732800962345e+00
1.768102717093696929e+00,7.167608820157100880e-02,4.658916286064090251e+00,4.481604390176658015e+00,1.565294168773337491e+00,4.193431452082194255e+00
1.509176238678175963e+00,6.509267328927950125e-01,2.872213566214487201e+00,4.711232082684256639e+00,3.871826747231008170e+00,5.322658234936991306e+00
0.000000000000000000e+00,0.000000000000000000e+00,0.000000000000000000e+00,0.000000000000000000e+00,0.000000000000000000e+00,0.000000000000000000e+00
1.221313145082000506e+00,6.020331190634098384e-01,2.206232070770221210e+00,6.320110743655046548e+00,3.404735715948575603e+00,5.587965357548298151e+00
0.000000000000000000e+00,0.000000000000000000e+00,0.000000000000000000e+00,0.000000000000000000e+00,0.000000000000000000e+00,0.000000000000000000e+00
2.531294870160645694e+00,4.148169594268154015e-01,7.180400875329756794e+00,3.088223114128302527e+00,4.296880275161563567e+00,1.559072421048746993e+00
2.733906917863858865e+00,3.378828456294426630e+00,5.479834961846190566e+00,8.684807769814542056e-01,5.659899758556607097e+00,2.342807638569457396e-01
3.230839377655272404e+00,2.016871966534548477e+00,8.819569626305149512e+00,2.026416344367838462e-01,5.275090850259532615e+00,7.631531018692419011e-01
4.619822657479179639e+00,4.103652190404902811e+00,2.758745023779546113e+00,2.198715960853901308e+00,2.861396352371623930e+00,3.651642905744667544e-01
4.738889293404393577e+00,2.064113806975449883e+00,4.378497029345826519e+00,3.173913953946328803e+00,3.266350814363991439e+00,1.783852174890550923e+00
5.133995853467717474e+00,2.748527960642374701e+00,4.485309888198098172e+00,5.234609488957728374e+00,5.215369202970059348e+00,3.309348807990158736e+00
3.758947974026317418e+00,3.632840357440455747e+00,3.677230053747310379e+00,4.332300373197322862e+00,3.598948912751993578e+00,4.336839581660044907e+00
1.474932839043039401e+00,1.209663440144185698e+00,4.178593163797238219e+00,3.882119891439905768e+00,3.318191674504906707e+00,3.988393304127490158e+00
1.287790319726107358e+00,2.669184002658913979e+00,6.765789110812933771e+00,3.227659951509769254e+00,5.053565526015382225e+00,3.211975955598147081e+00
1.931700374588831259e+00,3.402904119092740487e+00,4.649567226212373505e+00,4.326455143538927572e+00,3.497369786483232712e+00,2.632979500866196254e+00
4.055586792882279745e+00,5.707274644392459351e-01,5.294426363678724101e+00,3.215502030452956017e+00,2.535026329767759101e+00,3.152559043395278149e+00
4.275109800758915668e+00,1.757830240412101785e+00,3.936257819770016653e+00,4.986557620425766224e+00,3.116068413869862219e+00,4.319503328120559260e+00
2.152477969818713976e+00,1.608613862395758431e+00,5.268882392439805606e+00,3.409230960118141418e+00,2.885727986818808599e+00,3.977813306620228584e+00
5.638350882095316763e+00,3.564647668826862681e+00,7.429545992912434116e+00,5.410945545741588703e+00,4.207054909464245540e+00,3.466372340526691520e+00
2.904725892477966642e+00,5.601269212277677489e+00,5.644273049161753875e+00,2.284278743417383684e+00,4.221198186526541996e+00,2.190244689747843143e+00
2.694635850455521897e+00,4.359372000469527109e+00,6.092025877499662734e+00,3.929404487890324038e+00,4.210062792299950729e+00,4.953316812581121553e+00
4.550021570003206506e-01,4.793640319069833566e+00,5.204968269456236918e+00,3.233950063487379012e+00,5.098339554930777950e+00,5.076837478798307934e+00
3.097429532551763121e+00,3.816750787070021911e+00,6.328197353422705618e+00,1.681288842064669442e+00,3.201074979608691695e+00,7.138516284572396842e+00
2.690048755320135321e+00,4.043590969330242757e+00,4.424430888485898272e+00,1.615247494472074941e+00,2.935453209363122706e+00,7.491221503076429755e+00
1.582740846799429280e+00,3.180148484666031727e+00,6.513587441584447468e+00,1.869529587861536779e+00,4.809425422910082126e+00,5.134575769460127503e+00
9.124213592879852897e-01,2.820801828131275002e+00,7.735106920685915100e+00,1.932396208534006732e+00,3.845442576546604929e+00,5.319384045582710385e+00
1.328346690642114858e+00,2.013272020653733563e+00,6.749181733339140621e+00,1.789636862373761517e+00,2.320806125116451568e+00,5.706144755186942419e+00
2.050955384994713526e+00,2.331001994964507773e-01,6.579171524196324228e+00,2.725075306804793929e+00,3.616492082508948602e+00,5.321765811798378820e+00
0.000000000000000000e+00,0.000000000000000000e+00,0.000000000000000000e+00,0.000000000000000000e+00,0.000000000000000000e+00,0.000000000000000000e+00
2.770730190010906924e+00,3.104040903370254512e+00,4.507026907280783590e+00,2.122531743120422920e+00,3.309331817307567647e+00,2.490435754757855946e+00
3.621807805126622704e+00,2.439133314703526345e+00,3.198761603561569800e+00,2.569785636847804255e+00,4.917973890346627464e+00,2.215727297964766862e+00
3.980077555945428003e+00,3.521697971297256036e+00,4.503996093806017953e+00,7.271491026503533739e-01,4.935647453871741419e+00,2.626986072411301887e+00
5.015443990702445731e+00,3.759892663752082420e+00,3.964861497356043429e+00,2.766407676491770662e+00,2.954352880754431254e+00,4.795786813186066588e+00
4.608346055031656618e+00,3.989085966061398647e+00,2.862254560599970077e+00,5.190329193289636933e+00,2.070555730890502044e+00,5.083521446544424727e+00
3.293787117040721135e+00,3.174106442786087001e+00,4.435587704505380202e+00,3.945051264604929386e+00,1.229518218016460107e+00,4.002210678614060768e+00
3.240568793405905090e+00,1.911157020809065576e+00,6.105501501357228911e+00,6.494431705043415270e+00,2.669817380587158340e+00,5.677298023731262688e+00
1.962373679107950908e+00,3.819359194865848295e+00,2.974395717175021048e+00,4.426041931934207696e+00,2.604055372756109321e+00,3.703939597210331502e+00
3.248925780269416030e+00,4.876279109513543375e+00,4.542915323956833618e+00,3.845560208255079715e+00,2.239301207428907148e+00,4.046014663628341168e+00
3.265669723649886613e+00,6.260516010199623338e+00,4.753746498480064808e+00,5.736424794376138614e+00,2.346678502627735252e+00,1.922506765543026575e+00
0.000000000000000000e+00,0.000000000000000000e+00,0.000000000000000000e+00,0.000000000000000000e+00,0.000000000000000000e+00,0.000000000000000000e+00
