VR1,VR2,VR3,VR4,VR5,VR6
2.452779705745655292e+00,4.320882441086452808e+00,8.117508991459226664e+00,6.675428131017625333e+00,5.764583114238297057e+00,6.124282341733232826e+00
2.149126966299458541e+00,3.692631275676748537e+00,7.064690976876154771e+00,5.474497407818631700e+00,3.223660001030618449e+00,4.377570513335111713e+00
5.020463967889527979e+00,4.538192176424102442e+00,6.720910076813508383e+00,4.745592794424490002e+00,4.110581042118528927e+00,4.981352881941265132e+00
1.176343099652998880e-01,3.415684180267842596e+00,5.513801765248219411e+00,3.712704894590868498e+00,2.638419369051624663e+00,5.155112136411727164e+00
2.742760349047120627e+00,1.342556147232975672e+00,2.485779788620750441e+00,2.881492371912695916e+00,3.228019825656767594e+00,5.162924736362886513e+00
2.521535095756777700e+00,1.448766094569576612e+00,8.114889293483864563e+00,7.354455356449353332e+00,5.054876907863689262e+00,5.476959407049602824e+00
5.046565651751104831e-01,2.758524044676803122e+00,4.685316266664024454e+00,4.253877394958363922e+00,4.855252333554298971e+00,5.831495452089922260e+00
1.702405966701301621e+00,2.057534934146818095e+00,4.706045553300775452e+00,5.087219291693420686e+00,2.994226191907634949e+00,5.445050244843162801e+00
2.230810111308774601e+00,2.363693447204578746e+00,3.284331087849861941e+00,3.156389293499342052e+00,5.161842763063293482e-01,3.003058222517822617e+00
3.522394985308960447e+00,4.647767082656068638e+00,5.966250923975464637e+00,5.325040384799585524e+00,1.965823610712625902e+00,3.716483582828046472e+00
2.282981777101569243e+00,4.059080249964668319e+00,5.676270765446612465e+00,4.600921041490806829e+00,2.532129042266650032e+00,3.855868846797688487e+00
2.483424989664916094e+00,2.680378547642657594e+00,5.788496114579020357e+00,3.632328973680138962e+00,3.618330054910044780e+00,3.366366701100385495e+00
9.441551350672310328e-01,2.854589254173418134e+00,4.819583863161907900e+00,3.771224139146361232e+00,3.381319788537376247e+00,4.352078967350123229e+00
1.949909932106017152e+00,2.790479029845627235e+00,5.886641087215857659e+00,2.585698749954806530e+00,2.782357062405456993e+00,2.913744665246356114e+00
4.369075454385596302e+00,3.701095451815704429e+00,5.295034279084507745e+00,4.212748889750733916e+00,4.161030542004055199e+00,3.536187148822257598e+00
0.000000000000000000e+00,0.000000000000000000e+00,0.000000000000000000e+00,0.000000000000000000e+00,0.000000000000000000e+00,0.000000000000000000e+00
0.000000000000000000e+00,0.000000000000000000e+00,0.000000000000000000e+00,0.000000000000000000e+00,0.000000000000000000e+00,0.000000000000000000e+00
3.431325810961297851e+00,2.651473480635732294e+00,1.931235027657617565e+00,2.504904253411590620e+00,1.544049494591625216e+00,3.780411665221091955e+00
1.547768052013456241e+00,3.711660036797980400e+00,3.817033201820660082e+00,2.094026535714038850e+00,3.069477738256133570e+00,4.128821482548358901e+00
3.565188411447535177e+00,3.920023561583608984e+00,5.537249820716199977e+00,2.897448606210721422e+00,1.330688280545068602e+00,3.311257658544558780e+00
4.406527856522821196e+00,5.062667794927836695e+00,5.140614530937036797e+00,4.128738595485772933e+00,3.938513190163646094e+00,4.585810623309678036e+00
1.502944613213167857e+00,4.353121308492344355e+00,7.568997689176556243e+00,4.257869138010421217e+00,4.062975006588052551e+00,3.220630221566930906e+00
1.509536990234499054e+00,1.400844560522663151e+00,2.870120213322870928e+00,3.691026614312153953e+00,2.148194061948876410e+00,3.633837834922450494e+00
3.850700932205217697e+00,2.724850385261109675e+00,6.715571080531974602e+00,4.513970555205508717e+00,4.412318610716297052e+00,3.168648396383549226e+00
6.522105562180895433e-01,2.460762017116881140e+00,4.238428842303124000e+00,5.074254577431823066e+00,1.285724324102301530e+00,4.773984870213724641e+00
2.917069145540408748e+00,3.080566561287283012e+00,4.535885066078112260e+00,5.894656538748607844e+00,4.773628402653106839e+00,4.504871276736372110e+00
1.644947251375856290e+00,3.148704357239579643e+00,6.061928719360118123e+00,3.918556312129865660e+00,4.509836224259604620e+00,4.360581759261160428e+00
1.337575856758447479e+00,3.921889838146242813e+00,6.691648739199112406e+00,4.463048277378694806e+00,4.759822684799888570e+00,3.230256026778723033e+00
1.874727816917910239e+00,2.987699944191154255e+00,3.633894428776689001e+00,2.002220073934090294e+00,4.780694856968796813e-01,1.955011202147877825e+00
5.290999849090320950e+00,4.899693354392020694e+00,6.629755408823777785e+00,3.950093652485411333e+00,2.676992660968716464e+00,1.546672913376940794e+00
2.890375527267007971e+00,4.942175868875065881e+00,5.947397078943858162e+00,4.491580764410914917e+00,3.174523258696013706e+00,1.830584445106465452e+00
3.144400651859638796e+00,3.791837602768005411e+00,4.698232584068612105e+00,3.215303278294498135e+00,2.780104842795084075e+00,2.552721517427580800e+00
3.785300733752477775e+00,4.902599820277091958e+00,8.330083927897632634e+00,5.983082754050050411e+00,6.643407878981056669e+00,3.273325443123297873e+00
1.857683636399922733e+00,3.730062333442216715e+00,5.844549631229731368e+00,4.206654364907168819e+00,3.219465070947083341e+00,4.589872773941315209e+00
1.480765924225998953e+00,2.292216233319875229e+00,4.926572229505466360e+00,4.829482399995064235e+00,4.134195021951311944e+00,5.837252620033636319e+00
3.073144030218975864e+00,5.025534640228690009e+00,7.100495817647321850e+00,3.572543988070652432e+00,3.306790305799539365e+00,4.436468640221180593e+00
1.205407695951530300e-01,1.454349090523531007e+00,1.666976603780854216e+00,2.237203807254730670e+00,8.088545093155241617e-01,2.591979989730478273e+00
1.655794033135648879e+00,4.192844970723772491e+00,7.142640197100147859e+00,3.461609503583603864e+00,4.090751600407630306e+00,4.733059868997605335e+00
2.524499953019581078e+00,5.282699666051254184e+00,8.493675343813942291e+00,4.486962952879983035e+00,2.732048817890919246e+00,3.932489396343885169e+00
3.534213578467476857e+00,1.451121190813507766e+00,4.315025117272043076e+00,5.202308691754915060e+00,1.977685974347917597e+00,3.171604100366375079e+00
5.309801138328102965e+00,4.262768344932631237e+00,6.253036705961038777e+00,3.881985487875421192e+00,2.442253033423177566e+00,3.795770493622638853e+00
1.919113270482865286e+00,3.202377046842606489e+00,2.662582973559270538e+00,4.197101294991065323e+00,2.929591814217145984e+00,3.647797810858149248e+00
1.366181690066221144e+00,4.017107847427711320e+00,7.092357902458251928e+00,5.046891919803012883e+00,3.963993434346881894e+00,3.024838853284947504e+00
4.926826479390550517e+00,6.040831156497446841e+00,1.000816511405802700e+01,4.009482832972580901e+00,7.487691232930642649e+00,4.351074593822424674e+00
0.000000000000000000e+00,0.000000000000000000e+00,0.000000000000000000e+00,0.000000000000000000e+00,0.000000000000000000e+00,0.000000000000000000e+00
6.058538326624528736e+00,5.775897659147012142e+00,7.624113403943597156e+00,3.200312967685938315e+00,6.509566940397546908e+00,5.609225090785505685e+00
0.000000000000000000e+00,0.000000000000000000e+00,0.000000000000000000e+00,0.000000000000000000e+00,0.000000000000000000e+00,0.000000000000000000e+00
3.039331962476127469e+00,3.640558701456315660e+00,5.056708991750628712e+00,3.138887094662798916e+00,3.969477003944214211e+00,3.061328272930209593e+00
1.855054414848726463e+00,4.036913110747837763e+00,4.227433190209807456e+00,5.534872044387648238e+00,3.974783303152109148e+00,3.668709765492682351e+00
4.037047247366616354e+00,5.887439418365289612e+00,6.171142899984737973e+00,4.837997695047445035e+00,3.090691533015974990e+00,2.283648241025397319e+00
