VR1,VR2,VR3,VR4,VR5,VR6
2.425902655315653966e+00,3.007195640676725290e+00,5.002679420352900586e+00,4.022694198821273659e+00,3.210717859742818980e+00,4.233669195549541797e+00
2.419831988961222091e+00,3.018070797848793951e+00,4.990854991093736537e+00,4.044274495500670419e+00,3.208268688161671989e+00,4.232343347783806387e+00
2.410882226613927148e+00,3.011187872066807714e+00,5.023013034274882216e+00,4.059069119984634710e+00,3.200531618518339450e+00,4.231820110443146099e+00
2.402682837579396047e+00,3.024193198746109257e+00,5.018503026334736994e+00,4.034992364217369065e+00,3.220535848595293960e+00,4.226414491891025804e+00
2.408757557496405521e+00,3.029160024470625601e+00,5.014619321643569272e+00,4.053243647974751340e+00,3.207261400336775203e+00,4.229568238762111854e+00
2.403819688385127940e+00,3.016200352519019301e+00,5.007722840456463764e+00,4.061943473696197238e+00,3.231611681725801599e+00,4.241764760556116620e+00
2.383621377057773660e+00,3.016413697780488512e+00,5.015711683952906341e+00,4.014401604126766721e+00,3.201965477702208851e+00,4.240535086824707811e+00
2.386961090643084926e+00,3.011650670850596345e+00,5.001742042955569012e+00,4.033034274052432977e+00,3.220677996000338883e+00,4.216058230293497466e+00
2.391173779351225548e+00,3.023420568197959124e+00,5.017738314823291468e+00,4.071421486328662631e+00,3.204707641030879017e+00,4.229625065780274973e+00
2.391938435258422313e+00,3.014785956290372049e+00,5.005117870735890762e+00,4.045848747490470743e+00,3.200523812155746217e+00,4.250007985821254053e+00
2.401297923899895270e+00,3.027535016299309767e+00,5.016881668765766022e+00,4.057473392276834900e+00,3.203127311835749502e+00,4.234242178176807592e+00
2.401007535343082644e+00,3.035170356204659914e+00,5.003425111235261902e+00,4.057213117051356122e+00,3.210038729576470740e+00,4.223817266339366938e+00
2.399511182951657329e+00,3.001848263400638928e+00,5.021020900815355681e+00,4.068733709810129717e+00,3.221347174668332425e+00,4.244057204912711434e+00
2.413277011329834743e+00,3.031022904390582084e+00,4.995797491771680754e+00,4.050169251088038713e+00,3.216368701443726330e+00,4.251494041174801453e+00
2.417694994064017777e+00,3.006103005063352818e+00,5.044489833087988373e+00,4.081722940569971314e+00,3.190375146097706338e+00,4.260853737304452160e+00
2.408284909288672004e+00,3.033237232531456495e+00,5.008695665525100260e+00,4.081041390819868830e+00,3.187783520769110979e+00,4.235294359939346442e+00
2.405514292881751892e+00,3.014525705545655132e+00,5.029949269365507014e+00,4.074251688540794447e+00,3.198645257550884580e+00,4.212803263665922948e+00
2.398541103568859079e+00,3.002723608271378186e+00,4.992986885919781237e+00,4.055424532423645978e+00,3.217268648368629247e+00,4.222631668012212458e+00
2.384022730894371112e+00,3.041576161284023083e+00,4.994843838084999987e+00,4.060214450400258634e+00,3.207029449169762625e+00,4.228322229156493250e+00
2.379397827256970466e+00,2.994213212918675815e+00,4.996850690966899933e+00,4.033393463211419672e+00,3.203124964321619306e+00,4.231833816918014968e+00
2.391990264240071440e+00,3.029483160667918451e+00,5.008742135469914203e+00,4.050067832779365773e+00,3.203252309523335839e+00,4.210098511551485068e+00
2.396290849219766095e+00,3.004991911379985670e+00,5.010599272819846739e+00,4.046836772456622988e+00,3.231236940462575813e+00,4.212156647046675140e+00
2.401222585483393068e+00,3.001997260244352095e+00,4.986107843751558910e+00,4.048007950033976954e+00,3.223474259816047294e+00,4.205735639458904274e+00
2.430825205496814245e+00,2.997132770467857643e+00,5.009558718650022335e+00,4.038532443616172252e+00,3.210884923691772030e+00,4.208217856317355121e+00
2.408245338486439291e+00,2.994113189334512093e+00,5.007135226833555386e+00,4.043620389118347092e+00,3.200862474674719849e+00,4.213177728257685217e+00
2.412824158893744908e+00,2.999083248230935084e+00,5.015081828371640960e+00,4.066051608415624408e+00,3.201321251724110528e+00,4.220653227983785172e+00
2.404749771426894167e+00,3.014967965828305729e+00,4.997447668353856010e+00,4.052731548874599632e+00,3.218817785647118068e+00,4.192807471579224732e+00
2.394631072966243224e+00,3.012159763933781598e+00,5.007197587708115627e+00,4.045746286273383063e+00,3.224084168391925243e+00,4.241740078579131712e+00
2.409340006140953339e+00,3.026085236098278397e+00,5.036510685189013792e+00,4.060493859117872084e+00,3.215427710083966328e+00,4.249312055850157144e+00
2.400257350872017970e+00,3.029942608552306460e+00,5.043097236665179395e+00,4.069850190411929525e+00,3.217210695790691855e+00,4.247244137757162363e+00
2.386439054664214243e+00,3.040520521149312483e+00,5.041636679833253254e+00,4.028111089577381065e+00,3.228707124880719981e+00,4.250034908584170878e+00
2.417306803382049729e+00,3.029831286653386080e+00,4.998334880971082583e+00,4.043614164450257675e+00,3.216979343081430187e+00,4.232228964122791481e+00
2.399870313474298023e+00,2.997794890321213490e+00,5.030399979642713681e+00,4.041452683287690029e+00,3.211541770364916726e+00,4.255143963445583211e+00
2.389164062792448640e+00,3.046833904339324217e+00,5.022747912230202338e+00,4.061434744089313931e+00,3.230280323395056996e+00,4.264403069671383051e+00
2.397856978255214155e+00,3.019697083833034590e+00,5.012944336771655962e+00,4.074415935987006243e+00,3.223468504034885829e+00,4.258978263800163866e+00
2.393867818546105752e+00,3.013453501386363254e+00,5.015856879941607005e+00,4.029777176639142588e+00,3.229986779365558114e+00,4.252667975542694379e+00
2.383021344544440367e+00,3.004256372286258969e+00,4.992271370312899137e+00,4.015308649708813959e+00,3.228456848073798291e+00,4.239781923865117541e+00
2.389253760497487278e+00,2.999922190539467959e+00,4.998739744463949641e+00,4.023019379139795682e+00,3.201555680566696260e+00,4.247268134983380072e+00
2.379146841268324764e+00,3.044524696525034990e+00,5.008773232154813293e+00,4.045502650854688298e+00,3.202740102933963939e+00,4.244944111602049652e+00
2.362948291791028499e+00,3.005382982819987170e+00,5.011942805771700371e+00,4.034316105356939630e+00,3.213811329971217656e+00,4.242856942433639311e+00
2.366266042750089227e+00,3.008623442012809512e+00,5.012604194124134160e+00,4.009413420675819850e+00,3.234343990922114997e+00,4.264306092830755901e+00
2.367768781720533511e+00,3.039950489283135049e+00,5.000818184908400355e+00,4.053688976151701873e+00,3.215362106690461630e+00,4.257018324464307391e+00
2.387577599487067381e+00,3.034581402366756553e+00,5.025737170632953443e+00,4.033326781107303916e+00,3.228133307797001805e+00,4.262070358299732575e+00
2.381952436314739963e+00,3.040567110380250515e+00,5.025079490191028064e+00,4.072025407467797287e+00,3.198152102853899059e+00,4.264887366736198615e+00
2.388339722131788356e+00,3.019650121424112932e+00,5.003491253250331283e+00,4.033377990889413844e+00,3.214901416985429528e+00,4.234437308804150923e+00
2.370766551631281693e+00,3.029517042519430881e+00,5.003346763969840794e+00,4.033127442078138891e+00,3.206710901272697978e+00,4.243887392367733824e+00
2.386233837938127156e+00,3.011271511742791507e+00,4.992628891057124818e+00,4.015055794190589999e+00,3.204835664664219763e+00,4.216384551391926472e+00
2.401058543904171394e+00,3.010988939332958303e+00,5.000539256421927092e+00,4.042266921409481739e+00,3.208891396693592135e+00,4.226553151750354509e+00
2.396245931963666198e+00,3.020373484367597783e+00,5.025353652388927728e+00,4.048625707249970951e+00,3.210147521020290551e+00,4.233751495635802442e+00
2.403656730282119458e+00,3.039371957166007387e+00,5.013461206353253097e+00,4.054276162617901136e+00,3.214663137500611612e+00,4.222751721215920462e+00
2.409751170444422552e+00,3.013068002471491980e+00,4.983398650675545660e+00,4.046753979485059105e+00,3.229601890926407926e+00,4.216849927216168581e+00
2.411452284654127087e+00,3.028480966481604586e+00,5.038880984454915613e+00,4.052093254352432616e+00,3.204500761357882865e+00,4.232308628356107327e+00
2.383883887289279357e+00,3.008021586445003948e+00,5.006060709501158001e+00,4.042753577314557312e+00,3.213714628853468369e+00,4.233088992153442476e+00
2.398199302633780228e+00,3.004474166034738492e+00,5.014769722992179268e+00,4.038683229653894813e+00,3.211383009283606427e+00,4.250882416009668319e+00
2.386221953840355514e+00,3.018216891139866132e+00,4.999806454359273289e+00,4.056140954661432652e+00,3.190880103879307761e+00,4.230863487362690023e+00
2.385206458395025209e+00,3.011454000323345426e+00,5.009904065273769191e+00,4.044002298232451942e+00,3.189566626309356057e+00,4.214148722065377939e+00
2.425343714300938647e+00,3.041666460433774866e+00,4.996811740869408602e+00,4.070090999029464918e+00,3.201095324737325054e+00,4.194285745200359905e+00
2.439352574944281482e+00,3.008135342646448329e+00,5.008217802094056204e+00,4.064657137456295644e+00,3.201068255588366274e+00,4.223771959591257286e+00
2.426792432269999633e+00,3.011998816415387470e+00,4.993466323954301345e+00,4.036470354317652109e+00,3.196769484974219644e+00,4.206741962620220043e+00
2.411948769412759486e+00,3.044299161883897487e+00,4.995528437165749125e+00,4.049596452768879473e+00,3.201395098372642689e+00,4.210092020964810722e+00
2.425609276586293106e+00,3.014878156123730779e+00,4.990025552568503109e+00,4.056774234195731133e+00,3.204219023790229492e+00,4.216270259663264852e+00
2.418359148206490783e+00,3.020660206715368723e+00,5.022564440318295631e+00,4.058430738209017896e+00,3.192439104640297121e+00,4.244914758374032537e+00
2.402993159720182348e+00,3.028408333740109537e+00,5.017849464361281875e+00,4.061921725384519455e+00,3.201832798648359013e+00,4.237377632470511024e+00
2.398544947734039479e+00,3.047427713783739556e+00,5.022624952786722830e+00,4.058013850194491567e+00,3.217591113834639138e+00,4.237527037080877967e+00
2.395888261788989393e+00,3.015452808150254960e+00,4.987253983935601376e+00,4.064549853912135191e+00,3.208846413764412819e+00,4.249305229364562564e+00
2.380891125835606026e+00,3.004546743555462918e+00,5.007312847521196986e+00,4.032383806275601223e+00,3.198563928423876046e+00,4.229394381415341186e+00
2.388483424132293198e+00,2.994129229195559017e+00,4.993672157269034351e+00,4.048423293278236912e+00,3.218833527341227629e+00,4.205711603604571636e+00
2.381319299069171613e+00,3.004415042270335956e+00,4.981557530441798498e+00,4.049782321325608336e+00,3.212480788372405360e+00,4.194201962889162694e+00
2.392459304482606797e+00,3.001588929048556231e+00,4.986124258401981812e+00,4.046461846720330158e+00,3.198236915527483681e+00,4.207136318255559004e+00
2.398613541008498107e+00,2.992688651496873575e+00,5.010521829358737023e+00,4.027526436728754433e+00,3.189012918898075810e+00,4.224250512172612382e+00
2.399153329509045918e+00,3.026508630456404170e+00,5.008360657232909574e+00,4.050550083644345989e+00,3.183638317097092774e+00,4.207424871834911428e+00
2.392722603064419751e+00,3.031263558323910701e+00,5.028316647740385115e+00,4.075772478779803087e+00,3.203241124949417706e+00,4.200511501303502371e+00
2.404755082934638466e+00,3.020424583672191243e+00,5.000359024425784504e+00,4.043084254067104588e+00,3.190067550766831683e+00,4.220050646171912057e+00
2.410420309273027861e+00,3.008146122594926197e+00,5.047527579424685662e+00,4.054768109546168731e+00,3.196075198192449562e+00,4.242155306262319847e+00
2.432507391851118861e+00,3.019123141841515423e+00,4.996777178057167923e+00,4.054001256108572981e+00,3.192342127148068975e+00,4.238869420916158148e+00
2.415326595155039335e+00,3.004184933446945927e+00,5.012782258287717951e+00,4.040025329974528567e+00,3.185730709389606563e+00,4.234666558090422583e+00
2.407017027752397009e+00,3.022667919270259684e+00,5.016235635230557932e+00,4.058842682017079539e+00,3.204863712875150039e+00,4.241746086937696170e+00
2.396544217567189605e+00,3.013886909531734659e+00,5.028246374811861763e+00,4.055045003517910196e+00,3.190204488892739221e+00,4.248130760497820901e+00
2.389700180569827470e+00,3.031784363244830249e+00,4.994939081595463293e+00,4.046188727083879222e+00,3.209175223902248852e+00,4.214977539190881473e+00
2.402506232906019168e+00,3.031390790093766885e+00,5.028227466289760805e+00,4.065399883643028289e+00,3.200504198440011994e+00,4.239893871081734211e+00
2.405791953512021131e+00,3.037459731278021380e+00,5.035248529327938982e+00,4.072261903277579975e+00,3.230642748999108527e+00,4.237236214166835602e+00
2.406826028646418703e+00,3.039400650698988571e+00,5.041839125629461904e+00,4.050108010418210114e+00,3.237242677997811402e+00,4.277331470540628011e+00
2.406832829367592907e+00,3.032505897831719643e+00,5.032548241645029563e+00,4.049135066139093020e+00,3.230180041353586162e+00,4.264569930752491800e+00
2.410266409127344911e+00,3.033683174222627343e+00,5.015497036276608256e+00,4.045334910487847324e+00,3.235308004839951401e+00,4.276208329277485731e+00
2.398652535461259561e+00,3.021692879640261342e+00,5.021332978321895624e+00,4.074014328553912101e+00,3.221394786748931427e+00,4.264883389127824387e+00
2.404807226437773338e+00,3.035116076948169539e+00,5.012695705938344126e+00,4.049940590068200841e+00,3.217003730347565593e+00,4.266169608984607287e+00
2.409992815121729137e+00,3.043018998074138892e+00,5.026336875220714262e+00,4.035055622668295428e+00,3.223266322743404633e+00,4.248215412756494835e+00
2.416136285237144410e+00,3.013572106218601387e+00,5.015208837758657445e+00,4.046939866953631615e+00,3.243643506137045662e+00,4.246864754710025558e+00
2.393672120817160742e+00,3.026966947384283291e+00,5.030844171282601529e+00,4.063299569236250797e+00,3.224104924133772254e+00,4.251747057190375934e+00
2.397900283039383407e+00,3.012787172701152372e+00,5.007043533620088915e+00,4.063318574843988173e+00,3.226910490938956766e+00,4.255601180072507539e+00
2.376659945366320414e+00,3.007770714539691692e+00,5.015361395610577588e+00,4.028495058152733677e+00,3.218446898706464498e+00,4.243627022140387339e+00
2.411195983401687393e+00,3.015238983198974321e+00,5.022409487070864209e+00,4.044808613878995374e+00,3.172175999208440178e+00,4.226099112460643958e+00
2.397969311973617401e+00,3.022197639311080763e+00,5.011798265255323237e+00,4.073619417141169485e+00,3.190940246370589595e+00,4.192922429989113908e+00
2.403684482235293629e+00,2.993841040893627792e+00,5.015213142228660104e+00,4.017680621240609540e+00,3.192350982066299636e+00,4.211865429988677967e+00
2.394053777657481952e+00,3.007212520360895258e+00,4.998894797195440276e+00,4.064805889713896114e+00,3.226771188937082702e+00,4.217626620127181702e+00
2.387504200076242977e+00,3.006913953542945439e+00,5.033003711777961797e+00,4.046209817438493062e+00,3.221981616102176371e+00,4.233716643082330755e+00
2.372101226336480906e+00,3.006927122603446634e+00,4.981816047459662222e+00,4.013456955157601591e+00,3.217442585964029877e+00,4.198344613509389589e+00
2.394268087706233228e+00,2.992405382853336349e+00,4.990214154906508881e+00,4.027125749126261312e+00,3.205795894633385323e+00,4.193117638219761467e+00
2.413313897071476255e+00,3.017538297753651122e+00,4.986898739885002207e+00,4.044381996885563879e+00,3.198183718414686183e+00,4.196932827609108685e+00
2.438451309185079019e+00,2.980154668759976477e+00,4.979365058896269680e+00,4.041855261796897025e+00,3.206160979919003395e+00,4.202573148657789304e+00
2.424764535993601200e+00,3.013772186088597760e+00,4.957195466453497623e+00,4.048299011267684655e+00,3.208354043933928867e+00,4.189036626597521185e+00
2.414840165689520202e+00,3.016069110074441895e+00,5.006009091693887747e+00,4.052494605289957086e+00,3.189812212778803335e+00,4.195699967556992149e+00
2.406712284592243289e+00,3.002949193471697420e+00,4.985617601797235565e+00,4.033804326643003257e+00,3.224945957509889549e+00,4.198697130092989838e+00
2.396641689256556962e+00,3.006033751908731233e+00,5.008063742255782991e+00,4.038243889248774643e+00,3.207026917021597701e+00,4.217969816098391611e+00
2.390279218174637510e+00,3.019630749535514358e+00,4.982351500907997277e+00,4.071780985637911243e+00,3.241623415651760265e+00,4.225759003910791733e+00
2.390640232174450208e+00,3.004249104884861410e+00,4.995415554380032042e+00,4.018102845554566649e+00,3.218405442077617362e+00,4.229336323407428821e+00
2.413398770171079288e+00,3.016191379313633458e+00,5.002163623368595324e+00,4.054110255700324572e+00,3.210657876751084938e+00,4.228872493837459778e+00
2.406601486776685839e+00,3.021146986083429908e+00,4.995350740629116437e+00,4.072248053972681525e+00,3.192380022297168107e+00,4.226776415542766507e+00
2.416052831317795579e+00,2.998598249087032652e+00,5.006336681395237242e+00,4.028760566380321428e+00,3.208918312149476204e+00,4.216130321229187849e+00
2.405282351490630077e+00,3.038682348163597169e+00,5.010693020692838395e+00,4.052432851577322026e+00,3.228999127618956688e+00,4.234179440503372582e+00
2.378068030211796913e+00,3.012395703512438683e+00,5.041964564352332090e+00,4.048654090906858016e+00,3.216973172176746498e+00,4.244923812132565644e+00
2.380829251734574381e+00,3.034325270366061922e+00,5.008965880849471475e+00,4.053400814062810831e+00,3.206377505598629885e+00,4.248452396914879081e+00
2.384564232159780861e+00,3.016461303672865579e+00,4.993052096683853414e+00,4.048285849915452594e+00,3.196087611023092911e+00,4.198239744835525755e+00
2.383889292224067979e+00,2.996626854225036940e+00,4.961734622759217395e+00,4.034368895976539804e+00,3.214810921588357129e+00,4.194170377011961826e+00
2.392679636463831638e+00,3.003293258754085038e+00,5.013881808725782818e+00,4.022593185749789413e+00,3.214299665937462969e+00,4.220672123672171594e+00
2.382837449827694076e+00,3.017414950730040957e+00,5.020640624799780127e+00,4.050192257651150207e+00,3.211669839890187728e+00,4.221181867230797913e+00
2.391145184947442104e+00,3.011989672674918239e+00,5.012667284447717364e+00,4.051714686457645875e+00,3.179082099541860718e+00,4.235186259009950049e+00
2.402170838342927439e+00,3.056479900508863867e+00,5.002322847914990156e+00,4.053644024598269446e+00,3.208886648002251096e+00,4.236905489614771092e+00
2.391915944700337082e+00,3.005521571946043746e+00,5.022132039766529665e+00,4.044537032746889693e+00,3.200170316381459212e+00,4.228121820948441467e+00
2.388057005594832027e+00,3.035489335131473787e+00,5.011494350602029080e+00,4.060532383299252146e+00,3.227042107410484917e+00,4.217802315803429458e+00
2.403712685706830499e+00,3.016634302213085483e+00,5.018019864508669770e+00,4.042454461404902943e+00,3.208894017021686640e+00,4.240046126505883528e+00
2.409580095007521461e+00,3.021854829491793293e+00,5.033634868500530324e+00,4.042261589424683166e+00,3.212678976140003861e+00,4.227902437858170437e+00
2.421315139864804067e+00,3.007871600428785985e+00,5.049693545578824327e+00,4.041088468939713962e+00,3.223573868799462616e+00,4.243334125686597069e+00
2.412701279853271874e+00,3.031216347366486819e+00,4.976310570017741242e+00,4.060045528324928377e+00,3.238908573554517556e+00,4.240201636442983535e+00
2.385859993793541634e+00,3.013202157974880890e+00,5.011050779443128711e+00,4.045543694958895209e+00,3.216448430831909455e+00,4.240110828016791622e+00
2.398254421612632026e+00,3.028527916607405501e+00,5.001169377592375120e+00,4.046547253809582578e+00,3.238633246939281563e+00,4.231923480194872411e+00
2.405426449885098794e+00,3.019987946888945451e+00,5.015404899808516781e+00,4.048808152122663095e+00,3.221007735944216854e+00,4.230833083842317599e+00
2.410067505044986014e+00,3.009640442446164244e+00,4.996466700391861693e+00,4.038149049342070640e+00,3.205192805240427489e+00,4.228945896592848364e+00
2.416427944813096751e+00,3.005882826418596832e+00,4.981993004226725752e+00,4.048035031225012403e+00,3.190471784159028878e+00,4.197313677693248479e+00
2.394357997726303644e+00,3.023151191987457853e+00,5.011951518344000434e+00,4.044934536750229626e+00,3.202071191839356956e+00,4.207356692734090409e+00
2.405732558075225569e+00,2.989509037780116341e+00,5.032244160927704435e+00,4.041770661295434941e+00,3.211075044316034521e+00,4.216904372383810440e+00
2.423547008430445793e+00,3.026143301876758063e+00,5.001787175669671903e+00,4.054270593099285946e+00,3.209441709934178100e+00,4.233324567791593829e+00
2.423224192815319533e+00,3.028507634851601349e+00,5.018981853627495049e+00,4.045593773274830163e+00,3.212384252783992089e+00,4.225776808875608026e+00
2.411823121852540108e+00,3.029098922722656795e+00,5.020588212712264742e+00,4.061638937006400774e+00,3.203806088888499382e+00,4.234339434984075723e+00
2.406853487077812659e+00,2.997369054679937861e+00,5.018699939252515563e+00,4.041428014979372207e+00,3.209916985488307173e+00,4.254296092359015624e+00
2.397479642155518675e+00,3.029709887177560734e+00,5.029925986557885587e+00,4.062256304743773860e+00,3.229136237049200719e+00,4.244561497820496854e+00
2.386203069446157787e+00,3.023570042977881123e+00,5.014599445430069302e+00,4.057126988326118955e+00,3.231346869987932191e+00,4.241252498352276135e+00
2.385340856834602175e+00,3.011946459356074079e+00,5.007168097606343515e+00,4.037923773138904160e+00,3.235059833514811967e+00,4.237144134003644425e+00
2.381586298431574988e+00,3.005462731154366463e+00,5.006803151678450803e+00,4.064269960586100794e+00,3.223918985893735822e+00,4.241893167893448613e+00
2.389934827614228041e+00,3.012368603679522305e+00,5.029297295677324087e+00,4.033899043538330176e+00,3.204109293661532298e+00,4.251943361565672319e+00
2.380101968744439578e+00,3.009489015306969772e+00,5.016398649436260015e+00,4.028504850235573365e+00,3.223220105986866812e+00,4.233142130423989791e+00
2.377776899431294666e+00,3.009744902303410186e+00,5.021269205489452325e+00,4.040594975377664433e+00,3.215928992858377633e+00,4.235015293661668068e+00
2.395249376177087441e+00,3.035980972785468524e+00,5.032392944814595204e+00,4.037983457142977350e+00,3.232155709905423890e+00,4.237536525923796482e+00
2.417876870058179417e+00,3.027461220216122406e+00,4.994931593207417642e+00,4.047407298591864766e+00,3.234033990331842023e+00,4.228878111012481789e+00
2.404604828828924123e+00,3.006529881205214139e+00,4.994697228902218455e+00,4.066265075249773986e+00,3.225464714988730108e+00,4.228862282103910353e+00
2.404239214161884242e+00,3.020710836873198968e+00,4.981320100614724744e+00,4.078774956378855343e+00,3.216176105367902327e+00,4.213411222521338040e+00
2.411060735450484049e+00,3.042413883196463775e+00,4.994595711444659969e+00,4.035025158749526497e+00,3.201519723776032222e+00,4.238697996870384621e+00
2.411863212384727007e+00,3.032057141568587522e+00,5.027997253692299218e+00,4.047786109339120308e+00,3.192670570543593822e+00,4.221161440078692095e+00
2.416999392982972505e+00,3.000964566979182013e+00,5.013782986491531091e+00,4.065354501360823214e+00,3.197516978300272150e+00,4.215078288480666124e+00
2.421012474284469196e+00,3.010384701807024221e+00,5.034259314493757742e+00,4.049581418722246973e+00,3.198073487248466851e+00,4.243246587061527464e+00
